5 10
0 190 101 
1 280 206 
2 218 207 
3 228 231 
4 323 396 
280 206 218 207 1.000000 218 207 190 101 1.768089 190 101 280 206 2.230245 
280 206 228 231 1.000000 228 231 190 101 2.347416 190 101 280 206 2.396866 
190 101 280 206 1.000000 280 206 323 396 1.408638 323 396 190 101 2.339923 
228 231 218 207 1.000000 218 207 190 101 4.216760 190 101 228 231 5.209232 
190 101 218 207 1.000000 218 207 323 396 1.972059 323 396 190 101 2.951550 
190 101 228 231 1.000000 228 231 323 396 1.405746 323 396 190 101 2.389216 
218 207 228 231 1.000000 228 231 280 206 2.219134 280 206 218 207 2.384926 
218 207 280 206 1.000000 280 206 323 396 3.141608 323 396 218 207 3.486776 
280 206 228 231 1.000000 228 231 323 396 3.299872 323 396 280 206 3.376317 
218 207 228 231 1.000000 228 231 323 396 7.322859 323 396 218 207 8.315701 