6 20
0 312 159 
1 197 245 
2 333 295 
3 228 311 
4 259 326 
5 244 329 
333 295 312 159 1.000000 312 159 197 245 1.043516 197 245 333 295 1.052962 
228 311 197 245 1.000000 197 245 312 159 1.969344 312 159 228 311 2.381674 
259 326 197 245 1.000000 197 245 312 159 1.407777 312 159 259 326 1.717647 
244 329 197 245 1.000000 197 245 312 159 1.491874 312 159 244 329 1.902196 
228 311 333 295 1.000000 333 295 312 159 1.295632 312 159 228 311 1.635091 
259 326 333 295 1.000000 333 295 312 159 1.715196 312 159 259 326 2.183802 
244 329 333 295 1.000000 333 295 312 159 1.444390 312 159 244 329 1.921794 
259 326 228 311 1.000000 228 311 312 159 5.042818 312 159 259 326 5.087597 
244 329 228 311 1.000000 228 311 312 159 7.211103 312 159 244 329 7.602631 
244 329 259 326 1.000000 259 326 312 159 11.453735 312 159 244 329 11.969334 
197 245 228 311 1.000000 228 311 333 295 1.456601 333 295 197 245 1.987170 
333 295 259 326 1.000000 259 326 197 245 1.271391 197 245 333 295 1.806037 
333 295 244 329 1.000000 244 329 197 245 1.010303 197 245 333 295 1.520888 
259 326 228 311 1.000000 228 311 197 245 2.117342 197 245 259 326 2.961957 
244 329 228 311 1.000000 228 311 197 245 3.027745 197 245 244 329 3.996766 
259 326 244 329 1.000000 244 329 197 245 6.292378 197 245 259 326 6.668269 
228 311 259 326 1.000000 259 326 333 295 2.329697 333 295 228 311 3.084121 
228 311 244 329 1.000000 244 329 333 295 3.956008 333 295 228 311 4.410215 
244 329 259 326 1.000000 259 326 333 295 5.244859 333 295 244 329 6.228210 
259 326 244 329 1.000000 244 329 228 311 1.574367 228 311 259 326 2.251305 