12 220
0 331 27 
1 354 29 
2 350 95 
3 249 159 
4 316 186 
5 210 239 
6 317 279 
7 282 317 
8 361 409 
9 421 415 
10 443 424 
11 289 473 
331 27 354 29 1.000000 354 29 350 95 2.864023 350 95 331 27 3.058222 
354 29 331 27 1.000000 331 27 249 159 6.730960 249 159 354 29 7.238240 
354 29 331 27 1.000000 331 27 316 186 6.917634 316 186 354 29 6.996783 
354 29 331 27 1.000000 331 27 210 239 10.573162 210 239 354 29 11.029212 
354 29 331 27 1.000000 331 27 317 279 10.932163 317 279 354 29 10.946656 
354 29 331 27 1.000000 331 27 282 317 12.739341 282 317 354 29 12.858590 
331 27 354 29 1.000000 354 29 361 409 16.462420 361 409 331 27 16.597204 
331 27 354 29 1.000000 354 29 421 415 16.969512 421 415 331 27 17.252348 
331 27 354 29 1.000000 354 29 443 424 17.538272 443 424 331 27 17.867188 
354 29 331 27 1.000000 331 27 289 473 19.403874 289 473 354 29 19.436769 
331 27 350 95 1.000000 350 95 249 159 1.693518 249 159 331 27 2.200939 
331 27 350 95 1.000000 350 95 316 186 1.375892 316 186 331 27 2.261979 
331 27 350 95 1.000000 350 95 210 239 2.844552 210 239 331 27 3.457291 
331 27 350 95 1.000000 350 95 317 279 2.647646 317 279 331 27 3.574680 
331 27 350 95 1.000000 350 95 282 317 3.288471 282 317 331 27 4.165604 
331 27 350 95 1.000000 350 95 361 409 4.450035 361 409 331 27 5.427077 
331 27 350 95 1.000000 350 95 421 415 4.642506 421 415 331 27 5.641301 
331 27 350 95 1.000000 350 95 443 424 4.842349 443 424 331 27 5.842345 
331 27 350 95 1.000000 350 95 289 473 5.423028 289 473 331 27 6.344822 
316 186 249 159 1.000000 249 159 331 27 2.151238 331 27 316 186 2.210900 
210 239 249 159 1.000000 249 159 331 27 1.746025 331 27 210 239 2.742701 
317 279 249 159 1.000000 249 159 331 27 1.126652 331 27 317 279 1.829864 
331 27 249 159 1.000000 249 159 282 317 1.038696 282 317 331 27 1.892649 
331 27 249 159 1.000000 249 159 361 409 1.762858 361 409 331 27 2.465801 
331 27 249 159 1.000000 249 159 421 415 1.984702 421 415 331 27 2.563134 
331 27 249 159 1.000000 249 159 443 424 2.113448 443 424 331 27 2.654479 
331 27 249 159 1.000000 249 159 289 473 2.036970 289 473 331 27 2.882780 
210 239 316 186 1.000000 316 186 331 27 1.347598 331 27 210 239 2.059717 
317 279 316 186 1.000000 316 186 331 27 1.717169 331 27 317 279 2.713699 
282 317 316 186 1.000000 316 186 331 27 1.180033 331 27 282 317 2.173118 
331 27 316 186 1.000000 316 186 361 409 1.424462 361 409 331 27 2.399260 
331 27 316 186 1.000000 316 186 421 415 1.577427 421 415 331 27 2.493967 
331 27 316 186 1.000000 316 186 443 424 1.689133 443 424 331 27 2.582847 
331 27 316 186 1.000000 316 186 289 473 1.804987 289 473 331 27 2.804987 
317 279 210 239 1.000000 210 239 331 27 2.136879 331 27 317 279 2.209434 
282 317 210 239 1.000000 210 239 331 27 2.299562 331 27 282 317 2.770685 
361 409 210 239 1.000000 210 239 331 27 1.073542 331 27 361 409 1.685191 
331 27 210 239 1.000000 210 239 421 415 1.125632 421 415 331 27 1.631711 
331 27 210 239 1.000000 210 239 443 424 1.218814 443 424 331 27 1.689862 
331 27 210 239 1.000000 210 239 289 473 1.011779 289 473 331 27 1.835201 
282 317 317 279 1.000000 317 279 331 27 4.885347 331 27 282 317 5.692936 
361 409 317 279 1.000000 317 279 331 27 1.838973 331 27 361 409 2.791928 
421 415 317 279 1.000000 317 279 331 27 1.474168 331 27 421 415 2.326425 
443 424 317 279 1.000000 317 279 331 27 1.313865 331 27 443 424 2.147340 
289 473 317 279 1.000000 317 279 331 27 1.287630 331 27 289 473 2.285459 
361 409 282 317 1.000000 282 317 331 27 2.425370 331 27 361 409 3.159847 
421 415 282 317 1.000000 282 317 331 27 1.729314 331 27 421 415 2.341937 
443 424 282 317 1.000000 282 317 331 27 1.521420 331 27 443 424 2.133822 
289 473 282 317 1.000000 282 317 331 27 1.883429 331 27 289 473 2.868737 
421 415 361 409 1.000000 361 409 331 27 6.354576 331 27 421 415 6.605412 
443 424 361 409 1.000000 361 409 331 27 4.596607 331 27 443 424 4.948330 
289 473 361 409 1.000000 361 409 331 27 3.977631 331 27 289 473 4.650269 
443 424 421 415 1.000000 421 415 331 27 16.756666 331 27 443 424 17.353840 
289 473 421 415 1.000000 421 415 331 27 2.762520 331 27 289 473 3.107032 
289 473 443 424 1.000000 443 424 331 27 2.552455 331 27 289 473 2.771982 
354 29 350 95 1.000000 350 95 249 159 1.808350 249 159 354 29 2.527298 
354 29 350 95 1.000000 350 95 316 186 1.469186 316 186 354 29 2.442991 
354 29 350 95 1.000000 350 95 210 239 3.037430 210 239 354 29 3.850951 
354 29 350 95 1.000000 350 95 317 279 2.827173 317 279 354 29 3.822126 
354 29 350 95 1.000000 350 95 282 317 3.511450 282 317 354 29 4.489695 
354 29 350 95 1.000000 350 95 361 409 4.751775 361 409 354 29 5.748006 
354 29 350 95 1.000000 350 95 421 415 4.957297 421 415 354 29 5.925062 
354 29 350 95 1.000000 350 95 443 424 5.170691 443 424 354 29 6.123650 
354 29 350 95 1.000000 350 95 289 473 5.790743 289 473 354 29 6.786527 
249 159 316 186 1.000000 316 186 354 29 2.236197 354 29 249 159 2.313367 
210 239 249 159 1.000000 249 159 354 29 1.877615 354 29 210 239 2.861002 
317 279 249 159 1.000000 249 159 354 29 1.211562 354 29 317 279 1.832290 
282 317 249 159 1.000000 249 159 354 29 1.035304 354 29 282 317 1.839196 
354 29 249 159 1.000000 249 159 361 409 1.639311 361 409 354 29 2.274368 
354 29 249 159 1.000000 249 159 421 415 1.845607 421 415 354 29 2.344425 
354 29 249 159 1.000000 249 159 443 424 1.965331 443 424 354 29 2.423002 
354 29 249 159 1.000000 249 159 289 473 1.894212 289 473 354 29 2.685289 
210 239 316 186 1.000000 316 186 354 29 1.363017 354 29 210 239 2.148559 
317 279 316 186 1.000000 316 186 354 29 1.736817 354 29 317 279 2.717296 
282 317 316 186 1.000000 316 186 354 29 1.193534 354 29 282 317 2.193460 
354 29 316 186 1.000000 316 186 361 409 1.408348 361 409 354 29 2.352856 
354 29 316 186 1.000000 316 186 421 415 1.559583 421 415 354 29 2.425331 
354 29 316 186 1.000000 316 186 443 424 1.670026 443 424 354 29 2.506619 
354 29 316 186 1.000000 316 186 289 473 1.784569 289 473 354 29 2.777958 
210 239 317 279 1.000000 317 279 354 29 2.212363 354 29 210 239 2.229048 
282 317 210 239 1.000000 210 239 354 29 2.398748 354 29 282 317 2.796621 
361 409 210 239 1.000000 210 239 354 29 1.119847 354 29 361 409 1.671505 
354 29 210 239 1.000000 210 239 421 415 1.079088 421 415 354 29 1.538597 
354 29 210 239 1.000000 210 239 443 424 1.168417 443 424 354 29 1.590165 
289 473 210 239 1.000000 210 239 354 29 1.030989 354 29 289 473 1.816910 
282 317 317 279 1.000000 317 279 354 29 4.891823 354 29 282 317 5.746226 
361 409 317 279 1.000000 317 279 354 29 1.841411 354 29 361 409 2.769255 
421 415 317 279 1.000000 317 279 354 29 1.476122 354 29 421 415 2.288286 
443 424 317 279 1.000000 317 279 354 29 1.315606 354 29 443 424 2.107809 
289 473 317 279 1.000000 317 279 354 29 1.289337 354 29 289 473 2.289333 
361 409 282 317 1.000000 282 317 354 29 2.448073 354 29 361 409 3.134186 
421 415 282 317 1.000000 282 317 354 29 1.745502 354 29 421 415 2.303543 
443 424 282 317 1.000000 282 317 354 29 1.535661 354 29 443 424 2.094541 
289 473 282 317 1.000000 282 317 354 29 1.901059 354 29 289 473 2.873600 
421 415 361 409 1.000000 361 409 354 29 6.302971 354 29 421 415 6.497122 
443 424 361 409 1.000000 361 409 354 29 4.559278 354 29 443 424 4.857237 
289 473 361 409 1.000000 361 409 354 29 3.945330 354 29 289 473 4.658152 
443 424 421 415 1.000000 421 415 354 29 16.481956 354 29 443 424 17.034374 
289 473 421 415 1.000000 421 415 354 29 2.717231 354 29 289 473 3.112299 
289 473 443 424 1.000000 443 424 354 29 2.505467 354 29 289 473 2.776681 
249 159 316 186 1.000000 316 186 350 95 1.344822 350 95 249 159 1.655276 
210 239 249 159 1.000000 249 159 350 95 1.343484 350 95 210 239 2.256609 
350 95 249 159 1.000000 249 159 317 279 1.153529 317 279 350 95 1.563400 
350 95 249 159 1.000000 249 159 282 317 1.349915 282 317 350 95 1.941798 
350 95 249 159 1.000000 249 159 361 409 2.291055 361 409 350 95 2.627686 
350 95 249 159 1.000000 249 159 421 415 2.579369 421 415 350 95 2.741338 
350 95 249 159 1.000000 249 159 443 424 2.746691 443 424 350 95 2.859343 
350 95 249 159 1.000000 249 159 289 473 2.647297 289 473 350 95 3.202226 
350 95 316 186 1.000000 316 186 210 239 1.219955 210 239 350 95 2.067423 
317 279 316 186 1.000000 316 186 350 95 1.044501 350 95 317 279 2.009946 
350 95 316 186 1.000000 316 186 282 317 1.393190 282 317 350 95 2.390065 
350 95 316 186 1.000000 316 186 361 409 2.341828 361 409 350 95 3.234290 
350 95 316 186 1.000000 316 186 421 415 2.593305 421 415 350 95 3.374178 
350 95 316 186 1.000000 316 186 443 424 2.776951 443 424 350 95 3.519425 
350 95 316 186 1.000000 316 186 289 473 2.967415 289 473 350 95 3.941463 
210 239 317 279 1.000000 317 279 350 95 1.636454 350 95 210 239 1.758158 
282 317 210 239 1.000000 210 239 350 95 1.892008 350 95 282 317 2.187274 
350 95 210 239 1.000000 210 239 361 409 1.132148 361 409 350 95 1.564406 
350 95 210 239 1.000000 210 239 421 415 1.368102 421 415 350 95 1.632069 
350 95 210 239 1.000000 210 239 443 424 1.481356 443 424 350 95 1.702324 
350 95 210 239 1.000000 210 239 289 473 1.229724 289 473 350 95 1.906461 
282 317 317 279 1.000000 317 279 350 95 3.618414 350 95 282 317 4.494199 
361 409 317 279 1.000000 317 279 350 95 1.362066 350 95 361 409 2.289294 
421 415 317 279 1.000000 317 279 350 95 1.091867 350 95 421 415 1.914531 
350 95 317 279 1.000000 317 279 443 424 1.027606 443 424 350 95 1.828926 
350 95 317 279 1.000000 317 279 289 473 1.048543 289 473 350 95 2.048245 
361 409 282 317 1.000000 282 317 350 95 1.914671 350 95 361 409 2.590976 
421 415 282 317 1.000000 282 317 350 95 1.365180 350 95 421 415 1.927296 
443 424 282 317 1.000000 282 317 350 95 1.201061 350 95 443 424 1.768590 
289 473 282 317 1.000000 282 317 350 95 1.486843 350 95 289 473 2.451958 
421 415 361 409 1.000000 361 409 350 95 5.210556 350 95 421 415 5.435920 
443 424 361 409 1.000000 361 409 350 95 3.769075 350 95 443 424 4.101357 
289 473 361 409 1.000000 361 409 350 95 3.261535 350 95 289 473 3.974664 
443 424 421 415 1.000000 421 415 350 95 13.789890 350 95 443 424 14.383496 
289 473 421 415 1.000000 421 415 350 95 2.273415 350 95 289 473 2.655633 
289 473 443 424 1.000000 443 424 350 95 2.115568 350 95 289 473 2.369260 
316 186 249 159 1.000000 249 159 210 239 1.232077 210 239 316 186 1.640623 
249 159 316 186 1.000000 316 186 317 279 1.287526 317 279 249 159 1.909409 
249 159 316 186 1.000000 316 186 282 317 1.873592 282 317 249 159 2.234482 
249 159 316 186 1.000000 316 186 361 409 3.149343 361 409 249 159 3.792329 
249 159 316 186 1.000000 316 186 421 415 3.487535 421 415 249 159 4.269567 
249 159 316 186 1.000000 316 186 443 424 3.734505 443 424 249 159 4.546531 
249 159 316 186 1.000000 316 186 289 473 3.990646 289 473 249 159 4.382008 
249 159 210 239 1.000000 210 239 317 279 1.283508 317 279 249 159 1.549747 
249 159 210 239 1.000000 210 239 282 317 1.192706 282 317 249 159 1.813589 
249 159 210 239 1.000000 210 239 361 409 2.554815 361 409 249 159 3.077996 
249 159 210 239 1.000000 210 239 421 415 3.087272 421 415 249 159 3.465340 
249 159 210 239 1.000000 210 239 443 424 3.342843 443 424 249 159 3.690135 
249 159 210 239 1.000000 210 239 289 473 2.775008 289 473 249 159 3.556601 
282 317 317 279 1.000000 317 279 249 159 2.669787 249 159 282 317 3.124313 
361 409 317 279 1.000000 317 279 249 159 1.004978 249 159 361 409 1.996014 
249 159 317 279 1.000000 317 279 421 415 1.241286 421 415 249 159 2.236068 
249 159 317 279 1.000000 317 279 443 424 1.392734 443 424 249 159 2.381120 
249 159 317 279 1.000000 317 279 289 473 1.421110 289 473 249 159 2.294956 
361 409 282 317 1.000000 282 317 249 159 1.331056 249 159 361 409 2.259048 
249 159 282 317 1.000000 282 317 421 415 1.053678 421 415 249 159 1.910764 
249 159 282 317 1.000000 282 317 443 424 1.197658 443 424 249 159 2.034714 
289 473 282 317 1.000000 282 317 249 159 1.033636 249 159 289 473 2.027047 
421 415 361 409 1.000000 361 409 249 159 4.543035 249 159 421 415 5.114745 
443 424 361 409 1.000000 361 409 249 159 3.286221 249 159 443 424 3.939772 
289 473 361 409 1.000000 361 409 249 159 2.843701 249 159 289 473 3.285876 
443 424 421 415 1.000000 421 415 249 159 12.975129 249 159 443 424 13.816817 
289 473 421 415 1.000000 421 415 249 159 2.139093 249 159 289 473 2.195426 
443 424 289 473 1.000000 289 473 249 159 1.958680 249 159 443 424 2.032219 
316 186 317 279 1.000000 317 279 210 239 1.228232 210 239 316 186 1.274245 
282 317 210 239 1.000000 210 239 316 186 1.116445 316 186 282 317 1.274981 
316 186 210 239 1.000000 210 239 361 409 1.918618 361 409 316 186 1.919602 
210 239 316 186 1.000000 316 186 421 415 2.125738 421 415 210 239 2.318483 
210 239 316 186 1.000000 316 186 443 424 2.276273 443 424 210 239 2.510413 
316 186 210 239 1.000000 210 239 289 473 2.083979 289 473 316 186 2.432397 
282 317 317 279 1.000000 317 279 316 186 1.800254 316 186 282 317 2.619708 
316 186 317 279 1.000000 317 279 361 409 1.475660 361 409 316 186 2.446042 
316 186 317 279 1.000000 317 279 421 415 1.840834 421 415 316 186 2.708710 
316 186 317 279 1.000000 317 279 443 424 2.065433 443 424 316 186 2.900528 
316 186 317 279 1.000000 317 279 289 473 2.107515 289 473 316 186 3.099469 
361 409 282 317 1.000000 282 317 316 186 1.116078 316 186 361 409 1.876029 
316 186 282 317 1.000000 282 317 421 415 1.256636 421 415 316 186 1.861416 
316 186 282 317 1.000000 282 317 443 424 1.428349 443 424 316 186 1.993233 
316 186 282 317 1.000000 282 317 289 473 1.153810 289 473 316 186 2.129944 
421 415 361 409 1.000000 361 409 316 186 3.772767 316 186 421 415 4.177906 
443 424 361 409 1.000000 361 409 316 186 2.729046 316 186 443 424 3.236115 
289 473 361 409 1.000000 361 409 316 186 2.361554 316 186 289 473 2.992411 
443 424 421 415 1.000000 421 415 316 186 10.598547 316 186 443 424 11.349087 
289 473 421 415 1.000000 421 415 316 186 1.747287 316 186 289 473 1.999350 
289 473 443 424 1.000000 443 424 316 186 1.669258 316 186 289 473 1.783749 
317 279 282 317 1.000000 282 317 210 239 2.054703 210 239 317 279 2.211130 
210 239 317 279 1.000000 317 279 361 409 1.201450 361 409 210 239 1.990494 
210 239 317 279 1.000000 317 279 421 415 1.498767 421 415 210 239 2.405339 
210 239 317 279 1.000000 317 279 443 424 1.681630 443 424 210 239 2.604458 
210 239 317 279 1.000000 317 279 289 473 1.715892 289 473 210 239 2.162049 
210 239 282 317 1.000000 282 317 361 409 1.142376 361 409 210 239 2.142032 
210 239 282 317 1.000000 282 317 421 415 1.602187 421 415 210 239 2.588460 
210 239 282 317 1.000000 282 317 443 424 1.821118 443 424 210 239 2.802738 
210 239 282 317 1.000000 282 317 289 473 1.471086 289 473 210 239 2.326649 
421 415 361 409 1.000000 361 409 210 239 3.770835 210 239 421 415 4.556726 
443 424 361 409 1.000000 361 409 210 239 2.727648 210 239 443 424 3.568986 
289 473 361 409 1.000000 361 409 210 239 2.360345 210 239 289 473 2.563777 
443 424 421 415 1.000000 421 415 210 239 11.559542 210 239 443 424 12.516467 
421 415 289 473 1.000000 289 473 210 239 1.712963 210 239 421 415 1.905717 
443 424 289 473 1.000000 289 473 210 239 1.528244 210 239 443 424 1.840960 
317 279 282 317 1.000000 282 317 361 409 2.347244 361 409 317 279 2.656563 
317 279 282 317 1.000000 282 317 421 415 3.292019 421 415 317 279 3.313969 
282 317 317 279 1.000000 317 279 443 424 3.718303 443 424 282 317 3.741858 
317 279 282 317 1.000000 282 317 289 473 3.022645 289 473 317 279 3.794062 
421 415 361 409 1.000000 361 409 317 279 2.276053 317 279 421 415 2.839297 
443 424 361 409 1.000000 361 409 317 279 1.646392 317 279 443 424 2.304400 
289 473 361 409 1.000000 361 409 317 279 1.424690 317 279 289 473 2.034720 
443 424 421 415 1.000000 421 415 317 279 7.202753 317 279 443 424 8.081553 
289 473 421 415 1.000000 421 415 317 279 1.187453 317 279 289 473 1.359478 
289 473 443 424 1.000000 443 424 317 279 1.188659 317 279 289 473 1.212878 
421 415 361 409 1.000000 361 409 282 317 2.011039 282 317 421 415 2.820491 
443 424 361 409 1.000000 361 409 282 317 1.454693 282 317 443 424 2.318998 
289 473 361 409 1.000000 361 409 282 317 1.258805 282 317 289 473 1.621016 
443 424 421 415 1.000000 421 415 282 317 7.155046 282 317 443 424 8.132748 
421 415 289 473 1.000000 289 473 282 317 1.083066 282 317 421 415 1.179588 
282 317 289 473 1.000000 289 473 443 424 1.034904 443 424 282 317 1.237942 
443 424 421 415 1.000000 421 415 361 409 2.536809 361 409 443 424 3.507009 
421 415 361 409 1.000000 361 409 289 473 1.597578 289 473 421 415 2.391082 
443 424 361 409 1.000000 361 409 289 473 1.155614 289 473 443 424 1.938655 
443 424 421 415 1.000000 421 415 289 473 6.065717 289 473 443 424 6.798881 