11 165
0 233 88 
1 487 192 
2 560 193 
3 581 247 
4 312 276 
5 622 287 
6 237 293 
7 461 296 
8 147 310 
9 473 388 
10 346 415 
560 193 487 192 1.000000 487 192 233 88 3.759466 233 88 560 193 4.704275 
581 247 487 192 1.000000 487 192 233 88 2.520166 233 88 581 247 3.513077 
487 192 312 276 1.000000 312 276 233 88 1.050527 233 88 487 192 1.413932 
622 287 487 192 1.000000 487 192 233 88 1.662672 233 88 622 287 2.646944 
233 88 237 293 1.000000 237 293 487 192 1.315024 487 192 233 88 1.338607 
461 296 487 192 1.000000 487 192 233 88 2.560306 233 88 461 296 2.878923 
147 310 233 88 1.000000 233 88 487 192 1.152855 487 192 147 310 1.511681 
473 388 487 192 1.000000 487 192 233 88 1.396782 233 88 473 388 1.955159 
346 415 487 192 1.000000 487 192 233 88 1.040289 233 88 346 415 1.311317 
581 247 560 193 1.000000 560 193 233 88 5.927624 233 88 581 247 6.603476 
233 88 312 276 1.000000 312 276 560 193 1.282441 560 193 233 88 1.684178 
622 287 560 193 1.000000 560 193 233 88 3.049978 233 88 622 287 3.880327 
233 88 237 293 1.000000 237 293 560 193 1.649080 560 193 233 88 1.675019 
560 193 461 296 1.000000 461 296 233 88 2.160262 233 88 560 193 2.404002 
147 310 233 88 1.000000 233 88 560 193 1.442585 560 193 147 310 1.803010 
473 388 560 193 1.000000 560 193 233 88 1.608431 233 88 473 388 1.799241 
346 415 560 193 1.000000 560 193 233 88 1.113812 233 88 346 415 1.122016 
233 88 312 276 1.000000 312 276 581 247 1.326762 581 247 233 88 1.876203 
622 287 581 247 1.000000 581 247 233 88 6.679519 233 88 622 287 7.628249 
233 88 237 293 1.000000 237 293 581 247 1.692663 581 247 233 88 1.866001 
581 247 461 296 1.000000 461 296 233 88 2.381005 233 88 581 247 2.951758 
147 310 233 88 1.000000 233 88 581 247 1.607065 581 247 147 310 1.842057 
473 388 581 247 1.000000 581 247 233 88 2.154185 233 88 473 388 2.163107 
581 247 346 415 1.000000 346 415 233 88 1.197658 233 88 581 247 1.324457 
233 88 312 276 1.000000 312 276 622 287 1.521131 622 287 233 88 2.142691 
237 293 312 276 1.000000 312 276 233 88 2.651720 233 88 237 293 2.666219 
461 296 312 276 1.000000 312 276 233 88 1.356452 233 88 461 296 2.052883 
147 310 312 276 1.000000 312 276 233 88 1.210471 233 88 147 310 1.413192 
473 388 312 276 1.000000 312 276 233 88 1.039766 233 88 473 388 1.958891 
346 415 312 276 1.000000 312 276 233 88 1.425067 233 88 346 415 2.417744 
233 88 237 293 1.000000 237 293 622 287 1.877919 622 287 233 88 2.131039 
622 287 461 296 1.000000 461 296 233 88 1.913923 233 88 622 287 2.709721 
147 310 233 88 1.000000 233 88 622 287 1.835325 622 287 147 310 1.997502 
622 287 473 388 1.000000 473 388 233 88 2.134309 233 88 622 287 2.427404 
622 287 346 415 1.000000 346 415 233 88 1.137187 233 88 622 287 1.436205 
233 88 237 293 1.000000 237 293 461 296 1.092573 461 296 233 88 1.505190 
147 310 237 293 1.000000 237 293 233 88 2.238625 233 88 147 310 2.599320 
233 88 237 293 1.000000 237 293 473 388 1.240755 473 388 233 88 1.873728 
346 415 237 293 1.000000 237 293 233 88 1.253294 233 88 346 415 2.114754 
147 310 233 88 1.000000 233 88 461 296 1.296322 461 296 147 310 1.320219 
473 388 461 296 1.000000 461 296 233 88 3.326418 233 88 473 388 4.140874 
346 415 461 296 1.000000 461 296 233 88 1.864935 233 88 346 415 2.090639 
233 88 147 310 1.000000 147 310 473 388 1.407962 473 388 233 88 1.613720 
346 415 147 310 1.000000 147 310 233 88 1.058103 233 88 346 415 1.537647 
473 388 346 415 1.000000 346 415 233 88 2.664652 233 88 473 388 2.958967 
581 247 560 193 1.000000 560 193 487 192 1.260050 487 192 581 247 1.879685 
560 193 487 192 1.000000 487 192 312 276 2.658873 312 276 560 193 3.582137 
487 192 560 193 1.000000 560 193 622 287 1.542396 622 287 487 192 2.261099 
560 193 487 192 1.000000 487 192 237 293 3.693232 237 293 560 193 4.631425 
560 193 487 192 1.000000 487 192 461 296 1.468366 461 296 560 193 1.956852 
560 193 487 192 1.000000 487 192 147 310 4.929598 147 310 560 193 5.879624 
560 193 487 192 1.000000 487 192 473 388 2.691520 473 388 560 193 2.924760 
560 193 487 192 1.000000 487 192 346 415 3.613867 346 415 560 193 4.223583 
581 247 487 192 1.000000 487 192 312 276 1.782381 312 276 581 247 2.484282 
622 287 581 247 1.000000 581 247 487 192 1.901330 487 192 622 287 2.881908 
581 247 487 192 1.000000 487 192 237 293 2.475766 237 293 581 247 3.186738 
461 296 487 192 1.000000 487 192 581 247 1.015928 581 247 461 296 1.209121 
581 247 487 192 1.000000 487 192 147 310 3.304566 147 310 581 247 4.026774 
487 192 581 247 1.000000 581 247 473 388 1.630815 473 388 487 192 1.804266 
581 247 487 192 1.000000 487 192 346 415 2.422563 346 415 581 247 2.652467 
622 287 487 192 1.000000 487 192 312 276 1.175920 312 276 622 287 1.879108 
237 293 312 276 1.000000 312 276 487 192 2.524181 487 192 237 293 3.506142 
487 192 461 296 1.000000 461 296 312 276 1.402381 312 276 487 192 1.810770 
147 310 312 276 1.000000 312 276 487 192 1.152252 487 192 147 310 2.136295 
487 192 312 276 1.000000 312 276 473 388 1.010350 473 388 487 192 1.012278 
346 415 312 276 1.000000 312 276 487 192 1.356526 487 192 346 415 1.843753 
622 287 487 192 1.000000 487 192 237 293 1.633379 237 293 622 287 2.332546 
487 192 461 296 1.000000 461 296 622 287 1.504200 622 287 487 192 1.539875 
622 287 487 192 1.000000 487 192 147 310 2.180178 147 310 622 287 2.880838 
487 192 622 287 1.000000 622 287 473 388 1.090442 473 388 487 192 1.190359 
622 287 487 192 1.000000 487 192 346 415 1.598279 346 415 622 287 1.843013 
487 192 461 296 1.000000 461 296 237 293 2.089725 237 293 487 192 2.515199 
147 310 237 293 1.000000 237 293 487 192 2.943846 487 192 147 310 3.929344 
487 192 473 388 1.000000 473 388 237 293 1.294677 237 293 487 192 1.372174 
237 293 346 415 1.000000 346 415 487 192 1.612695 487 192 237 293 1.648111 
487 192 461 296 1.000000 461 296 147 310 2.931994 147 310 487 192 3.357201 
473 388 461 296 1.000000 461 296 487 192 1.155438 487 192 473 388 2.117922 
487 192 461 296 1.000000 461 296 346 415 1.543713 346 415 487 192 2.461150 
487 192 473 388 1.000000 473 388 147 310 1.705865 147 310 487 192 1.831530 
147 310 346 415 1.000000 346 415 487 192 1.172598 487 192 147 310 1.599515 
346 415 473 388 1.000000 473 388 487 192 1.513415 487 192 346 415 2.032043 
581 247 560 193 1.000000 560 193 312 276 4.513674 312 276 581 247 4.669666 
622 287 581 247 1.000000 581 247 560 193 1.011516 560 193 622 287 1.965878 
581 247 560 193 1.000000 560 193 237 293 5.835829 237 293 581 247 5.990062 
560 193 581 247 1.000000 581 247 461 296 2.237133 461 296 560 193 2.465732 
581 247 560 193 1.000000 560 193 147 310 7.408623 147 310 581 247 7.569064 
560 193 581 247 1.000000 581 247 473 388 3.065417 473 388 560 193 3.685345 
560 193 581 247 1.000000 581 247 346 415 4.985801 346 415 560 193 5.321927 
622 287 560 193 1.000000 560 193 312 276 2.322449 312 276 622 287 2.754706 
237 293 312 276 1.000000 312 276 560 193 3.400675 560 193 237 293 4.396808 
560 193 461 296 1.000000 461 296 312 276 1.052307 312 276 560 193 1.830562 
147 310 312 276 1.000000 312 276 560 193 1.552358 560 193 147 310 2.547999 
312 276 473 388 1.000000 473 388 560 193 1.088732 560 193 312 276 1.333438 
346 415 312 276 1.000000 312 276 560 193 1.827564 560 193 346 415 2.154822 
622 287 560 193 1.000000 560 193 237 293 3.002746 237 293 622 287 3.419431 
622 287 560 193 1.000000 560 193 461 296 1.268709 461 296 622 287 1.432002 
622 287 560 193 1.000000 560 193 147 310 3.812006 147 310 622 287 4.223208 
560 193 622 287 1.000000 622 287 473 388 1.598550 473 388 560 193 1.896244 
560 193 622 287 1.000000 622 287 346 415 2.701793 346 415 560 193 2.738325 
560 193 461 296 1.000000 461 296 237 293 1.568070 237 293 560 193 2.366774 
147 310 237 293 1.000000 237 293 560 193 3.691672 560 193 147 310 4.686602 
560 193 473 388 1.000000 473 388 237 293 1.191431 237 293 560 193 1.583523 
237 293 346 415 1.000000 346 415 560 193 1.884781 560 193 237 293 2.066782 
560 193 461 296 1.000000 461 296 147 310 2.200085 147 310 560 193 3.004635 
473 388 461 296 1.000000 461 296 560 193 1.539821 560 193 473 388 2.301456 
560 193 461 296 1.000000 461 296 346 415 1.158358 346 415 560 193 2.158356 
560 193 473 388 1.000000 473 388 147 310 1.569828 147 310 560 193 2.010293 
147 310 346 415 1.000000 346 415 560 193 1.370433 560 193 147 310 1.907772 
346 415 473 388 1.000000 473 388 560 193 1.644564 560 193 346 415 2.374879 
622 287 581 247 1.000000 581 247 312 276 4.723440 312 276 622 287 5.415416 
237 293 312 276 1.000000 312 276 581 247 3.518202 581 247 237 293 4.513011 
581 247 461 296 1.000000 461 296 312 276 1.159835 312 276 581 247 2.087343 
147 310 312 276 1.000000 312 276 581 247 1.606008 581 247 147 310 2.603179 
581 247 473 388 1.000000 473 388 312 276 1.104250 312 276 581 247 1.523338 
346 415 312 276 1.000000 312 276 581 247 1.890725 581 247 346 415 2.018726 
622 287 581 247 1.000000 581 247 237 293 6.059041 237 293 622 287 6.722183 
622 287 581 247 1.000000 581 247 461 296 2.262895 461 296 622 287 2.815142 
622 287 581 247 1.000000 581 247 147 310 7.656226 147 310 622 287 8.302311 
622 287 581 247 1.000000 581 247 473 388 3.100717 473 388 622 287 3.142554 
622 287 581 247 1.000000 581 247 346 415 5.043215 346 415 622 287 5.311394 
581 247 461 296 1.000000 461 296 237 293 1.728301 237 293 581 247 2.677561 
147 310 237 293 1.000000 237 293 581 247 3.789238 581 247 147 310 4.788095 
581 247 473 388 1.000000 473 388 237 293 1.432377 237 293 581 247 1.954077 
237 293 346 415 1.000000 346 415 581 247 1.765741 581 247 237 293 2.121404 
581 247 461 296 1.000000 461 296 147 310 2.424897 147 310 581 247 3.383376 
473 388 461 296 1.000000 461 296 581 247 1.397064 581 247 473 388 1.914318 
581 247 461 296 1.000000 461 296 346 415 1.276723 346 415 581 247 2.228656 
581 247 473 388 1.000000 473 388 147 310 1.887299 147 310 581 247 2.469179 
147 310 346 415 1.000000 346 415 581 247 1.283878 581 247 147 310 1.949086 
346 415 473 388 1.000000 473 388 581 247 1.367925 581 247 346 415 2.224885 
237 293 312 276 1.000000 312 276 622 287 4.033613 622 287 237 293 5.006945 
312 276 461 296 1.000000 461 296 622 287 1.072604 622 287 312 276 2.063341 
147 310 312 276 1.000000 312 276 622 287 1.841285 622 287 147 310 2.822853 
622 287 473 388 1.000000 473 388 312 276 1.089549 312 276 622 287 1.723253 
312 276 346 415 1.000000 346 415 622 287 2.126075 622 287 312 276 2.167713 
237 293 312 276 1.000000 312 276 461 296 1.954894 461 296 237 293 2.913039 
312 276 237 293 1.000000 237 293 147 310 1.191007 147 310 312 276 2.190651 
237 293 312 276 1.000000 312 276 473 388 2.550306 473 388 237 293 3.308125 
237 293 312 276 1.000000 312 276 346 415 1.860769 346 415 237 293 2.127370 
461 296 312 276 1.000000 312 276 147 310 1.120598 147 310 461 296 2.090726 
473 388 461 296 1.000000 461 296 312 276 1.620364 312 276 473 388 2.113887 
346 415 312 276 1.000000 312 276 461 296 1.050584 461 296 346 415 1.156461 
147 310 312 276 1.000000 312 276 473 388 1.164177 473 388 147 310 1.989720 
346 415 312 276 1.000000 312 276 147 310 1.177282 147 310 346 415 1.572366 
473 388 346 415 1.000000 346 415 312 276 1.102123 312 276 473 388 1.510532 
622 287 461 296 1.000000 461 296 237 293 1.389260 237 293 622 287 2.387867 
147 310 237 293 1.000000 237 293 622 287 4.203958 622 287 147 310 5.192148 
622 287 473 388 1.000000 473 388 237 293 1.413308 237 293 622 287 2.139083 
237 293 346 415 1.000000 346 415 622 287 1.859636 622 287 237 293 2.353585 
622 287 461 296 1.000000 461 296 147 310 1.949205 147 310 622 287 2.949163 
473 388 461 296 1.000000 461 296 622 287 1.738010 622 287 473 388 1.940148 
622 287 461 296 1.000000 461 296 346 415 1.026268 346 415 622 287 1.886724 
622 287 473 388 1.000000 473 388 147 310 1.862173 147 310 622 287 2.641899 
147 310 346 415 1.000000 346 415 622 287 1.352150 622 287 147 310 2.113564 
346 415 473 388 1.000000 473 388 622 287 1.386382 622 287 346 415 2.343196 
147 310 237 293 1.000000 237 293 461 296 2.445862 461 296 147 310 3.431672 
473 388 461 296 1.000000 461 296 237 293 2.414548 237 293 473 388 2.742025 
237 293 346 415 1.000000 346 415 461 296 1.011534 461 296 237 293 1.369315 
147 310 237 293 1.000000 237 293 473 388 2.777586 473 388 147 310 3.659745 
147 310 237 293 1.000000 237 293 346 415 1.786194 346 415 147 310 2.456585 
473 388 346 415 1.000000 346 415 237 293 1.260029 237 293 473 388 1.959384 
473 388 461 296 1.000000 461 296 147 310 3.387738 147 310 473 388 3.612890 
461 296 346 415 1.000000 346 415 147 310 1.359636 147 310 461 296 1.899313 
461 296 473 388 1.000000 473 388 346 415 1.399432 346 415 461 296 1.783665 
473 388 346 415 1.000000 346 415 147 310 1.732941 147 310 473 388 2.581683 