9 84
0 326 123 
1 241 192 
2 605 216 
3 380 249 
4 489 252 
5 256 261 
6 497 263 
7 274 268 
8 616 269 
241 192 326 123 1.000000 326 123 605 216 2.686246 605 216 241 192 3.332009 
241 192 326 123 1.000000 326 123 380 249 1.252130 380 249 241 192 1.372235 
241 192 326 123 1.000000 326 123 489 252 1.898694 489 252 241 192 2.330594 
256 261 241 192 1.000000 241 192 326 123 1.550462 326 123 256 261 2.191403 
241 192 326 123 1.000000 326 123 497 263 2.018623 497 263 241 192 2.426579 
274 268 241 192 1.000000 241 192 326 123 1.321347 326 123 274 268 1.859171 
241 192 326 123 1.000000 326 123 616 269 2.965624 616 269 241 192 3.496727 
326 123 380 249 1.000000 380 249 605 216 1.658890 605 216 326 123 2.145342 
605 216 489 252 1.000000 489 252 326 123 1.711460 326 123 605 216 2.421350 
256 261 326 123 1.000000 326 123 605 216 1.900573 605 216 256 261 2.274090 
605 216 497 263 1.000000 497 263 326 123 1.876321 326 123 605 216 2.496880 
274 268 326 123 1.000000 326 123 605 216 1.909164 605 216 274 268 2.175116 
616 269 605 216 1.000000 605 216 326 123 5.433118 326 123 616 269 5.998179 
489 252 380 249 1.000000 380 249 326 123 1.257175 326 123 489 252 1.906344 
256 261 380 249 1.000000 380 249 326 123 1.100375 326 123 256 261 1.242088 
497 263 380 249 1.000000 380 249 326 123 1.163358 326 123 497 263 1.875510 
274 268 380 249 1.000000 380 249 326 123 1.272957 326 123 274 268 1.430431 
326 123 380 249 1.000000 380 249 616 269 1.727744 616 269 326 123 2.368464 
256 261 326 123 1.000000 326 123 489 252 1.343364 489 252 256 261 1.506889 
497 263 489 252 1.000000 489 252 326 123 15.282918 326 123 497 263 16.248243 
274 268 326 123 1.000000 326 123 489 252 1.349436 489 252 274 268 1.399581 
616 269 489 252 1.000000 489 252 326 123 1.622303 326 123 616 269 2.533921 
256 261 326 123 1.000000 326 123 497 263 1.428216 497 263 256 261 1.557520 
256 261 274 268 1.000000 274 268 326 123 7.976003 326 123 256 261 8.012055 
256 261 326 123 1.000000 326 123 616 269 2.098239 616 269 256 261 2.327080 
274 268 326 123 1.000000 326 123 497 263 1.434672 497 263 274 268 1.448019 
616 269 497 263 1.000000 497 263 326 123 1.854787 326 123 616 269 2.724928 
274 268 326 123 1.000000 326 123 616 269 2.107723 616 269 274 268 2.220180 
241 192 380 249 1.000000 380 249 605 216 1.513695 605 216 241 192 2.428161 
605 216 489 252 1.000000 489 252 241 192 2.100769 241 192 605 216 3.003433 
241 192 256 261 1.000000 256 261 605 216 4.983446 605 216 241 192 5.166152 
605 216 497 263 1.000000 497 263 241 192 2.255519 241 192 605 216 3.097121 
241 192 274 268 1.000000 274 268 605 216 4.043914 605 216 241 192 4.402740 
616 269 605 216 1.000000 605 216 241 192 6.739218 241 192 616 269 7.072371 
489 252 380 249 1.000000 380 249 241 192 1.377764 241 192 489 252 2.339984 
241 192 256 261 1.000000 256 261 380 249 1.764289 380 249 241 192 2.127598 
497 263 380 249 1.000000 380 249 241 192 1.274949 241 192 497 263 2.254544 
241 192 274 268 1.000000 274 268 380 249 1.299728 380 249 241 192 1.813199 
241 192 380 249 1.000000 380 249 616 269 1.576522 616 269 241 192 2.548197 
241 192 256 261 1.000000 256 261 489 252 3.302201 489 252 241 192 3.613497 
497 263 489 252 1.000000 489 252 241 192 18.759358 241 192 497 263 19.531956 
241 192 274 268 1.000000 274 268 489 252 2.602061 489 252 241 192 3.079524 
616 269 489 252 1.000000 489 252 241 192 1.991332 241 192 616 269 2.987712 
241 192 256 261 1.000000 256 261 497 263 3.413154 497 263 241 192 3.762318 
274 268 256 261 1.000000 256 261 241 192 3.656131 241 192 274 268 4.290085 
241 192 256 261 1.000000 256 261 616 269 5.099570 616 269 241 192 5.421540 
241 192 274 268 1.000000 274 268 497 263 2.692116 497 263 241 192 3.206353 
616 269 497 263 1.000000 497 263 241 192 2.229633 241 192 616 269 3.212925 
241 192 274 268 1.000000 274 268 616 269 4.127696 616 269 241 192 4.620389 
380 249 489 252 1.000000 489 252 605 216 1.113870 605 216 380 249 2.085514 
256 261 380 249 1.000000 380 249 605 216 1.825401 605 216 256 261 2.824620 
605 216 497 263 1.000000 497 263 380 249 1.000432 380 249 605 216 1.930718 
274 268 380 249 1.000000 380 249 605 216 2.111695 605 216 274 268 3.111354 
616 269 605 216 1.000000 605 216 380 249 4.201170 380 249 616 269 4.375545 
605 216 489 252 1.000000 489 252 256 261 1.919792 256 261 605 216 2.897213 
489 252 497 263 1.000000 497 263 605 216 8.659630 605 216 489 252 8.929756 
605 216 489 252 1.000000 489 252 274 268 1.775057 274 268 605 216 2.758651 
616 269 605 216 1.000000 605 216 489 252 2.243839 489 252 616 269 2.367153 
605 216 497 263 1.000000 497 263 256 261 2.046194 256 261 605 216 2.987588 
256 261 274 268 1.000000 274 268 605 216 17.348733 605 216 256 261 18.220131 
616 269 605 216 1.000000 605 216 256 261 6.500879 256 261 616 269 6.652362 
605 216 497 263 1.000000 497 263 274 268 1.893777 274 268 605 216 2.844703 
616 269 605 216 1.000000 605 216 497 263 2.175962 497 263 616 269 2.201225 
616 269 605 216 1.000000 605 216 274 268 6.189968 274 268 616 269 6.318211 
489 252 380 249 1.000000 380 249 256 261 1.142497 256 261 489 252 2.138399 
497 263 489 252 1.000000 489 252 380 249 8.016874 380 249 497 263 8.663374 
274 268 380 249 1.000000 380 249 489 252 1.012554 489 252 274 268 2.002004 
380 249 489 252 1.000000 489 252 616 269 1.175085 616 269 380 249 2.172076 
497 263 380 249 1.000000 380 249 256 261 1.057238 256 261 497 263 2.045310 
256 261 274 268 1.000000 274 268 380 249 5.575944 380 249 256 261 6.450471 
256 261 380 249 1.000000 380 249 616 269 1.901166 616 269 256 261 2.890439 
274 268 380 249 1.000000 380 249 497 263 1.094209 497 263 274 268 2.071291 
380 249 497 263 1.000000 497 263 616 269 1.011173 616 269 380 249 2.009986 
274 268 380 249 1.000000 380 249 616 269 2.199344 616 269 274 268 3.175815 
497 263 489 252 1.000000 489 252 256 261 17.143275 256 261 497 263 17.719283 
256 261 274 268 1.000000 274 268 489 252 11.163061 489 252 256 261 12.073279 
616 269 489 252 1.000000 489 252 256 261 1.819783 256 261 616 269 2.810280 
497 263 489 252 1.000000 489 252 274 268 15.850825 274 268 497 263 16.399407 
489 252 497 263 1.000000 497 263 616 269 8.760168 616 269 489 252 9.420507 
616 269 489 252 1.000000 489 252 274 268 1.682587 274 268 616 269 2.669118 
256 261 274 268 1.000000 274 268 497 263 11.549404 497 263 256 261 12.478937 
616 269 497 263 1.000000 497 263 256 261 2.022710 256 261 616 269 3.022118 
256 261 274 268 1.000000 274 268 616 269 17.708164 616 269 256 261 18.644695 
616 269 497 263 1.000000 497 263 274 268 1.872043 274 268 616 269 2.870316 