10 120
0 303 96 
1 232 176 
2 111 188 
3 153 203 
4 61 215 
5 80 258 
6 255 264 
7 318 282 
8 235 352 
9 257 400 
303 96 232 176 1.000000 232 176 111 188 1.136786 111 188 303 96 1.990450 
153 203 232 176 1.000000 232 176 303 96 1.281196 303 96 153 203 2.206973 
303 96 232 176 1.000000 232 176 61 215 1.639741 61 215 303 96 2.521215 
303 96 232 176 1.000000 232 176 80 258 1.614656 80 258 303 96 2.576900 
255 264 232 176 1.000000 232 176 303 96 1.175981 303 96 255 264 1.920957 
303 96 232 176 1.000000 232 176 318 282 1.276138 318 282 303 96 1.744571 
303 96 232 176 1.000000 232 176 235 352 1.645674 235 352 303 96 2.476354 
303 96 232 176 1.000000 232 176 257 400 2.107192 257 400 303 96 2.874468 
111 188 153 203 1.000000 153 203 303 96 4.131389 303 96 111 188 4.773818 
61 215 111 188 1.000000 111 188 303 96 3.746703 303 96 61 215 4.745783 
80 258 111 188 1.000000 111 188 303 96 2.780977 303 96 80 258 3.600342 
111 188 255 264 1.000000 255 264 303 96 1.073070 303 96 111 188 1.307561 
318 282 303 96 1.000000 303 96 111 188 1.140940 111 188 318 282 1.218321 
235 352 111 188 1.000000 111 188 303 96 1.035516 303 96 235 352 1.288304 
303 96 111 188 1.000000 111 188 257 400 1.209045 257 400 303 96 1.444130 
61 215 153 203 1.000000 153 203 303 96 1.985923 303 96 61 215 2.906637 
80 258 153 203 1.000000 153 203 303 96 2.015887 303 96 80 258 3.015660 
153 203 255 264 1.000000 255 264 303 96 1.470127 303 96 153 203 1.550313 
318 282 153 203 1.000000 153 203 303 96 1.007190 303 96 318 282 1.020044 
235 352 153 203 1.000000 153 203 303 96 1.083370 303 96 235 352 1.557428 
303 96 153 203 1.000000 153 203 257 400 1.209029 257 400 303 96 1.668691 
80 258 61 215 1.000000 61 215 303 96 5.736483 303 96 80 258 5.863184 
303 96 255 264 1.000000 255 264 61 215 1.145201 61 215 303 96 1.543450 
303 96 318 282 1.000000 318 282 61 215 1.423282 61 215 303 96 1.445178 
61 215 235 352 1.000000 235 352 303 96 1.196045 303 96 61 215 1.217712 
257 400 61 215 1.000000 61 215 303 96 1.000578 303 96 257 400 1.140771 
303 96 255 264 1.000000 255 264 80 258 1.002176 80 258 303 96 1.577540 
303 96 318 282 1.000000 318 282 80 258 1.281898 80 258 303 96 1.477097 
80 258 235 352 1.000000 235 352 303 96 1.461182 303 96 80 258 1.520510 
257 400 80 258 1.000000 80 258 303 96 1.214662 303 96 257 400 1.354925 
318 282 255 264 1.000000 255 264 303 96 2.666667 303 96 318 282 2.848001 
235 352 255 264 1.000000 255 264 303 96 1.936111 303 96 235 352 2.935120 
257 400 255 264 1.000000 255 264 303 96 1.284586 303 96 257 400 2.260495 
235 352 318 282 1.000000 318 282 303 96 1.718629 303 96 235 352 2.439531 
257 400 318 282 1.000000 318 282 303 96 1.404785 303 96 257 400 2.314614 
257 400 235 352 1.000000 235 352 303 96 5.016472 303 96 257 400 5.822950 
111 188 153 203 1.000000 153 203 232 176 1.871970 232 176 111 188 2.726423 
61 215 111 188 1.000000 111 188 232 176 2.139817 232 176 61 215 3.086550 
80 258 111 188 1.000000 111 188 232 176 1.588272 232 176 80 258 2.255933 
255 264 232 176 1.000000 232 176 111 188 1.336839 111 188 255 264 1.790151 
111 188 232 176 1.000000 232 176 318 282 1.122585 318 282 111 188 1.869699 
111 188 232 176 1.000000 232 176 235 352 1.447655 235 352 111 188 1.690891 
111 188 232 176 1.000000 232 176 257 400 1.853640 257 400 111 188 2.116972 
232 176 153 203 1.000000 153 203 61 215 1.111309 61 215 232 176 2.100830 
232 176 153 203 1.000000 153 203 80 258 1.094790 80 258 232 176 2.068691 
153 203 232 176 1.000000 232 176 255 264 1.089470 255 264 153 203 1.423567 
153 203 232 176 1.000000 232 176 318 282 1.634983 318 282 153 203 2.191218 
232 176 153 203 1.000000 153 203 235 352 2.037137 235 352 232 176 2.108431 
232 176 153 203 1.000000 153 203 257 400 2.668295 257 400 232 176 2.699726 
61 215 80 258 1.000000 80 258 232 176 3.673804 232 176 61 215 3.730879 
255 264 232 176 1.000000 232 176 61 215 1.928305 61 215 255 264 2.199881 
318 282 232 176 1.000000 232 176 61 215 1.284924 61 215 318 282 1.945727 
61 215 232 176 1.000000 232 176 235 352 1.003618 235 352 61 215 1.262671 
61 215 232 176 1.000000 232 176 257 400 1.285076 257 400 61 215 1.536681 
255 264 232 176 1.000000 232 176 80 258 1.898806 80 258 255 264 1.925137 
318 282 232 176 1.000000 232 176 80 258 1.265267 80 258 318 282 1.752444 
80 258 232 176 1.000000 232 176 235 352 1.019210 235 352 80 258 1.049611 
80 258 232 176 1.000000 232 176 257 400 1.305041 257 400 80 258 1.313899 
318 282 255 264 1.000000 255 264 232 176 1.388197 232 176 318 282 2.083288 
235 352 255 264 1.000000 255 264 232 176 1.007889 232 176 235 352 1.950549 
232 176 255 264 1.000000 255 264 257 400 1.495390 257 400 232 176 2.478019 
235 352 318 282 1.000000 318 282 232 176 1.257162 232 176 235 352 1.621203 
257 400 318 282 1.000000 318 282 232 176 1.027588 232 176 257 400 1.696779 
257 400 235 352 1.000000 235 352 232 176 3.333722 232 176 257 400 4.268642 
153 203 111 188 1.000000 111 188 61 215 1.274138 61 215 153 203 2.080337 
153 203 111 188 1.000000 111 188 80 258 1.716597 80 258 153 203 2.049415 
111 188 153 203 1.000000 153 203 255 264 2.664875 255 264 111 188 3.650933 
111 188 153 203 1.000000 153 203 318 282 4.101895 318 282 111 188 5.097590 
111 188 153 203 1.000000 153 203 235 352 3.813461 235 352 111 188 4.610086 
111 188 153 203 1.000000 153 203 257 400 4.994970 257 400 111 188 5.771761 
80 258 61 215 1.000000 61 215 111 188 1.208754 111 188 80 258 1.628507 
61 215 111 188 1.000000 111 188 255 264 2.865413 255 264 61 215 3.521249 
61 215 111 188 1.000000 111 188 318 282 4.000813 318 282 61 215 4.673880 
61 215 111 188 1.000000 111 188 235 352 3.618198 235 352 61 215 3.897296 
61 215 111 188 1.000000 111 188 257 400 4.529932 257 400 61 215 4.743041 
80 258 111 188 1.000000 111 188 255 264 2.126843 255 264 80 258 2.287217 
80 258 111 188 1.000000 111 188 318 282 2.969589 318 282 80 258 3.124554 
111 188 80 258 1.000000 80 258 235 352 2.367852 235 352 111 188 2.685595 
111 188 80 258 1.000000 80 258 257 400 2.964069 257 400 111 188 3.362326 
318 282 255 264 1.000000 255 264 111 188 2.485082 111 188 318 282 3.469779 
235 352 255 264 1.000000 255 264 111 188 1.804273 111 188 235 352 2.278282 
257 400 255 264 1.000000 255 264 111 188 1.197114 111 188 257 400 1.892517 
318 282 235 352 1.000000 235 352 111 188 1.893599 111 188 318 282 2.093841 
257 400 318 282 1.000000 318 282 111 188 1.711478 111 188 257 400 1.937826 
257 400 235 352 1.000000 235 352 111 188 3.893857 111 188 257 400 4.875053 
61 215 80 258 1.000000 80 258 153 203 1.944245 153 203 61 215 1.973581 
61 215 153 203 1.000000 153 203 255 264 1.280982 255 264 61 215 2.156650 
61 215 153 203 1.000000 153 203 318 282 1.971745 318 282 61 215 2.862599 
61 215 153 203 1.000000 153 203 235 352 1.833097 235 352 61 215 2.386966 
61 215 153 203 1.000000 153 203 257 400 2.401039 257 400 61 215 2.904957 
80 258 153 203 1.000000 153 203 255 264 1.300310 255 264 80 258 1.915781 
80 258 153 203 1.000000 153 203 318 282 2.001496 318 282 80 258 2.617138 
80 258 153 203 1.000000 153 203 235 352 1.860756 235 352 80 258 1.983322 
80 258 153 203 1.000000 153 203 257 400 2.437267 257 400 80 258 2.482715 
318 282 255 264 1.000000 255 264 153 203 1.813902 153 203 318 282 2.792039 
235 352 255 264 1.000000 255 264 153 203 1.316968 153 203 235 352 1.884594 
153 203 255 264 1.000000 255 264 257 400 1.144436 257 400 153 203 1.874373 
318 282 235 352 1.000000 235 352 153 203 1.566384 153 203 318 282 1.684858 
257 400 318 282 1.000000 318 282 153 203 1.377181 153 203 257 400 1.677025 
257 400 235 352 1.000000 235 352 153 203 3.220997 153 203 257 400 4.218945 
61 215 80 258 1.000000 80 258 255 264 3.724749 255 264 61 215 4.256323 
61 215 80 258 1.000000 80 258 318 282 5.088360 318 282 61 215 5.649571 
61 215 80 258 1.000000 80 258 235 352 3.856064 235 352 61 215 4.710871 
61 215 80 258 1.000000 80 258 257 400 4.827007 257 400 61 215 5.733169 
318 282 255 264 1.000000 255 264 61 215 3.053868 61 215 318 282 4.053509 
235 352 255 264 1.000000 255 264 61 215 2.217236 61 215 235 352 2.454022 
257 400 255 264 1.000000 255 264 61 215 1.471109 61 215 257 400 1.981550 
318 282 235 352 1.000000 235 352 61 215 2.039665 61 215 318 282 2.446094 
257 400 318 282 1.000000 318 282 61 215 1.999405 61 215 257 400 2.028991 
257 400 235 352 1.000000 235 352 61 215 4.194218 61 215 257 400 5.104398 
318 282 255 264 1.000000 255 264 80 258 2.672469 80 258 318 282 3.650846 
235 352 255 264 1.000000 255 264 80 258 1.940324 80 258 235 352 2.008730 
257 400 255 264 1.000000 255 264 80 258 1.287382 80 258 257 400 1.668354 
318 282 235 352 1.000000 235 352 80 258 1.669560 80 258 318 282 2.203106 
318 282 257 400 1.000000 257 400 80 258 1.708297 80 258 318 282 1.800790 
257 400 235 352 1.000000 235 352 80 258 3.433160 80 258 257 400 4.297617 
318 282 255 264 1.000000 255 264 235 352 1.377331 235 352 318 282 1.657136 
255 264 318 282 1.000000 318 282 257 400 2.027358 257 400 255 264 2.075895 
257 400 235 352 1.000000 235 352 255 264 1.709120 255 264 257 400 2.575962 
257 400 235 352 1.000000 235 352 318 282 2.056327 318 282 257 400 2.515732 