10 120
0 481 19 
1 453 55 
2 328 142 
3 427 180 
4 248 186 
5 192 257 
6 311 277 
7 223 389 
8 112 447 
9 528 477 
481 19 453 55 1.000000 453 55 328 142 3.339306 328 142 481 19 4.304403 
481 19 453 55 1.000000 453 55 427 180 2.799468 427 180 481 19 3.723432 
481 19 453 55 1.000000 453 55 248 186 5.334305 248 186 481 19 6.285591 
481 19 453 55 1.000000 453 55 192 257 7.236559 192 257 481 19 8.208960 
481 19 453 55 1.000000 453 55 311 277 5.778275 311 277 481 19 6.774670 
481 19 453 55 1.000000 453 55 223 389 8.891872 223 389 481 19 9.890360 
481 19 453 55 1.000000 453 55 112 447 11.392157 112 447 481 19 12.390773 
481 19 453 55 1.000000 453 55 528 477 9.397959 528 477 481 19 10.095053 
328 142 427 180 1.000000 427 180 481 19 1.601383 481 19 328 142 1.851249 
248 186 328 142 1.000000 328 142 481 19 2.150135 481 19 248 186 3.139778 
192 257 328 142 1.000000 328 142 481 19 1.102227 481 19 192 257 2.102066 
311 277 328 142 1.000000 328 142 481 19 1.442761 481 19 311 277 2.270752 
481 19 328 142 1.000000 328 142 223 389 1.367175 223 389 481 19 2.297731 
481 19 328 142 1.000000 328 142 112 447 1.903812 112 447 481 19 2.878628 
481 19 328 142 1.000000 328 142 528 477 1.987460 528 477 481 19 2.345285 
481 19 427 180 1.000000 427 180 248 186 1.054683 248 186 481 19 1.688118 
481 19 427 180 1.000000 427 180 192 257 1.456255 192 257 481 19 2.204676 
311 277 427 180 1.000000 427 180 481 19 1.123025 481 19 311 277 2.043310 
481 19 427 180 1.000000 427 180 223 389 1.719855 223 389 481 19 2.656249 
481 19 427 180 1.000000 427 180 112 447 2.431672 112 447 481 19 3.327783 
481 19 427 180 1.000000 427 180 528 477 1.847330 528 477 481 19 2.711223 
192 257 248 186 1.000000 248 186 481 19 3.170157 481 19 192 257 4.140214 
311 277 248 186 1.000000 248 186 481 19 2.590059 481 19 311 277 2.791591 
223 389 248 186 1.000000 248 186 481 19 1.401564 481 19 223 389 2.205358 
481 19 248 186 1.000000 248 186 112 447 1.026653 112 447 481 19 1.971298 
481 19 248 186 1.000000 248 186 528 477 1.408717 528 477 481 19 1.606063 
192 257 311 277 1.000000 311 277 481 19 2.560497 481 19 192 257 3.102589 
223 389 192 257 1.000000 192 257 481 19 2.761137 481 19 223 389 3.326687 
112 447 192 257 1.000000 192 257 481 19 1.816040 481 19 112 447 2.741168 
481 19 192 257 1.000000 192 257 528 477 1.072734 528 477 481 19 1.229760 
223 389 311 277 1.000000 311 277 481 19 2.169203 481 19 223 389 3.166826 
112 447 311 277 1.000000 311 277 481 19 1.180515 481 19 112 447 2.159144 
528 477 311 277 1.000000 311 277 481 19 1.046979 481 19 528 477 1.560122 
112 447 223 389 1.000000 223 389 481 19 3.601650 481 19 112 447 4.512194 
528 477 223 389 1.000000 223 389 481 19 1.420955 481 19 528 477 1.450363 
112 447 528 477 1.000000 528 477 481 19 1.103877 481 19 112 447 1.354910 
328 142 427 180 1.000000 427 180 453 55 1.204003 453 55 328 142 1.436177 
248 186 328 142 1.000000 328 142 453 55 1.668050 453 55 248 186 2.664592 
453 55 328 142 1.000000 328 142 192 257 1.169461 192 257 453 55 2.167085 
311 277 328 142 1.000000 328 142 453 55 1.119277 453 55 311 277 1.936778 
453 55 328 142 1.000000 328 142 223 389 1.762304 223 389 453 55 2.662791 
453 55 328 142 1.000000 328 142 112 447 2.454036 112 447 453 55 3.411535 
453 55 328 142 1.000000 328 142 528 477 2.561859 528 477 453 55 2.814345 
453 55 427 180 1.000000 427 180 248 186 1.402781 248 186 453 55 1.905471 
453 55 427 180 1.000000 427 180 192 257 1.936892 192 257 453 55 2.584977 
453 55 427 180 1.000000 427 180 311 277 1.184346 311 277 453 55 2.064062 
453 55 427 180 1.000000 427 180 223 389 2.287493 223 389 453 55 3.176272 
453 55 427 180 1.000000 427 180 112 447 3.234245 112 447 453 55 4.069401 
453 55 427 180 1.000000 427 180 528 477 2.457042 528 477 453 55 3.357052 
192 257 248 186 1.000000 248 186 453 55 2.690373 453 55 192 257 3.649781 
311 277 248 186 1.000000 248 186 453 55 2.198070 453 55 311 277 2.381013 
223 389 248 186 1.000000 248 186 453 55 1.189446 453 55 223 389 1.982714 
453 55 248 186 1.000000 248 186 112 447 1.209740 112 447 453 55 2.135641 
453 55 248 186 1.000000 248 186 528 477 1.659939 528 477 453 55 1.761796 
192 257 311 277 1.000000 311 277 453 55 2.183908 453 55 192 257 2.735068 
223 389 192 257 1.000000 192 257 453 55 2.434064 453 55 223 389 2.990839 
112 447 192 257 1.000000 192 257 453 55 1.600919 453 55 112 447 2.520247 
453 55 192 257 1.000000 192 257 528 477 1.216881 528 477 453 55 1.298678 
223 389 311 277 1.000000 311 277 453 55 1.850164 453 55 223 389 2.847117 
112 447 311 277 1.000000 311 277 453 55 1.006889 453 55 112 447 1.985131 
453 55 311 277 1.000000 311 277 528 477 1.119829 528 477 453 55 1.626430 
112 447 223 389 1.000000 223 389 453 55 3.238043 453 55 112 447 4.148541 
528 477 223 389 1.000000 223 389 453 55 1.277501 453 55 528 477 1.350211 
112 447 528 477 1.000000 528 477 453 55 1.027651 453 55 112 447 1.245713 
248 186 328 142 1.000000 328 142 427 180 1.161451 427 180 248 186 1.961634 
427 180 328 142 1.000000 328 142 192 257 1.679553 192 257 427 180 2.332022 
427 180 328 142 1.000000 328 142 311 277 1.283129 311 277 427 180 1.425955 
427 180 328 142 1.000000 328 142 223 389 2.530982 223 389 427 180 2.754147 
427 180 328 142 1.000000 328 142 112 447 3.524430 112 447 427 180 3.894039 
328 142 427 180 1.000000 427 180 528 477 2.958284 528 477 328 142 3.679284 
192 257 248 186 1.000000 248 186 328 142 1.009676 328 142 192 257 1.969593 
328 142 248 186 1.000000 248 186 311 277 1.212242 311 277 328 142 1.490292 
328 142 248 186 1.000000 248 186 223 389 2.240195 223 389 328 142 2.939611 
328 142 248 186 1.000000 248 186 112 447 3.223463 112 447 328 142 4.093453 
248 186 328 142 1.000000 328 142 528 477 4.273307 528 477 248 186 4.423060 
192 257 311 277 1.000000 311 277 328 142 1.127599 328 142 192 257 1.475971 
223 389 192 257 1.000000 192 257 328 142 1.313535 328 142 223 389 1.979415 
328 142 192 257 1.000000 192 257 112 447 1.157500 112 447 328 142 2.098434 
192 257 328 142 1.000000 328 142 528 477 2.190633 528 477 192 257 2.254958 
328 142 311 277 1.000000 311 277 223 389 1.046814 223 389 328 142 1.972507 
328 142 311 277 1.000000 311 277 112 447 1.923527 112 447 328 142 2.746746 
328 142 311 277 1.000000 311 277 528 477 2.168860 528 477 328 142 2.867430 
112 447 223 389 1.000000 223 389 328 142 2.143021 328 142 112 447 2.984190 
328 142 223 389 1.000000 223 389 528 477 1.182755 528 477 328 142 1.453698 
112 447 328 142 1.000000 328 142 528 477 1.043937 528 477 112 447 1.115966 
192 257 248 186 1.000000 248 186 427 180 1.980614 427 180 192 257 2.734736 
248 186 311 277 1.000000 311 277 427 180 1.366210 427 180 248 186 1.618187 
427 180 248 186 1.000000 248 186 223 389 1.142005 223 389 427 180 1.630685 
427 180 248 186 1.000000 248 186 112 447 1.643254 112 447 427 180 2.305596 
248 186 427 180 1.000000 427 180 528 477 1.751551 528 477 248 186 2.254783 
192 257 311 277 1.000000 311 277 427 180 1.253112 427 180 192 257 2.049353 
223 389 192 257 1.000000 192 257 427 180 1.823814 427 180 223 389 2.153947 
112 447 192 257 1.000000 192 257 427 180 1.199549 427 180 112 447 2.003021 
192 257 427 180 1.000000 427 180 528 477 1.268549 528 477 192 257 1.624050 
223 389 311 277 1.000000 311 277 427 180 1.061612 427 180 223 389 2.050441 
427 180 311 277 1.000000 311 277 112 447 1.730864 112 447 427 180 2.730828 
427 180 311 277 1.000000 311 277 528 477 1.951624 528 477 427 180 2.074598 
112 447 223 389 1.000000 223 389 427 180 2.331979 427 180 112 447 3.297143 
223 389 427 180 1.000000 427 180 528 477 1.074120 528 477 223 389 1.086918 
528 477 427 180 1.000000 427 180 112 447 1.316317 112 447 528 477 1.329536 
192 257 248 186 1.000000 248 186 311 277 1.223971 311 277 192 257 1.334439 
248 186 192 257 1.000000 192 257 223 389 1.499460 223 389 248 186 2.261870 
248 186 192 257 1.000000 192 257 112 447 2.279804 112 447 248 186 3.254652 
248 186 192 257 1.000000 192 257 528 477 4.441348 528 477 248 186 4.465856 
248 186 311 277 1.000000 311 277 223 389 1.286920 223 389 248 186 1.847977 
248 186 311 277 1.000000 311 277 112 447 2.364724 112 447 248 186 2.659093 
248 186 311 277 1.000000 311 277 528 477 2.666328 528 477 248 186 3.648662 
112 447 223 389 1.000000 223 389 248 186 1.633136 248 186 112 447 2.349954 
248 186 223 389 1.000000 223 389 528 477 1.552025 528 477 248 186 1.974408 
112 447 248 186 1.000000 248 186 528 477 1.372145 528 477 112 447 1.417158 
311 277 192 257 1.000000 192 257 223 389 1.123663 223 389 311 277 1.180386 
311 277 192 257 1.000000 192 257 112 447 1.708437 112 447 311 277 2.168967 
192 257 311 277 1.000000 311 277 528 477 2.445604 528 477 192 257 3.328252 
112 447 223 389 1.000000 223 389 192 257 1.082654 192 257 112 447 1.646085 
192 257 223 389 1.000000 223 389 528 477 2.341163 528 477 192 257 2.961965 
112 447 192 257 1.000000 192 257 528 477 1.948127 528 477 112 447 2.023137 
112 447 223 389 1.000000 223 389 311 277 1.137306 311 277 112 447 2.089807 
223 389 311 277 1.000000 311 277 528 477 2.071868 528 477 223 389 2.228660 
112 447 311 277 1.000000 311 277 528 477 1.127543 528 477 112 447 1.593570 
112 447 223 389 1.000000 223 389 528 477 2.534669 528 477 112 447 3.330255 