8 56
0 288 100 
1 133 117 
2 422 198 
3 315 258 
4 418 277 
5 314 281 
6 440 366 
7 292 401 
133 117 288 100 1.000000 288 100 422 198 1.064661 422 198 133 117 1.924823 
133 117 288 100 1.000000 288 100 315 258 1.027967 315 258 133 117 1.476489 
133 117 288 100 1.000000 288 100 418 277 1.408400 418 277 133 117 2.096082 
133 117 288 100 1.000000 288 100 314 281 1.172696 314 281 133 117 1.566399 
133 117 288 100 1.000000 288 100 440 366 1.964772 440 366 133 117 2.535022 
133 117 288 100 1.000000 288 100 292 401 1.930530 292 401 133 117 2.087352 
422 198 315 258 1.000000 315 258 288 100 1.306633 288 100 422 198 1.353274 
418 277 422 198 1.000000 422 198 288 100 2.098730 288 100 418 277 2.776330 
314 281 422 198 1.000000 422 198 288 100 1.218800 288 100 314 281 1.342476 
288 100 422 198 1.000000 422 198 440 366 1.017767 440 366 288 100 1.845443 
288 100 422 198 1.000000 422 198 292 401 1.452052 292 401 288 100 1.813282 
418 277 315 258 1.000000 315 258 288 100 1.530397 288 100 418 277 2.096770 
314 281 315 258 1.000000 315 258 288 100 6.962568 288 100 314 281 7.942838 
288 100 315 258 1.000000 315 258 440 366 1.030591 440 366 288 100 1.911318 
292 401 315 258 1.000000 315 258 288 100 1.106688 288 100 292 401 2.078370 
418 277 314 281 1.000000 314 281 288 100 1.756950 288 100 418 277 2.110084 
440 366 418 277 1.000000 418 277 288 100 2.395440 288 100 440 366 3.341730 
292 401 418 277 1.000000 418 277 288 100 1.242268 288 100 292 401 1.702809 
440 366 314 281 1.000000 314 281 288 100 1.203090 288 100 440 366 2.015695 
292 401 314 281 1.000000 314 281 288 100 1.498835 288 100 292 401 2.467431 
440 366 292 401 1.000000 292 401 288 100 1.979367 288 100 440 366 2.014475 
422 198 315 258 1.000000 315 258 133 117 1.876742 133 117 422 198 2.446612 
418 277 422 198 1.000000 422 198 133 117 3.794337 133 117 418 277 4.131934 
422 198 314 281 1.000000 314 281 133 117 1.793179 133 117 422 198 2.203494 
440 366 422 198 1.000000 422 198 133 117 1.776361 133 117 440 366 2.339495 
292 401 422 198 1.000000 422 198 133 117 1.245080 133 117 292 401 1.350213 
418 277 315 258 1.000000 315 258 133 117 2.198139 133 117 418 277 3.120564 
314 281 315 258 1.000000 315 258 133 117 10.000472 133 117 314 281 10.609448 
440 366 315 258 1.000000 315 258 133 117 1.393685 133 117 440 366 2.392854 
292 401 315 258 1.000000 315 258 133 117 1.589558 133 117 292 401 2.247200 
418 277 314 281 1.000000 314 281 133 117 2.346802 133 117 418 277 3.140379 
440 366 418 277 1.000000 418 277 133 117 3.565066 133 117 440 366 4.311627 
418 277 292 401 1.000000 292 401 133 117 1.841132 133 117 418 277 1.848832 
440 366 314 281 1.000000 314 281 133 117 1.606998 133 117 440 366 2.600726 
292 401 314 281 1.000000 314 281 133 117 2.002031 133 117 292 401 2.667866 
440 366 292 401 1.000000 292 401 133 117 2.140156 133 117 440 366 2.599151 
422 198 418 277 1.000000 418 277 315 258 1.324098 315 258 422 198 1.550853 
314 281 315 258 1.000000 315 258 422 198 5.328634 422 198 314 281 5.916558 
422 198 315 258 1.000000 315 258 440 366 1.346604 440 366 422 198 1.377317 
422 198 315 258 1.000000 315 258 292 401 1.180669 292 401 422 198 1.965024 
422 198 418 277 1.000000 418 277 314 281 1.315744 314 281 422 198 1.721964 
422 198 418 277 1.000000 418 277 440 366 1.159006 440 366 422 198 2.136017 
422 198 418 277 1.000000 418 277 292 401 2.234888 292 401 422 198 3.047464 
422 198 314 281 1.000000 314 281 440 366 1.115856 440 366 422 198 1.240454 
292 401 314 281 1.000000 314 281 422 198 1.116470 422 198 292 401 1.975886 
292 401 440 366 1.000000 440 366 422 198 1.110988 422 198 292 401 1.585051 
315 258 314 281 1.000000 314 281 418 277 4.520811 418 277 315 258 4.549518 
440 366 418 277 1.000000 418 277 315 258 1.142443 315 258 440 366 1.801876 
418 277 315 258 1.000000 315 258 292 401 1.382862 292 401 418 277 1.687857 
315 258 314 281 1.000000 314 281 440 366 6.602029 440 366 315 258 7.175561 
315 258 314 281 1.000000 314 281 292 401 5.299341 292 401 315 258 6.291354 
315 258 292 401 1.000000 292 401 440 366 1.050017 440 366 315 258 1.140543 
440 366 418 277 1.000000 418 277 314 281 1.135234 314 281 440 366 1.657855 
418 277 314 281 1.000000 314 281 292 401 1.172210 292 401 418 277 1.698574 
418 277 440 366 1.000000 440 366 292 401 1.658859 292 401 418 277 1.928280 
292 401 314 281 1.000000 314 281 440 366 1.245821 440 366 292 401 1.246576 