6 20
0 234 47 
1 528 206 
2 537 241 
3 521 276 
4 450 364 
5 453 446 
537 241 528 206 1.000000 528 206 234 47 9.248857 234 47 537 241 9.955683 
521 276 528 206 1.000000 528 206 234 47 4.751174 234 47 521 276 5.219181 
450 364 528 206 1.000000 528 206 234 47 1.896893 234 47 450 364 2.176988 
453 446 528 206 1.000000 528 206 234 47 1.329276 234 47 453 446 1.810134 
521 276 537 241 1.000000 537 241 234 47 9.348999 234 47 521 276 9.540772 
450 364 537 241 1.000000 537 241 234 47 2.388080 234 47 450 364 2.546121 
453 446 537 241 1.000000 537 241 234 47 1.624000 234 47 453 446 2.054463 
450 364 521 276 1.000000 521 276 234 47 3.247212 234 47 450 364 3.392520 
453 446 521 276 1.000000 521 276 234 47 2.005317 234 47 453 446 2.485863 
453 446 450 364 1.000000 450 364 234 47 4.674858 234 47 453 446 5.546905 
528 206 537 241 1.000000 537 241 521 276 1.064893 521 276 528 206 1.946647 
528 206 537 241 1.000000 537 241 450 364 4.168907 450 364 528 206 4.875793 
528 206 537 241 1.000000 537 241 453 446 6.130348 453 446 528 206 6.957814 
528 206 521 276 1.000000 521 276 450 364 1.607280 450 364 528 206 2.504714 
528 206 521 276 1.000000 521 276 453 446 2.602670 453 446 528 206 3.574256 
453 446 450 364 1.000000 450 364 528 206 2.147398 528 206 453 446 3.064362 
537 241 521 276 1.000000 521 276 450 364 2.938142 450 364 537 241 3.914860 
537 241 521 276 1.000000 521 276 453 446 4.757737 453 446 537 241 5.756774 
453 446 450 364 1.000000 450 364 537 241 1.836071 537 241 453 446 2.699929 
453 446 450 364 1.000000 450 364 521 276 1.377990 521 276 453 446 2.231380 