10 120
0 173 39 
1 353 181 
2 523 274 
3 207 282 
4 500 314 
5 419 330 
6 376 421 
7 251 441 
8 302 443 
9 293 468 
523 274 353 181 1.000000 353 181 173 39 1.183164 173 39 523 274 2.175580 
207 282 353 181 1.000000 353 181 173 39 1.291433 173 39 207 282 1.382114 
500 314 353 181 1.000000 353 181 173 39 1.156536 173 39 500 314 2.155314 
419 330 353 181 1.000000 353 181 173 39 1.406872 173 39 419 330 2.338241 
173 39 353 181 1.000000 353 181 376 421 1.051604 376 421 173 39 1.886822 
173 39 353 181 1.000000 353 181 251 441 1.218188 251 441 173 39 1.786104 
173 39 353 181 1.000000 353 181 302 443 1.164214 302 443 173 39 1.849777 
173 39 353 181 1.000000 353 181 293 468 1.278871 293 468 173 39 1.942994 
173 39 207 282 1.000000 207 282 523 274 1.288279 523 274 173 39 1.718138 
500 314 523 274 1.000000 523 274 173 39 9.136638 173 39 500 314 9.259933 
523 274 419 330 1.000000 419 330 173 39 3.225972 173 39 523 274 3.569078 
376 421 523 274 1.000000 523 274 173 39 2.027878 173 39 376 421 2.080860 
523 274 251 441 1.000000 251 441 173 39 1.282985 173 39 523 274 1.320823 
302 443 523 274 1.000000 523 274 173 39 1.515298 173 39 302 443 1.524360 
293 468 523 274 1.000000 523 274 173 39 1.401082 173 39 293 468 1.480489 
173 39 207 282 1.000000 207 282 500 314 1.201230 500 314 173 39 1.741323 
419 330 207 282 1.000000 207 282 173 39 1.128820 173 39 419 330 1.753021 
376 421 207 282 1.000000 207 282 173 39 1.121321 173 39 376 421 1.976920 
251 441 207 282 1.000000 207 282 173 39 1.487292 173 39 251 441 2.482166 
302 443 207 282 1.000000 207 282 173 39 1.312555 173 39 302 443 2.268637 
293 468 207 282 1.000000 207 282 173 39 1.197383 173 39 293 468 2.173864 
500 314 419 330 1.000000 419 330 173 39 4.615111 173 39 500 314 5.174865 
376 421 500 314 1.000000 500 314 173 39 2.608710 173 39 376 421 2.641225 
500 314 251 441 1.000000 251 441 173 39 1.465015 173 39 500 314 1.528575 
500 314 302 443 1.000000 302 443 173 39 1.794616 173 39 500 314 1.808021 
293 468 500 314 1.000000 500 314 173 39 1.656047 173 39 293 468 1.726604 
376 421 419 330 1.000000 419 330 173 39 3.785943 173 39 376 421 4.298040 
251 441 419 330 1.000000 419 330 173 39 1.892388 173 39 251 441 2.033679 
302 443 419 330 1.000000 419 330 173 39 2.342612 173 39 302 443 2.607265 
293 468 419 330 1.000000 419 330 173 39 2.039115 173 39 293 468 2.383848 
376 421 251 441 1.000000 251 441 173 39 3.234834 173 39 376 421 3.417245 
376 421 302 443 1.000000 302 443 173 39 5.493391 173 39 376 421 5.603406 
293 468 376 421 1.000000 376 421 173 39 4.535260 173 39 293 468 4.670278 
302 443 251 441 1.000000 251 441 173 39 8.023191 173 39 302 443 8.309211 
293 468 251 441 1.000000 251 441 173 39 8.201435 173 39 293 468 8.921843 
293 468 302 443 1.000000 302 443 173 39 15.961045 173 39 293 468 16.765378 
207 282 353 181 1.000000 353 181 523 274 1.091508 523 274 207 282 1.780548 
500 314 523 274 1.000000 523 274 353 181 4.199633 353 181 500 314 4.296328 
523 274 419 330 1.000000 419 330 353 181 1.379657 353 181 523 274 1.640518 
353 181 523 274 1.000000 523 274 376 421 1.072836 376 421 353 181 1.244220 
523 274 353 181 1.000000 353 181 251 441 1.441316 251 441 523 274 1.647139 
523 274 353 181 1.000000 353 181 302 443 1.377457 302 443 523 274 1.435744 
523 274 353 181 1.000000 353 181 293 468 1.513114 293 468 523 274 1.552785 
207 282 353 181 1.000000 353 181 500 314 1.116639 500 314 207 282 1.660237 
419 330 353 181 1.000000 353 181 207 282 1.089389 207 282 419 330 1.333835 
353 181 207 282 1.000000 207 282 376 421 1.232576 376 421 353 181 1.358076 
251 441 207 282 1.000000 207 282 353 181 1.076099 353 181 251 441 1.692927 
353 181 207 282 1.000000 207 282 302 443 1.052995 302 443 353 181 1.503505 
353 181 207 282 1.000000 207 282 293 468 1.154279 293 468 353 181 1.651576 
500 314 419 330 1.000000 419 330 353 181 1.973753 353 181 500 314 2.400980 
376 421 500 314 1.000000 500 314 353 181 1.210362 353 181 376 421 1.472064 
500 314 353 181 1.000000 353 181 251 441 1.408877 251 441 500 314 1.410015 
353 181 500 314 1.000000 500 314 302 443 1.192084 302 443 353 181 1.346455 
353 181 500 314 1.000000 500 314 293 468 1.301481 293 468 353 181 1.479060 
376 421 419 330 1.000000 419 330 353 181 1.619141 353 181 376 421 2.395475 
353 181 419 330 1.000000 419 330 251 441 1.235604 251 441 353 181 1.713835 
302 443 419 330 1.000000 419 330 353 181 1.001869 353 181 302 443 1.640963 
353 181 419 330 1.000000 419 330 293 468 1.146694 293 468 353 181 1.799208 
251 441 376 421 1.000000 376 421 353 181 1.904572 353 181 251 441 2.206274 
302 443 376 421 1.000000 376 421 353 181 3.123009 353 181 302 443 3.457435 
293 468 376 421 1.000000 376 421 353 181 2.527688 353 181 293 468 3.073958 
251 441 302 443 1.000000 302 443 353 181 5.229659 353 181 251 441 5.472107 
293 468 251 441 1.000000 251 441 353 181 5.593676 353 181 293 468 5.872321 
293 468 302 443 1.000000 302 443 353 181 10.045576 353 181 293 468 11.034905 
523 274 500 314 1.000000 500 314 207 282 6.387848 207 282 523 274 6.850754 
523 274 419 330 1.000000 419 330 207 282 1.840236 207 282 523 274 2.676135 
523 274 376 421 1.000000 376 421 207 282 1.052577 207 282 523 274 1.520526 
251 441 207 282 1.000000 207 282 523 274 1.916047 523 274 251 441 1.934681 
207 282 302 443 1.000000 302 443 523 274 1.488255 523 274 207 282 1.690937 
207 282 293 468 1.000000 293 468 523 274 1.468343 523 274 207 282 1.542563 
523 274 500 314 1.000000 500 314 419 330 1.789406 419 330 523 274 2.559944 
523 274 500 314 1.000000 500 314 376 421 3.549621 376 421 523 274 4.505516 
523 274 500 314 1.000000 500 314 251 441 6.057886 251 441 523 274 6.917381 
523 274 500 314 1.000000 500 314 302 443 5.121584 302 443 523 274 6.029597 
523 274 500 314 1.000000 500 314 293 468 5.591588 293 468 523 274 6.521129 
376 421 419 330 1.000000 419 330 523 274 1.173582 523 274 376 421 2.065511 
523 274 419 330 1.000000 419 330 251 441 1.704710 251 441 523 274 2.702162 
523 274 419 330 1.000000 419 330 302 443 1.377083 302 443 523 274 2.355363 
523 274 419 330 1.000000 419 330 293 468 1.582045 293 468 523 274 2.547372 
251 441 376 421 1.000000 376 421 523 274 1.642227 523 274 251 441 2.521335 
302 443 376 421 1.000000 376 421 523 274 2.692832 523 274 302 443 3.603736 
293 468 376 421 1.000000 376 421 523 274 2.179513 523 274 293 468 3.154552 
251 441 302 443 1.000000 302 443 523 274 5.450950 523 274 251 441 6.253536 
251 441 293 468 1.000000 293 468 523 274 6.026283 523 274 251 441 6.392466 
293 468 302 443 1.000000 302 443 523 274 10.470652 523 274 293 468 11.324220 
500 314 419 330 1.000000 419 330 207 282 2.632662 207 282 500 314 3.569815 
500 314 376 421 1.000000 376 421 207 282 1.336030 207 282 500 314 1.799586 
207 282 251 441 1.000000 251 441 500 314 1.694294 500 314 207 282 1.786579 
207 282 302 443 1.000000 302 443 500 314 1.264135 500 314 207 282 1.576680 
207 282 293 468 1.000000 293 468 500 314 1.259040 500 314 207 282 1.438332 
376 421 419 330 1.000000 419 330 207 282 2.159668 207 282 376 421 2.174110 
207 282 251 441 1.000000 251 441 419 330 1.220530 419 330 207 282 1.317564 
419 330 302 443 1.000000 302 443 207 282 1.149265 207 282 419 330 1.336328 
419 330 293 468 1.000000 293 468 207 282 1.096595 207 282 419 330 1.163201 
376 421 251 441 1.000000 251 441 207 282 1.303230 207 282 376 421 1.728571 
376 421 302 443 1.000000 302 443 207 282 2.421451 207 282 376 421 2.834412 
376 421 293 468 1.000000 293 468 207 282 2.148376 207 282 376 421 2.294104 
302 443 251 441 1.000000 251 441 207 282 3.232334 207 282 302 443 3.662645 
293 468 251 441 1.000000 251 441 207 282 3.304144 207 282 293 468 4.104140 
293 468 302 443 1.000000 302 443 207 282 7.035523 207 282 293 468 7.712247 
500 314 419 330 1.000000 419 330 376 421 1.219012 376 421 500 314 1.983687 
500 314 419 330 1.000000 419 330 251 441 2.438777 251 441 500 314 3.385418 
500 314 419 330 1.000000 419 330 302 443 1.970071 302 443 500 314 2.862170 
500 314 419 330 1.000000 419 330 293 468 2.263291 293 468 500 314 3.124829 
251 441 376 421 1.000000 376 421 500 314 1.293811 500 314 251 441 2.208055 
302 443 376 421 1.000000 376 421 500 314 2.121518 500 314 302 443 3.061040 
293 468 376 421 1.000000 376 421 500 314 1.717105 500 314 293 468 2.704892 
251 441 302 443 1.000000 302 443 500 314 4.630078 500 314 251 441 5.476525 
251 441 293 468 1.000000 293 468 500 314 5.167278 500 314 251 441 5.598192 
293 468 302 443 1.000000 302 443 500 314 8.893850 500 314 293 468 9.710031 
419 330 376 421 1.000000 376 421 251 441 1.257750 251 441 419 330 2.000617 
302 443 376 421 1.000000 376 421 419 330 1.303712 419 330 302 443 2.106956 
293 468 376 421 1.000000 376 421 419 330 1.055193 419 330 293 468 1.959134 
251 441 302 443 1.000000 302 443 419 330 3.186946 419 330 251 441 3.945162 
251 441 293 468 1.000000 293 468 419 330 3.742622 419 330 251 441 4.032808 
293 468 302 443 1.000000 302 443 419 330 6.121758 419 330 293 468 7.032905 
251 441 302 443 1.000000 302 443 376 421 1.512583 376 421 251 441 2.480248 
251 441 293 468 1.000000 293 468 376 421 1.910345 376 421 251 441 2.535350 
293 468 302 443 1.000000 302 443 376 421 2.905499 376 421 293 468 3.589803 
302 443 293 468 1.000000 293 468 251 441 1.879138 251 441 302 443 1.920886 