7 35
0 309 133 
1 354 159 
2 307 195 
3 249 217 
4 276 322 
5 220 342 
6 213 358 
309 133 354 159 1.000000 354 159 307 195 1.139152 307 195 309 133 1.193590 
354 159 309 133 1.000000 309 133 249 217 1.986254 249 217 354 159 2.308091 
309 133 354 159 1.000000 354 159 276 322 3.476956 276 322 309 133 3.691651 
309 133 354 159 1.000000 354 159 220 342 4.364247 220 342 309 133 4.370901 
309 133 354 159 1.000000 354 159 213 358 4.692783 213 358 309 133 4.706923 
309 133 307 195 1.000000 307 195 249 217 1.000000 249 217 309 133 1.664101 
309 133 307 195 1.000000 307 195 276 322 2.107432 276 322 309 133 3.092896 
309 133 307 195 1.000000 307 195 220 342 2.753659 220 342 309 133 3.661978 
309 133 307 195 1.000000 307 195 213 358 3.033296 213 358 309 133 3.943500 
309 133 249 217 1.000000 249 217 276 322 1.050257 276 322 309 133 1.858599 
309 133 249 217 1.000000 249 217 220 342 1.243074 220 342 309 133 2.200575 
309 133 249 217 1.000000 249 217 213 358 1.409727 213 358 309 133 2.369749 
220 342 276 322 1.000000 276 322 309 133 3.226464 309 133 220 342 3.820121 
213 358 276 322 1.000000 276 322 309 133 2.644136 309 133 213 358 3.371322 
213 358 220 342 1.000000 220 342 309 133 13.007186 309 133 213 358 14.007141 
354 159 307 195 1.000000 307 195 249 217 1.047788 249 217 354 159 2.026149 
354 159 307 195 1.000000 307 195 276 322 2.208142 276 322 354 159 3.052232 
354 159 307 195 1.000000 307 195 220 342 2.885252 220 342 354 159 3.831136 
354 159 307 195 1.000000 307 195 213 358 3.178252 213 358 354 159 4.119540 
276 322 249 217 1.000000 249 217 354 159 1.106426 354 159 276 322 1.666743 
354 159 249 217 1.000000 249 217 220 342 1.069741 220 342 354 159 1.890847 
354 159 249 217 1.000000 249 217 213 358 1.213157 213 358 354 159 2.033188 
220 342 276 322 1.000000 276 322 354 159 3.038823 354 159 220 342 3.814305 
213 358 276 322 1.000000 276 322 354 159 2.490361 354 159 213 358 3.361194 
213 358 220 342 1.000000 220 342 354 159 12.987384 354 159 213 358 13.965062 
307 195 249 217 1.000000 249 217 276 322 1.747734 276 322 307 195 2.107432 
307 195 249 217 1.000000 249 217 220 342 2.068600 220 342 307 195 2.753659 
307 195 249 217 1.000000 249 217 213 358 2.345928 213 358 307 195 3.033296 
220 342 276 322 1.000000 276 322 307 195 2.198441 307 195 220 342 2.872577 
213 358 276 322 1.000000 276 322 307 195 1.801656 307 195 213 358 2.593183 
213 358 220 342 1.000000 220 342 307 195 9.780878 307 195 213 358 10.774134 
220 342 276 322 1.000000 276 322 249 217 1.823210 249 217 220 342 2.157933 
213 358 276 322 1.000000 276 322 249 217 1.494148 249 217 213 358 2.005548 
213 358 220 342 1.000000 220 342 249 217 7.347577 249 217 213 358 8.332634 
213 358 220 342 1.000000 220 342 276 322 3.404914 276 322 213 358 4.154792 