12 220
0 449 122 
1 408 127 
2 174 152 
3 234 168 
4 113 174 
5 447 207 
6 323 246 
7 350 323 
8 209 326 
9 397 337 
10 251 367 
11 486 370
449 122 408 127 1.000000 408 127 174 152 5.697586 174 152 449 122 6.697491 
449 122 408 127 1.000000 408 127 234 168 4.328062 234 168 449 122 5.323145 
449 122 408 127 1.000000 408 127 113 174 7.232287 113 174 449 122 8.231698 
408 127 449 122 1.000000 449 122 447 207 2.058494 447 207 408 127 2.154768 
449 122 408 127 1.000000 408 127 323 246 3.540587 323 246 449 122 4.280055 
449 122 408 127 1.000000 408 127 350 323 4.948741 350 323 449 122 5.424641 
449 122 408 127 1.000000 408 127 209 326 6.813630 209 326 449 122 7.626080 
449 122 408 127 1.000000 408 127 397 337 5.091254 397 337 449 122 5.355421 
449 122 408 127 1.000000 408 127 251 367 6.943458 251 367 449 122 7.626579 
408 127 449 122 1.000000 449 122 486 370 6.070753 486 370 408 127 6.178898 
174 152 234 168 1.000000 234 168 449 122 3.540701 449 122 174 152 4.454851 
113 174 174 152 1.000000 174 152 449 122 4.265979 449 122 113 174 5.243194 
447 207 449 122 1.000000 449 122 174 152 3.253588 174 152 447 207 3.275390 
174 152 323 246 1.000000 323 246 449 122 1.003458 449 122 174 152 1.570225 
449 122 350 323 1.000000 350 323 174 152 1.095214 174 152 449 122 1.234642 
209 326 174 152 1.000000 174 152 449 122 1.558617 449 122 209 326 1.774715 
397 337 449 122 1.000000 449 122 174 152 1.250600 174 152 397 337 1.309898 
251 367 174 152 1.000000 174 152 449 122 1.211317 449 122 251 367 1.379353 
486 370 449 122 1.000000 449 122 174 152 1.103239 174 152 486 370 1.517938 
113 174 234 168 1.000000 234 168 449 122 1.814843 449 122 113 174 2.806469 
449 122 447 207 1.000000 447 207 234 168 2.546836 234 168 449 122 2.585942 
234 168 323 246 1.000000 323 246 449 122 1.493817 449 122 234 168 1.857874 
350 323 234 168 1.000000 234 168 449 122 1.135670 449 122 350 323 1.157324 
209 326 234 168 1.000000 234 168 449 122 1.374457 449 122 209 326 1.969084 
234 168 449 122 1.000000 449 122 397 337 1.006063 397 337 234 168 1.067914 
251 367 234 168 1.000000 234 168 449 122 1.100844 449 122 251 367 1.577202 
234 168 449 122 1.000000 449 122 486 370 1.140445 486 370 234 168 1.468930 
449 122 447 207 1.000000 447 207 113 174 3.947452 113 174 449 122 3.998893 
449 122 323 246 1.000000 323 246 113 174 1.255781 113 174 449 122 1.923269 
449 122 350 323 1.000000 350 323 113 174 1.249437 113 174 449 122 1.517464 
113 174 209 326 1.000000 209 326 449 122 1.752085 449 122 113 174 1.891225 
449 122 397 337 1.000000 397 337 113 174 1.480352 113 174 449 122 1.537077 
113 174 251 367 1.000000 251 367 449 122 1.327676 449 122 113 174 1.433018 
486 370 449 122 1.000000 449 122 113 174 1.355960 113 174 486 370 1.680437 
449 122 447 207 1.000000 447 207 323 246 1.528853 323 246 449 122 2.079217 
449 122 447 207 1.000000 447 207 350 323 1.778470 350 323 449 122 2.635247 
449 122 447 207 1.000000 447 207 209 326 3.129629 209 326 449 122 3.704689 
449 122 447 207 1.000000 447 207 397 337 1.638181 397 337 449 122 2.601621 
449 122 447 207 1.000000 447 207 251 367 2.975810 251 367 449 122 3.704932 
449 122 447 207 1.000000 447 207 486 370 1.971228 486 370 449 122 2.949124 
350 323 323 246 1.000000 323 246 449 122 2.166542 449 122 350 323 2.745925 
209 326 323 246 1.000000 323 246 449 122 1.269354 449 122 209 326 2.261699 
397 337 323 246 1.000000 323 246 449 122 1.507221 449 122 397 337 1.885911 
251 367 323 246 1.000000 323 246 449 122 1.255545 449 122 251 367 2.237241 
449 122 323 246 1.000000 323 246 486 370 1.158514 486 370 449 122 1.418382 
209 326 350 323 1.000000 350 323 449 122 1.588704 449 122 209 326 2.233436 
350 323 397 337 1.000000 397 337 449 122 4.510510 449 122 350 323 4.568809 
251 367 350 323 1.000000 350 323 449 122 2.068150 449 122 251 367 2.907641 
486 370 350 323 1.000000 350 323 449 122 1.557123 449 122 486 370 1.742587 
209 326 397 337 1.000000 397 337 449 122 1.174582 449 122 209 326 1.672595 
251 367 209 326 1.000000 209 326 449 122 5.366563 449 122 251 367 5.366915 
449 122 486 370 1.000000 486 370 209 326 1.118558 209 326 449 122 1.256200 
251 367 397 337 1.000000 397 337 449 122 1.484056 449 122 251 367 2.113423 
486 370 397 337 1.000000 397 337 449 122 2.330348 449 122 486 370 2.641616 
251 367 486 370 1.000000 486 370 449 122 1.066913 449 122 251 367 1.340343 
174 152 234 168 1.000000 234 168 408 127 2.878820 408 127 174 152 3.789762 
113 174 174 152 1.000000 174 152 408 127 3.629087 408 127 113 174 4.606618 
447 207 408 127 1.000000 408 127 174 152 2.644176 174 152 447 207 3.129047 
408 127 323 246 1.000000 323 246 174 152 1.204689 174 152 408 127 1.609221 
350 323 408 127 1.000000 408 127 174 152 1.151320 174 152 350 323 1.200536 
209 326 174 152 1.000000 174 152 408 127 1.325923 408 127 209 326 1.585645 
397 337 408 127 1.000000 408 127 174 152 1.119093 174 152 397 337 1.377864 
251 367 174 152 1.000000 174 152 408 127 1.030473 408 127 251 367 1.255803 
174 152 408 127 1.000000 408 127 486 370 1.084476 486 370 174 152 1.617357 
113 174 234 168 1.000000 234 168 408 127 1.475585 408 127 113 174 2.465736 
447 207 408 127 1.000000 408 127 234 168 2.008598 234 168 447 207 2.433045 
234 168 323 246 1.000000 323 246 408 127 1.235729 408 127 234 168 1.510572 
408 127 234 168 1.000000 234 168 350 323 1.082985 350 323 408 127 1.143408 
209 326 234 168 1.000000 234 168 408 127 1.117523 408 127 209 326 1.759306 
234 168 408 127 1.000000 408 127 397 337 1.176336 397 337 234 168 1.313442 
408 127 234 168 1.000000 234 168 251 367 1.117247 251 367 408 127 1.604288 
234 168 408 127 1.000000 408 127 486 370 1.427636 486 370 234 168 1.806657 
447 207 408 127 1.000000 408 127 113 174 3.356411 113 174 447 207 3.771082 
408 127 323 246 1.000000 323 246 113 174 1.518057 113 174 408 127 2.042680 
408 127 350 323 1.000000 350 323 113 174 1.369590 113 174 408 127 1.461440 
113 174 209 326 1.000000 209 326 408 127 1.565425 408 127 113 174 1.661612 
397 337 408 127 1.000000 408 127 113 174 1.420532 113 174 397 337 1.557162 
113 174 251 367 1.000000 251 367 408 127 1.208755 408 127 113 174 1.259036 
486 370 408 127 1.000000 408 127 113 174 1.170482 113 174 486 370 1.651025 
408 127 447 207 1.000000 447 207 323 246 1.460545 323 246 408 127 1.643141 
408 127 447 207 1.000000 447 207 350 323 1.699009 350 323 408 127 2.296647 
408 127 447 207 1.000000 447 207 209 326 2.989799 209 326 408 127 3.162118 
408 127 447 207 1.000000 447 207 397 337 1.564987 397 337 408 127 2.362785 
408 127 447 207 1.000000 447 207 251 367 2.842852 251 367 408 127 3.222369 
408 127 447 207 1.000000 447 207 486 370 1.883154 486 370 408 127 2.867547 
350 323 323 246 1.000000 323 246 408 127 1.792226 408 127 350 323 2.505026 
209 326 323 246 1.000000 323 246 408 127 1.050047 408 127 209 326 2.020747 
397 337 323 246 1.000000 323 246 408 127 1.246818 408 127 397 337 1.792885 
251 367 323 246 1.000000 323 246 408 127 1.038624 408 127 251 367 2.036848 
408 127 323 246 1.000000 323 246 486 370 1.400475 486 370 408 127 1.745162 
209 326 350 323 1.000000 350 323 408 127 1.449328 408 127 209 326 1.995495 
397 337 350 323 1.000000 350 323 408 127 4.167990 408 127 397 337 4.288019 
251 367 350 323 1.000000 350 323 408 127 1.886712 408 127 251 367 2.647200 
486 370 350 323 1.000000 350 323 408 127 1.420518 408 127 486 370 1.773630 
209 326 397 337 1.000000 397 337 408 127 1.116643 408 127 209 326 1.494404 
251 367 209 326 1.000000 209 326 408 127 4.794833 408 127 251 367 4.886194 
408 127 486 370 1.000000 486 370 209 326 1.098981 209 326 408 127 1.102726 
251 367 397 337 1.000000 397 337 408 127 1.410852 408 127 251 367 1.924121 
486 370 397 337 1.000000 397 337 408 127 2.215399 408 127 486 370 2.688674 
251 367 486 370 1.000000 486 370 408 127 1.085919 408 127 251 367 1.220287 
234 168 174 152 1.000000 174 152 113 174 1.044274 113 174 234 168 1.950968 
174 152 234 168 1.000000 234 168 447 207 3.487158 447 207 174 152 4.484702 
174 152 234 168 1.000000 234 168 323 246 1.905781 323 246 174 152 2.837079 
174 152 234 168 1.000000 234 168 350 323 3.117720 350 323 174 152 3.951764 
174 152 234 168 1.000000 234 168 209 326 2.576073 209 326 174 152 2.858207 
174 152 234 168 1.000000 234 168 397 337 3.781164 397 337 174 152 4.666080 
174 152 234 168 1.000000 234 168 251 367 3.216352 251 367 174 152 3.677692 
174 152 234 168 1.000000 234 168 486 370 5.201041 486 370 174 152 6.129397 
113 174 174 152 1.000000 174 152 447 207 4.294564 447 207 113 174 5.175746 
113 174 174 152 1.000000 174 152 323 246 2.716795 323 246 113 174 3.423497 
113 174 174 152 1.000000 174 152 350 323 3.784222 350 323 113 174 4.317098 
113 174 174 152 1.000000 174 152 209 326 2.737028 209 326 113 174 2.772379 
113 174 174 152 1.000000 174 152 397 337 4.468252 397 337 113 174 5.049694 
113 174 174 152 1.000000 174 152 251 367 3.521769 251 367 113 174 3.658847 
113 174 174 152 1.000000 174 152 486 370 5.869529 486 370 113 174 6.497873 
447 207 323 246 1.000000 323 246 174 152 1.355299 174 152 447 207 2.142384 
447 207 350 323 1.000000 350 323 174 152 1.622833 174 152 447 207 1.841690 
174 152 209 326 1.000000 209 326 447 207 1.499235 447 207 174 152 1.569061 
397 337 447 207 1.000000 447 207 174 152 1.999407 174 152 397 337 2.080271 
174 152 251 367 1.000000 251 367 447 207 1.107900 447 207 174 152 1.219434 
486 370 447 207 1.000000 447 207 174 152 1.661599 174 152 486 370 2.270965 
350 323 323 246 1.000000 323 246 174 152 2.159076 174 152 350 323 3.007376 
209 326 323 246 1.000000 323 246 174 152 1.264980 174 152 209 326 1.274401 
397 337 323 246 1.000000 323 246 174 152 1.502028 174 152 397 337 2.470352 
251 367 323 246 1.000000 323 246 174 152 1.251219 174 152 251 367 1.621949 
174 152 323 246 1.000000 323 246 486 370 1.162519 486 370 174 152 2.160461 
350 323 209 326 1.000000 209 326 174 152 1.258476 174 152 350 323 1.739972 
397 337 350 323 1.000000 350 323 174 152 5.003824 174 152 397 337 5.908308 
350 323 251 367 1.000000 251 367 174 152 2.107974 174 152 350 323 2.265067 
486 370 350 323 1.000000 350 323 174 152 1.705383 174 152 486 370 2.645140 
174 152 209 326 1.000000 209 326 397 337 1.061055 397 337 174 152 1.632520 
251 367 209 326 1.000000 209 326 174 152 3.023901 174 152 251 367 3.890892 
174 152 209 326 1.000000 209 326 486 370 1.580260 486 370 174 152 2.144490 
397 337 251 367 1.000000 251 367 174 152 1.532184 174 152 397 337 1.943962 
486 370 397 337 1.000000 397 337 174 152 3.052518 174 152 486 370 4.009810 
174 152 251 367 1.000000 251 367 486 370 1.029104 486 370 174 152 1.666642 
113 174 234 168 1.000000 234 168 447 207 1.787399 447 207 113 174 2.770367 
323 246 234 168 1.000000 234 168 113 174 1.023710 113 174 323 246 1.875907 
113 174 234 168 1.000000 234 168 350 323 1.598037 350 323 113 174 2.310768 
113 174 234 168 1.000000 234 168 209 326 1.320408 209 326 113 174 1.483942 
113 174 234 168 1.000000 234 168 397 337 1.938096 397 337 113 174 2.702896 
113 174 234 168 1.000000 234 168 251 367 1.648593 251 367 113 174 1.958432 
113 174 234 168 1.000000 234 168 486 370 2.665877 486 370 113 174 3.478048 
234 168 323 246 1.000000 323 246 447 207 1.098407 447 207 234 168 1.829779 
447 207 350 323 1.000000 350 323 234 168 1.280324 234 168 447 207 1.432038 
209 326 234 168 1.000000 234 168 447 207 1.353672 447 207 209 326 1.663433 
397 337 447 207 1.000000 447 207 234 168 1.554674 234 168 397 337 1.685750 
251 367 234 168 1.000000 234 168 447 207 1.084197 447 207 251 367 1.266812 
486 370 447 207 1.000000 447 207 234 168 1.292005 234 168 486 370 1.927005 
350 323 323 246 1.000000 323 246 234 168 1.450339 234 168 350 323 2.372650 
234 168 323 246 1.000000 323 246 209 326 1.176832 209 326 234 168 1.351715 
397 337 323 246 1.000000 323 246 234 168 1.008973 234 168 397 337 2.001853 
234 168 323 246 1.000000 323 246 251 367 1.189776 251 367 234 168 1.687681 
234 168 323 246 1.000000 323 246 486 370 1.730607 486 370 234 168 2.729086 
350 323 209 326 1.000000 209 326 234 168 1.134251 234 168 350 323 1.372740 
397 337 350 323 1.000000 350 323 234 168 3.947735 234 168 397 337 4.787805 
251 367 350 323 1.000000 350 323 234 168 1.787010 234 168 251 367 1.843544 
486 370 350 323 1.000000 350 323 234 168 1.345451 234 168 486 370 2.244508 
234 168 209 326 1.000000 209 326 397 337 1.177263 397 337 234 168 1.467802 
251 367 209 326 1.000000 209 326 234 168 2.725411 234 168 251 367 3.402808 
234 168 209 326 1.000000 209 326 486 370 1.753332 486 370 234 168 2.018981 
397 337 251 367 1.000000 251 367 234 168 1.339982 234 168 397 337 1.575292 
486 370 397 337 1.000000 397 337 234 168 2.473612 234 168 486 370 3.402487 
234 168 251 367 1.000000 251 367 486 370 1.176715 486 370 234 168 1.617062 
447 207 323 246 1.000000 323 246 113 174 1.707844 113 174 447 207 2.581970 
447 207 350 323 1.000000 350 323 113 174 1.851353 113 174 447 207 2.219578 
113 174 209 326 1.000000 209 326 447 207 1.480118 447 207 113 174 1.866897 
447 207 397 337 1.000000 397 337 113 174 2.350970 113 174 447 207 2.409656 
113 174 251 367 1.000000 251 367 447 207 1.066392 447 207 113 174 1.414584 
486 370 447 207 1.000000 447 207 113 174 2.002535 113 174 486 370 2.514076 
350 323 323 246 1.000000 323 246 113 174 2.720703 113 174 350 323 3.430860 
323 246 209 326 1.000000 209 326 113 174 1.290861 113 174 323 246 1.594031 
397 337 323 246 1.000000 323 246 113 174 1.892741 113 174 397 337 2.791812 
251 367 323 246 1.000000 323 246 113 174 1.576690 113 174 251 367 1.685080 
486 370 323 246 1.000000 323 246 113 174 1.083959 113 174 486 370 2.057378 
350 323 209 326 1.000000 209 326 113 174 1.274730 113 174 350 323 1.984986 
397 337 350 323 1.000000 350 323 113 174 5.708439 113 174 397 337 6.677140 
350 323 251 367 1.000000 251 367 113 174 2.190023 113 174 350 323 2.584023 
486 370 350 323 1.000000 350 323 113 174 1.945527 113 174 486 370 2.928307 
113 174 209 326 1.000000 209 326 397 337 1.047525 397 337 113 174 1.821429 
251 367 209 326 1.000000 209 326 113 174 3.062958 113 174 251 367 4.042338 
113 174 209 326 1.000000 209 326 486 370 1.560110 486 370 113 174 2.343789 
397 337 251 367 1.000000 251 367 113 174 1.591821 113 174 397 337 2.196924 
486 370 397 337 1.000000 397 337 113 174 3.449734 113 174 486 370 4.439068 
486 370 251 367 1.000000 251 367 113 174 1.009541 113 174 486 370 1.792879 
350 323 323 246 1.000000 323 246 447 207 1.593063 447 207 350 323 1.853163 
447 207 323 246 1.000000 323 246 209 326 1.071399 209 326 447 207 2.047044 
397 337 323 246 1.000000 323 246 447 207 1.108263 447 207 397 337 1.187515 
447 207 323 246 1.000000 323 246 251 367 1.083183 251 367 447 207 1.946433 
323 246 447 207 1.000000 447 207 486 370 1.289351 486 370 323 246 1.575561 
209 326 350 323 1.000000 350 323 447 207 1.072181 447 207 209 326 1.886751 
350 323 397 337 1.000000 397 337 447 207 2.840163 447 207 350 323 3.083387 
251 367 350 323 1.000000 350 323 447 207 1.395748 447 207 251 367 2.335424 
486 370 350 323 1.000000 350 323 447 207 1.050868 447 207 486 370 1.164765 
447 207 397 337 1.000000 397 337 209 326 1.352070 209 326 447 207 1.910430 
209 326 251 367 1.000000 251 367 447 207 4.310718 447 207 209 326 4.533539 
486 370 447 207 1.000000 447 207 209 326 1.587655 209 326 486 370 1.673458 
447 207 397 337 1.000000 397 337 251 367 1.070119 251 367 447 207 1.816533 
486 370 397 337 1.000000 397 337 447 207 1.467366 447 207 486 370 1.765686 
447 207 486 370 1.000000 486 370 251 367 1.402256 251 367 447 207 1.509623 
350 323 323 246 1.000000 323 246 209 326 1.706806 209 326 350 323 1.728405 
397 337 350 323 1.000000 350 323 323 246 1.663851 323 246 397 337 2.391687 
323 246 350 323 1.000000 350 323 251 367 1.327720 251 367 323 246 1.725578 
323 246 350 323 1.000000 350 323 486 370 1.763460 486 370 323 246 2.509968 
397 337 323 246 1.000000 323 246 209 326 1.187392 209 326 397 337 1.605603 
251 367 209 326 1.000000 209 326 323 246 2.372802 323 246 251 367 2.398899 
209 326 323 246 1.000000 323 246 486 370 1.470564 486 370 209 326 2.013885 
397 337 323 246 1.000000 323 246 251 367 1.200452 251 367 397 337 1.270782 
486 370 397 337 1.000000 397 337 323 246 1.235661 323 246 486 370 2.157634 
251 367 323 246 1.000000 323 246 486 370 1.454566 486 370 251 367 1.669155 
397 337 350 323 1.000000 350 323 209 326 2.875808 209 326 397 337 3.840099 
209 326 251 367 1.000000 251 367 350 323 1.845797 350 323 209 326 2.402829 
209 326 350 323 1.000000 350 323 486 370 1.020282 486 370 209 326 1.988719 
397 337 350 323 1.000000 350 323 251 367 2.209129 251 367 397 337 3.039313 
350 323 397 337 1.000000 397 337 486 370 1.935552 486 370 350 323 2.934135 
251 367 350 323 1.000000 350 323 486 370 1.328187 486 370 251 367 2.169325 
209 326 251 367 1.000000 251 367 397 337 2.539442 397 337 209 326 3.208525 
486 370 397 337 1.000000 397 337 209 326 1.983981 209 326 486 370 2.954802 
209 326 251 367 1.000000 251 367 486 370 4.004134 486 370 209 326 4.778550 
486 370 397 337 1.000000 397 337 251 367 1.570256 251 367 486 370 2.475944 