6 20
0 315 42 
1 328 197 
2 320 266 
3 410 382 
4 245 396 
5 465 455
320 266 328 197 1.000000 328 197 315 42 2.239263 315 42 320 266 3.225578 
315 42 328 197 1.000000 328 197 410 382 1.300972 410 382 315 42 2.269597 
315 42 328 197 1.000000 328 197 245 396 1.386200 245 396 315 42 2.319948 
315 42 328 197 1.000000 328 197 465 455 1.878039 465 455 315 42 2.824896 
410 382 320 266 1.000000 320 266 315 42 1.526062 315 42 410 382 2.404465 
245 396 320 266 1.000000 320 266 315 42 1.492876 315 42 245 396 2.404362 
315 42 320 266 1.000000 320 266 465 455 1.063191 465 455 315 42 1.961102 
245 396 410 382 1.000000 410 382 315 42 2.131871 315 42 245 396 2.179167 
465 455 410 382 1.000000 410 382 315 42 3.862383 315 42 465 455 4.807386 
465 455 245 396 1.000000 245 396 315 42 1.584266 315 42 465 455 1.929088 
328 197 320 266 1.000000 320 266 410 382 2.113661 410 382 328 197 2.913218 
328 197 320 266 1.000000 320 266 245 396 2.160647 245 396 328 197 3.104067 
328 197 320 266 1.000000 320 266 465 455 3.429407 465 455 328 197 4.205425 
245 396 410 382 1.000000 410 382 328 197 1.222025 328 197 245 396 1.302081 
465 455 410 382 1.000000 410 382 328 197 2.213984 328 197 465 455 3.196033 
328 197 245 396 1.000000 245 396 465 455 1.056390 465 455 328 197 1.354811 
410 382 320 266 1.000000 320 266 245 396 1.022229 245 396 410 382 1.127866 
465 455 410 382 1.000000 410 382 320 266 1.606338 320 266 465 455 2.606276 
320 266 245 396 1.000000 245 396 465 455 1.517651 465 455 320 266 1.587213 
465 455 410 382 1.000000 410 382 245 396 1.811734 245 396 465 455 2.492051 