5 10
0 482 143 
1 331 152 
2 161 164 
3 605 252 
4 529 353 
482 143 331 152 1.000000 331 152 161 164 1.126630 161 164 482 143 2.126598 
331 152 482 143 1.000000 482 143 605 252 1.086464 605 252 331 152 1.928220 
331 152 482 143 1.000000 482 143 529 353 1.422610 529 353 331 152 1.865190 
605 252 482 143 1.000000 482 143 161 164 1.957357 161 164 605 252 2.754149 
529 353 482 143 1.000000 482 143 161 164 1.494857 161 164 529 353 1.922425 
529 353 605 252 1.000000 605 252 482 143 1.300214 482 143 529 353 1.702492 
161 164 331 152 1.000000 331 152 605 252 1.711494 605 252 161 164 2.655960 
161 164 331 152 1.000000 331 152 529 353 1.655549 529 353 161 164 2.427470 
605 252 529 353 1.000000 529 353 331 152 2.232146 331 152 605 252 2.307575 
605 252 529 353 1.000000 529 353 161 164 3.272913 161 164 605 252 3.580982 