8 56
0 257 129 
1 80 134 
2 313 179 
3 389 201 
4 240 226 
5 128 228 
6 266 299 
7 319 368 
313 179 257 129 1.000000 257 129 80 134 2.358636 80 134 313 179 3.160987 
389 201 257 129 1.000000 257 129 80 134 1.177648 80 134 389 201 2.102828 
240 226 257 129 1.000000 257 129 80 134 1.798065 80 134 240 226 1.874160 
80 134 128 228 1.000000 128 228 257 129 1.540652 257 129 80 134 1.677660 
266 299 257 129 1.000000 257 129 80 134 1.040135 80 134 266 299 1.460533 
80 134 257 129 1.000000 257 129 319 368 1.394421 319 368 80 134 1.888965 
257 129 313 179 1.000000 313 179 389 201 1.053906 389 201 257 129 2.002837 
257 129 313 179 1.000000 313 179 240 226 1.156492 240 226 257 129 1.311764 
313 179 257 129 1.000000 257 129 128 228 2.166016 128 228 313 179 2.549231 
257 129 313 179 1.000000 313 179 266 299 1.716668 266 299 257 129 2.267625 
257 129 313 179 1.000000 313 179 319 368 2.518808 319 368 257 129 3.288931 
240 226 257 129 1.000000 257 129 389 201 1.526828 389 201 240 226 1.534171 
389 201 257 129 1.000000 257 129 128 228 1.081474 128 228 389 201 1.745102 
257 129 389 201 1.000000 389 201 266 299 1.045941 266 299 257 129 1.132206 
257 129 389 201 1.000000 389 201 319 368 1.204295 319 368 257 129 1.642136 
257 129 240 226 1.000000 240 226 128 228 1.137486 128 228 257 129 1.651224 
266 299 240 226 1.000000 240 226 257 129 1.270822 257 129 266 299 2.196849 
257 129 240 226 1.000000 240 226 319 368 1.650069 319 368 257 129 2.507259 
266 299 128 228 1.000000 128 228 257 129 1.047789 257 129 266 299 1.096941 
257 129 128 228 1.000000 128 228 319 368 1.456333 319 368 257 129 1.518424 
319 368 266 299 1.000000 266 299 257 129 1.956630 257 129 319 368 2.837869 
389 201 313 179 1.000000 313 179 80 134 2.999308 80 134 389 201 3.996204 
313 179 240 226 1.000000 240 226 80 134 2.125787 80 134 313 179 2.733255 
80 134 128 228 1.000000 128 228 313 179 1.813227 313 179 80 134 2.248359 
266 299 313 179 1.000000 313 179 80 134 1.841350 80 134 266 299 1.929284 
319 368 313 179 1.000000 313 179 80 134 1.254954 80 134 319 368 1.768845 
389 201 240 226 1.000000 240 226 80 134 1.221611 80 134 389 201 2.092762 
80 134 128 228 1.000000 128 228 389 201 2.486047 389 201 80 134 2.995658 
389 201 266 299 1.000000 266 299 80 134 1.580992 80 134 389 201 2.010465 
319 368 389 201 1.000000 389 201 80 134 1.746107 80 134 319 368 1.847168 
80 134 128 228 1.000000 128 228 240 226 1.061316 240 226 80 134 1.748659 
266 299 240 226 1.000000 240 226 80 134 2.381723 80 134 266 299 3.208570 
319 368 240 226 1.000000 240 226 80 134 1.135808 80 134 319 368 2.058388 
80 134 128 228 1.000000 128 228 266 299 1.470384 266 299 80 134 2.355729 
80 134 128 228 1.000000 128 228 319 368 2.243703 319 368 80 134 3.169041 
319 368 266 299 1.000000 266 299 80 134 2.857723 80 134 319 368 3.844346 
389 201 313 179 1.000000 313 179 240 226 1.097339 240 226 389 201 1.909536 
389 201 313 179 1.000000 313 179 128 228 2.418842 128 228 389 201 3.316384 
389 201 313 179 1.000000 313 179 266 299 1.628863 266 299 389 201 1.987702 
313 179 389 201 1.000000 389 201 319 368 2.288637 319 368 313 179 2.389975 
313 179 240 226 1.000000 240 226 128 228 1.290206 128 228 313 179 2.204280 
266 299 240 226 1.000000 240 226 313 179 1.120396 313 179 266 299 1.663088 
313 179 240 226 1.000000 240 226 319 368 1.871609 319 368 313 179 2.177973 
313 179 266 299 1.000000 266 299 128 228 1.204208 128 228 313 179 1.484988 
319 368 313 179 1.000000 313 179 128 228 1.012079 128 228 319 368 1.252355 
319 368 266 299 1.000000 266 299 313 179 1.481234 313 179 319 368 2.173365 
128 228 240 226 1.000000 240 226 389 201 1.348738 389 201 128 228 2.342420 
266 299 240 226 1.000000 240 226 389 201 1.949658 389 201 266 299 2.029467 
389 201 240 226 1.000000 240 226 319 368 1.075544 319 368 389 201 1.198531 
128 228 266 299 1.000000 266 299 389 201 1.013363 389 201 128 228 1.690747 
389 201 319 368 1.000000 319 368 128 228 1.307807 128 228 389 201 1.449065 
319 368 266 299 1.000000 266 299 389 201 1.807551 389 201 319 368 2.081211 
266 299 240 226 1.000000 240 226 128 228 1.445542 128 228 266 299 2.002704 
128 228 240 226 1.000000 240 226 319 368 1.450627 319 368 128 228 2.114076 
240 226 266 299 1.000000 266 299 319 368 1.122772 319 368 240 226 2.096943 
319 368 266 299 1.000000 266 299 128 228 1.783715 128 228 319 368 2.721823 