14 364
0 434 100 
1 641 134 
2 710 166 
3 458 209 
4 59 233 
5 692 235 
6 220 237 
7 317 267 
8 586 269 
9 508 280 
10 406 338 
11 72 341 
12 169 346 
13 351 419 
710 166 641 134 1.000000 641 134 434 100 2.758032 434 100 710 166 3.731063 
434 100 458 209 1.000000 458 209 641 134 1.771982 641 134 434 100 1.879508 
641 134 434 100 1.000000 434 100 59 233 1.896744 59 233 641 134 2.814271 
692 235 641 134 1.000000 641 134 434 100 1.854010 434 100 692 235 2.573540 
641 134 434 100 1.000000 434 100 220 237 1.211288 220 237 641 134 2.066115 
317 267 434 100 1.000000 434 100 641 134 1.028772 641 134 317 267 1.717626 
586 269 641 134 1.000000 641 134 434 100 1.439036 434 100 586 269 1.559261 
434 100 508 280 1.000000 508 280 641 134 1.014794 641 134 434 100 1.077876 
641 134 434 100 1.000000 434 100 406 338 1.142381 406 338 641 134 1.483469 
641 134 434 100 1.000000 434 100 72 341 2.073115 72 341 641 134 2.886364 
641 134 434 100 1.000000 434 100 169 346 1.723673 169 346 641 134 2.466584 
641 134 434 100 1.000000 434 100 351 419 1.571317 351 419 641 134 1.938288 
434 100 458 209 1.000000 458 209 710 166 2.290478 710 166 434 100 2.542597 
710 166 434 100 1.000000 434 100 59 233 1.402088 59 233 710 166 2.306135 
692 235 710 166 1.000000 710 166 434 100 3.979594 434 100 692 235 4.083422 
220 237 434 100 1.000000 434 100 710 166 1.116826 710 166 220 237 1.948540 
317 267 434 100 1.000000 434 100 710 166 1.391722 710 166 317 267 1.989982 
710 166 586 269 1.000000 586 269 434 100 1.410058 434 100 710 166 1.760447 
434 100 508 280 1.000000 508 280 710 166 1.191816 710 166 434 100 1.458150 
406 338 434 100 1.000000 434 100 710 166 1.184193 710 166 406 338 1.457532 
710 166 434 100 1.000000 434 100 72 341 1.532464 72 341 710 166 2.331249 
710 166 434 100 1.000000 434 100 169 346 1.274153 169 346 710 166 2.009146 
710 166 434 100 1.000000 434 100 351 419 1.161531 351 419 710 166 1.547642 
458 209 434 100 1.000000 434 100 59 233 3.564946 59 233 458 209 3.581380 
434 100 458 209 1.000000 458 209 692 235 2.109471 692 235 434 100 2.608934 
434 100 458 209 1.000000 458 209 220 237 2.147114 220 237 434 100 2.276627 
434 100 458 209 1.000000 458 209 317 267 1.366023 317 267 434 100 1.826943 
434 100 458 209 1.000000 458 209 586 269 1.266585 586 269 434 100 2.036533 
508 280 458 209 1.000000 458 209 434 100 1.285264 434 100 508 280 2.241133 
434 100 458 209 1.000000 458 209 406 338 1.246171 406 338 434 100 2.147114 
434 100 458 209 1.000000 458 209 72 341 3.655073 72 341 434 100 3.896438 
434 100 458 209 1.000000 458 209 169 346 2.865562 169 346 434 100 3.239658 
434 100 458 209 1.000000 458 209 351 419 2.111696 351 419 434 100 2.953304 
692 235 434 100 1.000000 434 100 59 233 1.366438 59 233 692 235 2.173883 
59 233 220 237 1.000000 220 237 434 100 1.577752 434 100 59 233 2.470585 
434 100 317 267 1.000000 317 267 59 233 1.276223 59 233 434 100 1.951317 
586 269 434 100 1.000000 434 100 59 233 1.750497 59 233 586 269 2.323932 
508 280 434 100 1.000000 434 100 59 233 2.044455 59 233 508 280 2.319694 
434 100 406 338 1.000000 406 338 59 233 1.512837 59 233 434 100 1.660343 
72 341 59 233 1.000000 59 233 434 100 3.657735 434 100 72 341 3.997855 
59 233 169 346 1.000000 169 346 434 100 2.292856 434 100 59 233 2.523077 
434 100 351 419 1.000000 351 419 59 233 1.050322 59 233 434 100 1.207104 
220 237 434 100 1.000000 434 100 692 235 1.145965 692 235 220 237 1.857579 
317 267 434 100 1.000000 434 100 692 235 1.428032 692 235 317 267 1.845759 
692 235 586 269 1.000000 586 269 434 100 2.041867 434 100 692 235 2.615767 
692 235 508 280 1.000000 508 280 434 100 1.027424 434 100 692 235 1.537225 
406 338 434 100 1.000000 434 100 692 235 1.215089 692 235 406 338 1.268487 
692 235 434 100 1.000000 434 100 72 341 1.493498 72 341 692 235 2.160121 
692 235 434 100 1.000000 434 100 169 346 1.241756 169 346 692 235 1.836113 
692 235 434 100 1.000000 434 100 351 419 1.131997 351 419 692 235 1.330681 
220 237 317 267 1.000000 317 267 434 100 2.008277 434 100 220 237 2.502593 
586 269 434 100 1.000000 434 100 220 237 1.117893 220 237 586 269 1.616354 
508 280 434 100 1.000000 434 100 220 237 1.305619 220 237 508 280 1.496229 
220 237 406 338 1.000000 406 338 434 100 1.132237 434 100 220 237 1.200533 
72 341 220 237 1.000000 220 237 434 100 1.404727 434 100 72 341 2.404185 
169 346 220 237 1.000000 220 237 434 100 2.111467 434 100 169 346 3.004634 
351 419 220 237 1.000000 220 237 434 100 1.133129 434 100 351 419 1.469927 
317 267 434 100 1.000000 434 100 586 269 1.114722 586 269 317 267 1.319266 
317 267 508 280 1.000000 508 280 434 100 1.016588 434 100 317 267 1.065111 
406 338 317 267 1.000000 317 267 434 100 1.791001 434 100 406 338 2.104873 
434 100 317 267 1.000000 317 267 72 341 1.255140 72 341 434 100 2.132763 
169 346 317 267 1.000000 317 267 434 100 1.215433 434 100 169 346 2.155288 
351 419 317 267 1.000000 317 267 434 100 1.309141 434 100 351 419 2.116262 
586 269 508 280 1.000000 508 280 434 100 2.470650 434 100 586 269 2.885541 
406 338 586 269 1.000000 586 269 434 100 1.179111 434 100 406 338 1.243135 
586 269 434 100 1.000000 434 100 72 341 1.913270 72 341 586 269 2.283413 
586 269 434 100 1.000000 434 100 169 346 1.590771 169 346 586 269 1.865599 
434 100 586 269 1.000000 586 269 351 419 1.226541 351 419 434 100 1.450162 
406 338 508 280 1.000000 508 280 434 100 1.658619 434 100 406 338 2.042332 
508 280 434 100 1.000000 434 100 72 341 2.234562 72 341 508 280 2.262111 
434 100 508 280 1.000000 508 280 169 346 1.774583 169 346 434 100 1.857906 
434 100 508 280 1.000000 508 280 351 419 1.077448 351 419 434 100 1.693686 
434 100 406 338 1.000000 406 338 72 341 1.393805 72 341 434 100 1.814733 
169 346 406 338 1.000000 406 338 434 100 1.010570 434 100 169 346 1.524791 
351 419 406 338 1.000000 406 338 434 100 2.447615 434 100 351 419 3.366636 
72 341 169 346 1.000000 169 346 434 100 3.722699 434 100 72 341 4.477407 
72 341 351 419 1.000000 351 419 434 100 1.137809 434 100 72 341 1.501166 
169 346 351 419 1.000000 351 419 434 100 1.680930 434 100 169 346 1.843915 
710 166 641 134 1.000000 641 134 458 209 2.600246 458 209 710 166 3.361097 
710 166 641 134 1.000000 641 134 59 233 7.761851 59 233 710 166 8.604334 
692 235 710 166 1.000000 710 166 641 134 1.066611 641 134 692 235 1.586695 
710 166 641 134 1.000000 641 134 220 237 5.698413 220 237 710 166 6.509630 
710 166 641 134 1.000000 641 134 317 267 4.604777 317 267 710 166 5.334936 
710 166 641 134 1.000000 641 134 586 269 1.916584 586 269 710 166 2.119384 
710 166 641 134 1.000000 641 134 508 280 2.596620 508 280 710 166 3.049576 
710 166 641 134 1.000000 641 134 406 338 4.091457 406 338 710 166 4.592279 
710 166 641 134 1.000000 641 134 72 341 7.960686 72 341 710 166 8.698036 
710 166 641 134 1.000000 641 134 169 346 6.802918 169 346 710 166 7.496251 
710 166 641 134 1.000000 641 134 351 419 5.345860 351 419 710 166 5.774351 
641 134 458 209 1.000000 458 209 59 233 2.021115 59 233 641 134 2.985045 
692 235 641 134 1.000000 641 134 458 209 1.747943 458 209 692 235 2.080853 
641 134 458 209 1.000000 458 209 220 237 1.211702 220 237 641 134 2.191490 
317 267 458 209 1.000000 458 209 641 134 1.297183 641 134 317 267 2.297183 
458 209 586 269 1.000000 586 269 641 134 1.031189 641 134 458 209 1.399023 
458 209 508 280 1.000000 508 280 641 134 2.274289 641 134 458 209 2.277465 
406 338 458 209 1.000000 458 209 641 134 1.421942 641 134 406 338 2.237408 
641 134 458 209 1.000000 458 209 72 341 2.062703 72 341 641 134 3.061513 
641 134 458 209 1.000000 458 209 169 346 1.617151 169 346 641 134 2.616259 
641 134 458 209 1.000000 458 209 351 419 1.191714 351 419 641 134 2.055906 
692 235 641 134 1.000000 641 134 59 233 5.217687 59 233 692 235 5.594573 
59 233 220 237 1.000000 220 237 641 134 2.691198 641 134 59 233 3.665701 
59 233 317 267 1.000000 317 267 641 134 1.345866 641 134 59 233 2.268603 
641 134 586 269 1.000000 586 269 59 233 3.623615 59 233 641 134 4.049837 
641 134 508 280 1.000000 508 280 59 233 2.285876 59 233 641 134 2.989213 
641 134 406 338 1.000000 406 338 59 233 1.164995 59 233 641 134 1.897087 
72 341 59 233 1.000000 59 233 641 134 5.427121 641 134 72 341 5.566148 
59 233 169 346 1.000000 169 346 641 134 3.281087 641 134 59 233 3.743586 
59 233 351 419 1.000000 351 419 641 134 1.174444 641 134 59 233 1.705218 
692 235 641 134 1.000000 641 134 220 237 3.830599 220 237 692 235 4.171642 
692 235 641 134 1.000000 641 134 317 267 3.095433 317 267 692 235 3.326349 
586 269 692 235 1.000000 692 235 641 134 1.016408 641 134 586 269 1.309510 
641 134 692 235 1.000000 692 235 508 280 1.674146 508 280 641 134 1.745506 
641 134 692 235 1.000000 692 235 406 338 2.686636 406 338 641 134 2.750367 
692 235 641 134 1.000000 641 134 72 341 5.351349 72 341 692 235 5.559158 
692 235 641 134 1.000000 641 134 169 346 4.573071 169 346 692 235 4.725309 
641 134 692 235 1.000000 692 235 351 419 3.424561 351 419 641 134 3.593605 
220 237 317 267 1.000000 317 267 641 134 3.449468 641 134 220 237 4.268717 
641 134 586 269 1.000000 586 269 220 237 2.520317 220 237 641 134 2.973214 
641 134 508 280 1.000000 508 280 220 237 1.474415 220 237 641 134 2.194550 
220 237 406 338 1.000000 406 338 641 134 1.470297 641 134 220 237 2.047770 
72 341 220 237 1.000000 220 237 641 134 2.396067 641 134 72 341 3.347307 
169 346 220 237 1.000000 220 237 641 134 3.601566 641 134 169 346 4.299645 
220 237 351 419 1.000000 351 419 641 134 1.813218 641 134 220 237 1.932798 
641 134 586 269 1.000000 586 269 317 267 1.845376 317 267 641 134 2.402597 
317 267 508 280 1.000000 508 280 641 134 1.031628 641 134 317 267 1.829462 
317 267 406 338 1.000000 406 338 641 134 2.733340 641 134 317 267 3.076269 
72 341 317 267 1.000000 317 267 641 134 1.368473 641 134 72 341 2.365801 
169 346 317 267 1.000000 317 267 641 134 2.087660 641 134 169 346 3.084227 
351 419 317 267 1.000000 317 267 641 134 2.248614 641 134 351 419 2.610501 
508 280 586 269 1.000000 586 269 641 134 1.850583 641 134 508 280 2.507202 
641 134 586 269 1.000000 586 269 406 338 1.322404 406 338 641 134 2.134765 
641 134 586 269 1.000000 586 269 72 341 3.560436 72 341 641 134 4.153581 
641 134 586 269 1.000000 586 269 169 346 2.908956 169 346 641 134 3.549502 
641 134 586 269 1.000000 586 269 351 419 1.912498 351 419 641 134 2.789265 
406 338 508 280 1.000000 508 280 641 134 1.683157 641 134 406 338 2.652126 
641 134 508 280 1.000000 508 280 72 341 2.229132 72 341 641 134 3.065787 
641 134 508 280 1.000000 508 280 169 346 1.748712 169 346 641 134 2.619912 
641 134 508 280 1.000000 508 280 351 419 1.061740 351 419 641 134 2.058776 
641 134 406 338 1.000000 406 338 72 341 1.073333 72 341 641 134 1.945685 
169 346 406 338 1.000000 406 338 641 134 1.312303 641 134 169 346 2.181983 
351 419 406 338 1.000000 406 338 641 134 3.178417 641 134 351 419 4.152891 
72 341 169 346 1.000000 169 346 641 134 5.327199 641 134 72 341 6.233819 
72 341 351 419 1.000000 351 419 641 134 1.403536 641 134 72 341 2.090049 
169 346 351 419 1.000000 351 419 641 134 2.073501 641 134 169 346 2.638650 
710 166 458 209 1.000000 458 209 59 233 1.563595 59 233 710 166 2.559978 
710 166 692 235 1.000000 692 235 458 209 3.301679 458 209 710 166 3.584985 
220 237 458 209 1.000000 458 209 710 166 1.066770 710 166 220 237 2.066075 
317 267 458 209 1.000000 458 209 710 166 1.676749 710 166 317 267 2.661436 
458 209 586 269 1.000000 586 269 710 166 1.140303 710 166 458 209 1.808388 
458 209 508 280 1.000000 508 280 710 166 2.671017 710 166 458 209 2.943868 
406 338 458 209 1.000000 458 209 710 166 1.838012 710 166 406 338 2.511282 
710 166 458 209 1.000000 458 209 72 341 1.595769 72 341 710 166 2.587856 
710 166 458 209 1.000000 458 209 169 346 1.251076 169 346 710 166 2.230299 
351 419 458 209 1.000000 458 209 710 166 1.084663 710 166 351 419 1.863446 
710 166 692 235 1.000000 692 235 59 233 8.876881 59 233 710 166 9.177481 
59 233 220 237 1.000000 220 237 710 166 3.074313 710 166 59 233 4.063583 
59 233 317 267 1.000000 317 267 710 166 1.559274 710 166 59 233 2.514841 
710 166 586 269 1.000000 586 269 59 233 3.276877 59 233 710 166 4.059828 
710 166 508 280 1.000000 508 280 59 233 1.946353 59 233 710 166 2.821486 
710 166 406 338 1.000000 406 338 59 233 1.037944 59 233 710 166 1.873653 
72 341 59 233 1.000000 59 233 710 166 6.016190 710 166 72 341 6.081707 
59 233 169 346 1.000000 169 346 710 166 3.615486 710 166 59 233 4.149921 
59 233 351 419 1.000000 351 419 710 166 1.268580 710 166 59 233 1.890305 
710 166 692 235 1.000000 692 235 220 237 6.619123 220 237 710 166 6.943245 
710 166 692 235 1.000000 692 235 317 267 5.277901 317 267 710 166 5.690303 
710 166 692 235 1.000000 692 235 586 269 1.561080 586 269 710 166 2.260559 
710 166 692 235 1.000000 692 235 508 280 2.656359 508 280 710 166 3.252712 
710 166 692 235 1.000000 692 235 406 338 4.262872 406 338 710 166 4.898177 
710 166 692 235 1.000000 692 235 72 341 8.820687 72 341 710 166 9.277424 
710 166 692 235 1.000000 692 235 169 346 7.497623 169 346 710 166 7.995586 
710 166 692 235 1.000000 692 235 351 419 5.433734 351 419 710 166 6.158988 
220 237 317 267 1.000000 317 267 710 166 3.996434 710 166 220 237 4.876404 
710 166 586 269 1.000000 586 269 220 237 2.279152 220 237 710 166 3.071472 
710 166 508 280 1.000000 508 280 220 237 1.255419 220 237 710 166 2.134602 
220 237 406 338 1.000000 406 338 710 166 1.650272 710 166 220 237 2.339287 
72 341 220 237 1.000000 220 237 710 166 2.737167 710 166 72 341 3.657348 
169 346 220 237 1.000000 220 237 710 166 4.114279 710 166 169 346 4.737852 
220 237 351 419 1.000000 351 419 710 166 1.958554 710 166 220 237 2.207948 
710 166 586 269 1.000000 586 269 317 267 1.668795 317 267 710 166 2.517210 
317 267 508 280 1.000000 508 280 710 166 1.211586 710 166 317 267 2.119551 
317 267 406 338 1.000000 406 338 710 166 3.067919 710 166 317 267 3.564059 
72 341 317 267 1.000000 317 267 710 166 1.585466 710 166 72 341 2.584931 
169 346 317 267 1.000000 317 267 710 166 2.418690 710 166 169 346 3.398562 
351 419 317 267 1.000000 317 267 710 166 2.605166 710 166 351 419 2.819743 
508 280 586 269 1.000000 586 269 710 166 2.046400 710 166 508 280 2.944559 
710 166 586 269 1.000000 586 269 406 338 1.195865 406 338 710 166 2.166799 
710 166 586 269 1.000000 586 269 72 341 3.219744 72 341 710 166 4.104040 
710 166 586 269 1.000000 586 269 169 346 2.630602 169 346 710 166 3.536995 
710 166 586 269 1.000000 586 269 351 419 1.729494 351 419 710 166 2.724542 
406 338 508 280 1.000000 508 280 710 166 1.976768 710 166 406 338 2.976765 
710 166 508 280 1.000000 508 280 72 341 1.898038 72 341 710 166 2.852212 
710 166 508 280 1.000000 508 280 169 346 1.488974 169 346 710 166 2.458129 
351 419 508 280 1.000000 508 280 710 166 1.106147 710 166 351 419 2.094482 
72 341 406 338 1.000000 406 338 710 166 1.045721 710 166 72 341 1.980655 
169 346 406 338 1.000000 406 338 710 166 1.472937 710 166 169 346 2.404364 
351 419 406 338 1.000000 406 338 710 166 3.567477 710 166 351 419 4.485761 
72 341 169 346 1.000000 169 346 710 166 5.870132 710 166 72 341 6.811221 
72 341 351 419 1.000000 351 419 710 166 1.516035 710 166 72 341 2.283638 
169 346 351 419 1.000000 351 419 710 166 2.239699 710 166 169 346 2.907573 
692 235 458 209 1.000000 458 209 59 233 1.697762 59 233 692 235 2.688596 
59 233 220 237 1.000000 220 237 458 209 1.487997 458 209 59 233 2.481974 
458 209 317 267 1.000000 317 267 59 233 1.706843 59 233 458 209 2.621757 
586 269 458 209 1.000000 458 209 59 233 2.827587 59 233 586 269 3.736632 
508 280 458 209 1.000000 458 209 59 233 4.603018 59 233 508 280 5.198742 
458 209 406 338 1.000000 406 338 59 233 2.606571 59 233 458 209 2.873907 
72 341 59 233 1.000000 59 233 458 209 3.674597 458 209 72 341 3.750208 
59 233 169 346 1.000000 169 346 458 209 2.028091 458 209 59 233 2.534708 
458 209 351 419 1.000000 351 419 59 233 1.468923 59 233 458 209 1.695973 
692 235 458 209 1.000000 458 209 220 237 1.017845 220 237 692 235 2.004775 
317 267 458 209 1.000000 458 209 692 235 1.544242 692 235 317 267 2.468550 
692 235 586 269 1.000000 586 269 458 209 1.269903 458 209 692 235 2.114996 
458 209 508 280 1.000000 508 280 692 235 2.181312 692 235 458 209 2.711227 
406 338 458 209 1.000000 458 209 692 235 1.692762 692 235 406 338 2.185563 
692 235 458 209 1.000000 458 209 72 341 1.732696 72 341 692 235 2.671577 
692 235 458 209 1.000000 458 209 169 346 1.358427 169 346 692 235 2.270852 
692 235 458 209 1.000000 458 209 351 419 1.001055 351 419 692 235 1.645749 
220 237 317 267 1.000000 317 267 458 209 1.501608 458 209 220 237 2.360226 
586 269 458 209 1.000000 458 209 220 237 1.695199 220 237 586 269 2.598924 
508 280 458 209 1.000000 458 209 220 237 2.759608 220 237 508 280 3.353247 
458 209 406 338 1.000000 406 338 220 237 1.521739 220 237 458 209 1.722969 
72 341 220 237 1.000000 220 237 458 209 1.324815 458 209 72 341 2.255257 
169 346 220 237 1.000000 220 237 458 209 1.991350 458 209 169 346 2.657678 
220 237 351 419 1.000000 351 419 458 209 1.051039 458 209 220 237 1.068668 
586 269 458 209 1.000000 458 209 317 267 1.078508 317 267 586 269 1.902931 
508 280 458 209 1.000000 458 209 317 267 1.755700 317 267 508 280 2.204563 
317 267 406 338 1.000000 406 338 458 209 1.221654 458 209 317 267 1.339149 
458 209 317 267 1.000000 317 267 72 341 1.678646 72 341 458 209 2.675703 
458 209 317 267 1.000000 317 267 169 346 1.100363 169 346 458 209 2.097741 
458 209 317 267 1.000000 317 267 351 419 1.021599 351 419 458 209 1.545871 
586 269 508 280 1.000000 508 280 458 209 1.102411 458 209 586 269 1.794611 
406 338 458 209 1.000000 458 209 586 269 1.016382 586 269 406 338 1.385988 
586 269 458 209 1.000000 458 209 72 341 2.885769 72 341 586 269 3.671483 
586 269 458 209 1.000000 458 209 169 346 2.262431 169 346 586 269 2.999683 
586 269 458 209 1.000000 458 209 351 419 1.667235 351 419 586 269 1.972146 
458 209 508 280 1.000000 508 280 406 338 1.351204 406 338 458 209 1.601658 
508 280 458 209 1.000000 458 209 72 341 4.697733 72 341 508 280 5.069691 
508 280 458 209 1.000000 458 209 169 346 3.683003 169 346 508 280 3.977076 
458 209 508 280 1.000000 508 280 351 419 2.414703 351 419 458 209 2.714086 
458 209 406 338 1.000000 406 338 72 341 2.401484 72 341 458 209 2.933043 
458 209 406 338 1.000000 406 338 169 346 1.704948 169 346 458 209 2.299494 
351 419 406 338 1.000000 406 338 458 209 1.420580 458 209 351 419 2.407240 
72 341 169 346 1.000000 169 346 458 209 3.292825 458 209 72 341 4.200054 
458 209 351 419 1.000000 351 419 72 341 1.229158 72 341 458 209 1.730871 
169 346 351 419 1.000000 351 419 458 209 1.201913 458 209 169 346 1.630991 
59 233 220 237 1.000000 220 237 692 235 2.930799 692 235 59 233 3.930484 
59 233 317 267 1.000000 317 267 692 235 1.446266 692 235 59 233 2.432469 
692 235 586 269 1.000000 586 269 59 233 4.745160 59 233 692 235 5.686371 
692 235 508 280 1.000000 508 280 59 233 2.383310 59 233 692 235 3.341747 
692 235 406 338 1.000000 406 338 59 233 1.192631 59 233 692 235 2.082371 
59 233 72 341 1.000000 72 341 692 235 5.782298 692 235 59 233 5.819135 
59 233 169 346 1.000000 169 346 692 235 3.390314 692 235 59 233 4.013994 
59 233 351 419 1.000000 351 419 692 235 1.119197 692 235 59 233 1.828390 
317 267 220 237 1.000000 220 237 59 233 1.586177 59 233 317 267 2.563009 
59 233 220 237 1.000000 220 237 586 269 2.281260 586 269 59 233 3.279908 
59 233 220 237 1.000000 220 237 508 280 1.808090 508 280 59 233 2.803192 
59 233 220 237 1.000000 220 237 406 338 1.314209 406 338 59 233 2.251096 
72 341 59 233 1.000000 59 233 220 237 1.480514 220 237 72 341 1.662874 
220 237 169 346 1.000000 169 346 59 233 1.310433 59 233 220 237 1.338276 
59 233 220 237 1.000000 220 237 351 419 1.392385 351 419 59 233 2.149697 
59 233 317 267 1.000000 317 267 586 269 1.033727 586 269 59 233 2.029846 
508 280 317 267 1.000000 317 267 59 233 1.359319 59 233 508 280 2.358174 
406 338 317 267 1.000000 317 267 59 233 2.285717 59 233 406 338 3.184328 
59 233 72 341 1.000000 72 341 317 267 2.352754 317 267 59 233 2.392275 
59 233 169 346 1.000000 169 346 317 267 1.063828 317 267 59 233 1.650172 
351 419 317 267 1.000000 317 267 59 233 1.670756 59 233 351 419 2.222756 
586 269 508 280 1.000000 508 280 59 233 5.731151 59 233 586 269 6.705801 
586 269 406 338 1.000000 406 338 59 233 1.880659 59 233 586 269 2.740172 
59 233 72 341 1.000000 72 341 586 269 4.771284 586 269 59 233 4.855949 
59 233 169 346 1.000000 169 346 586 269 2.688979 586 269 59 233 3.349596 
586 269 351 419 1.000000 351 419 59 233 1.241815 59 233 586 269 1.894703 
508 280 406 338 1.000000 406 338 59 233 3.089715 59 233 508 280 3.847488 
59 233 72 341 1.000000 72 341 508 280 4.047143 508 280 59 233 4.150165 
59 233 169 346 1.000000 169 346 508 280 2.190026 508 280 59 233 2.862751 
508 280 351 419 1.000000 351 419 59 233 1.651045 59 233 508 280 2.152953 
59 233 72 341 1.000000 72 341 406 338 3.070553 406 338 59 233 3.332778 
59 233 169 346 1.000000 169 346 406 338 1.503718 406 338 59 233 2.298924 
406 338 351 419 1.000000 351 419 59 233 3.536050 59 233 406 338 3.702842 
169 346 72 341 1.000000 72 341 59 233 1.119952 59 233 169 346 1.623608 
59 233 72 341 1.000000 72 341 351 419 2.663166 351 419 59 233 3.182656 
59 233 169 346 1.000000 169 346 351 419 1.243472 351 419 59 233 2.195371 
220 237 317 267 1.000000 317 267 692 235 3.706794 692 235 220 237 4.648765 
692 235 586 269 1.000000 586 269 220 237 3.300380 220 237 692 235 4.240091 
692 235 508 280 1.000000 508 280 220 237 1.537261 220 237 692 235 2.491803 
220 237 406 338 1.000000 406 338 692 235 1.436228 692 235 220 237 2.230085 
72 341 220 237 1.000000 220 237 692 235 2.609392 692 235 72 341 3.477293 
169 346 220 237 1.000000 220 237 692 235 3.922217 692 235 169 346 4.442780 
220 237 351 419 1.000000 351 419 692 235 1.727924 692 235 220 237 2.104877 
692 235 586 269 1.000000 586 269 317 267 2.416538 317 267 692 235 3.380929 
692 235 508 280 1.000000 508 280 317 267 1.010659 317 267 692 235 1.986893 
317 267 406 338 1.000000 406 338 692 235 2.670003 692 235 317 267 3.305756 
72 341 317 267 1.000000 317 267 692 235 1.470560 692 235 72 341 2.457672 
169 346 317 267 1.000000 317 267 692 235 2.243397 692 235 169 346 3.186900 
351 419 317 267 1.000000 317 267 692 235 2.416358 692 235 351 419 2.487703 
508 280 586 269 1.000000 586 269 692 235 1.413188 692 235 508 280 2.404703 
692 235 586 269 1.000000 586 269 406 338 1.731701 406 338 692 235 2.730719 
692 235 586 269 1.000000 586 269 72 341 4.662426 72 341 692 235 5.650374 
692 235 586 269 1.000000 586 269 169 346 3.809306 169 346 692 235 4.802843 
692 235 586 269 1.000000 586 269 351 419 2.504434 351 419 692 235 3.480753 
406 338 508 280 1.000000 508 280 692 235 1.614347 692 235 406 338 2.590671 
692 235 508 280 1.000000 508 280 72 341 2.324147 72 341 692 235 3.320593 
692 235 508 280 1.000000 508 280 169 346 1.823249 169 346 692 235 2.822519 
692 235 508 280 1.000000 508 280 351 419 1.106996 351 419 692 235 2.045557 
692 235 406 338 1.000000 406 338 72 341 1.098794 72 341 692 235 2.069189 
169 346 406 338 1.000000 406 338 692 235 1.281894 692 235 169 346 2.254621 
351 419 406 338 1.000000 406 338 692 235 3.104767 692 235 351 419 3.957539 
72 341 169 346 1.000000 169 346 692 235 5.504542 692 235 72 341 6.475897 
72 341 351 419 1.000000 351 419 692 235 1.337514 692 235 72 341 2.171212 
169 346 351 419 1.000000 351 419 692 235 1.975963 692 235 169 346 2.726490 
220 237 317 267 1.000000 317 267 586 269 2.649452 586 269 220 237 3.618482 
220 237 317 267 1.000000 317 267 508 280 1.885509 508 280 220 237 2.867951 
220 237 317 267 1.000000 317 267 406 338 1.121315 406 338 220 237 2.084569 
317 267 220 237 1.000000 220 237 72 341 1.781551 72 341 317 267 2.520668 
317 267 220 237 1.000000 220 237 169 346 1.185239 169 346 317 267 1.652313 
220 237 317 267 1.000000 317 267 351 419 1.534042 351 419 220 237 2.208569 
586 269 508 280 1.000000 508 280 220 237 3.696657 220 237 586 269 4.664057 
586 269 406 338 1.000000 406 338 220 237 1.097945 220 237 586 269 1.905860 
72 341 220 237 1.000000 220 237 586 269 2.031085 586 269 72 341 2.869300 
169 346 220 237 1.000000 220 237 586 269 3.052955 586 269 169 346 3.523727 
220 237 351 419 1.000000 351 419 586 269 1.243258 586 269 220 237 1.638383 
508 280 406 338 1.000000 406 338 220 237 1.803803 220 237 508 280 2.481673 
72 341 220 237 1.000000 220 237 508 280 1.609805 508 280 72 341 2.433825 
169 346 220 237 1.000000 220 237 508 280 2.419723 508 280 169 346 2.869882 
508 280 351 419 1.000000 351 419 220 237 1.069402 220 237 508 280 1.388679 
72 341 220 237 1.000000 220 237 406 338 1.170086 406 338 72 341 1.846534 
169 346 220 237 1.000000 220 237 406 338 1.758775 406 338 169 346 1.970522 
351 419 406 338 1.000000 406 338 220 237 2.161751 220 237 351 419 2.290343 
72 341 169 346 1.000000 169 346 220 237 1.238986 220 237 72 341 1.862339 
72 341 220 237 1.000000 220 237 351 419 1.239689 351 419 72 341 1.601545 
220 237 169 346 1.000000 169 346 351 419 1.629487 351 419 220 237 1.863395 
586 269 508 280 1.000000 508 280 317 267 2.430335 317 267 586 269 3.415021 
317 267 406 338 1.000000 406 338 586 269 1.693198 586 269 317 267 2.362807 
72 341 317 267 1.000000 317 267 586 269 1.051091 586 269 72 341 2.027957 
169 346 317 267 1.000000 317 267 586 269 1.603480 586 269 169 346 2.527644 
351 419 317 267 1.000000 317 267 586 269 1.727106 586 269 351 419 1.789926 
317 267 406 338 1.000000 406 338 508 280 1.030622 508 280 317 267 1.681516 
508 280 317 267 1.000000 317 267 72 341 1.336863 72 341 508 280 2.299635 
169 346 317 267 1.000000 317 267 508 280 1.141133 508 280 169 346 2.058627 
351 419 317 267 1.000000 317 267 508 280 1.229112 508 280 351 419 1.346272 
406 338 317 267 1.000000 317 267 72 341 2.247957 72 341 406 338 2.933783 
406 338 317 267 1.000000 317 267 169 346 1.473549 169 346 406 338 2.082858 
351 419 406 338 1.000000 406 338 317 267 1.162833 317 267 351 419 1.590841 
72 341 169 346 1.000000 169 346 317 267 1.727240 317 267 72 341 2.634972 
351 419 317 267 1.000000 317 267 72 341 1.643155 72 341 351 419 1.859946 
351 419 317 267 1.000000 317 267 169 346 1.077098 169 346 351 419 1.258983 
586 269 508 280 1.000000 508 280 406 338 1.489582 406 338 586 269 2.447219 
586 269 508 280 1.000000 508 280 72 341 5.588883 72 341 586 269 6.588883 
586 269 508 280 1.000000 508 280 169 346 4.384373 169 346 586 269 5.383264 
586 269 508 280 1.000000 508 280 351 419 2.661996 351 419 586 269 3.539236 
586 269 406 338 1.000000 406 338 72 341 1.732688 72 341 586 269 2.692396 
586 269 406 338 1.000000 406 338 169 346 1.230133 169 346 586 269 2.199748 
351 419 406 338 1.000000 406 338 586 269 1.968906 586 269 351 419 2.847486 
72 341 169 346 1.000000 169 346 586 269 4.365848 586 269 72 341 5.343610 
586 269 351 419 1.000000 351 419 72 341 1.039119 72 341 586 269 1.861668 
169 346 351 419 1.000000 351 419 586 269 1.421724 586 269 169 346 2.162477 
508 280 406 338 1.000000 406 338 72 341 2.846614 72 341 508 280 3.751980 
508 280 406 338 1.000000 406 338 169 346 2.020972 169 346 508 280 2.943357 
351 419 406 338 1.000000 406 338 508 280 1.198441 508 280 351 419 2.141704 
72 341 169 346 1.000000 169 346 508 280 3.555743 508 280 72 341 4.532606 
508 280 351 419 1.000000 351 419 72 341 1.381553 72 341 508 280 2.099509 
169 346 351 419 1.000000 351 419 508 280 1.069333 508 280 169 346 1.761219 
72 341 169 346 1.000000 169 346 406 338 2.441449 406 338 72 341 3.438872 
406 338 351 419 1.000000 351 419 72 341 2.958877 72 341 406 338 3.411499 
406 338 351 419 1.000000 351 419 169 346 2.002841 169 346 406 338 2.422015 
72 341 169 346 1.000000 169 346 351 419 2.018911 351 419 72 341 2.982619 