15 455
0 274 47 
1 372 79 
2 252 128 
3 241 147 
4 439 156 
5 478 215 
6 467 225 
7 216 273 
8 418 282 
9 270 328 
10 336 331 
11 431 343 
12 440 361 
13 446 378 
14 307 424 
252 128 274 47 1.000000 274 47 372 79 1.228246 372 79 252 128 1.544284 
372 79 274 47 1.000000 274 47 241 147 1.021458 241 147 372 79 1.431703 
439 156 372 79 1.000000 372 79 274 47 1.010028 274 47 439 156 1.937446 
274 47 372 79 1.000000 372 79 478 215 1.672578 478 215 274 47 2.563459 
274 47 372 79 1.000000 372 79 467 225 1.689621 467 225 274 47 2.546759 
372 79 274 47 1.000000 274 47 216 273 2.263254 216 273 372 79 2.414749 
274 47 372 79 1.000000 372 79 418 282 2.019033 418 282 274 47 2.673435 
274 47 372 79 1.000000 372 79 270 328 2.610108 270 328 274 47 2.725992 
274 47 372 79 1.000000 372 79 336 331 2.469231 336 331 274 47 2.819698 
274 47 372 79 1.000000 372 79 431 343 2.623986 431 343 274 47 3.250098 
274 47 372 79 1.000000 372 79 440 361 2.813819 440 361 274 47 3.445254 
274 47 372 79 1.000000 372 79 446 378 2.987822 446 378 274 47 3.618329 
274 47 372 79 1.000000 372 79 307 424 3.405397 307 424 274 47 3.670904 
241 147 252 128 1.000000 252 128 274 47 3.823112 274 47 241 147 4.796480 
274 47 252 128 1.000000 252 128 439 156 2.252764 439 156 274 47 2.356032 
274 47 252 128 1.000000 252 128 478 215 2.885194 478 215 274 47 3.148557 
274 47 252 128 1.000000 252 128 467 225 2.810151 467 225 274 47 3.128046 
274 47 252 128 1.000000 252 128 216 273 1.779985 216 273 274 47 2.779832 
274 47 252 128 1.000000 252 128 418 282 2.697737 418 282 274 47 3.283635 
274 47 252 128 1.000000 252 128 270 328 2.392441 270 328 274 47 3.348188 
274 47 252 128 1.000000 252 128 336 331 2.617433 336 331 274 47 3.463282 
274 47 252 128 1.000000 252 128 431 343 3.333083 431 343 274 47 3.991919 
274 47 252 128 1.000000 252 128 440 361 3.566921 440 361 274 47 4.231619 
274 47 252 128 1.000000 252 128 446 378 3.770115 446 378 274 47 4.444197 
274 47 252 128 1.000000 252 128 307 424 3.586921 307 424 274 47 4.508772 
241 147 274 47 1.000000 274 47 439 156 1.877913 439 156 241 147 1.882206 
274 47 241 147 1.000000 241 147 478 215 2.341427 478 215 274 47 2.509608 
274 47 241 147 1.000000 241 147 467 225 2.270387 467 225 274 47 2.493259 
274 47 241 147 1.000000 241 147 216 273 1.219857 216 273 274 47 2.215710 
274 47 241 147 1.000000 241 147 418 282 2.113942 418 282 274 47 2.617274 
274 47 241 147 1.000000 241 147 270 328 1.740750 270 328 274 47 2.668727 
274 47 241 147 1.000000 241 147 336 331 1.966465 336 331 274 47 2.760464 
274 47 241 147 1.000000 241 147 431 343 2.592260 431 343 274 47 3.181823 
274 47 241 147 1.000000 241 147 440 361 2.775077 440 361 274 47 3.372880 
274 47 241 147 1.000000 241 147 446 378 2.932892 446 378 274 47 3.542319 
274 47 241 147 1.000000 241 147 307 424 2.704108 307 424 274 47 3.593789 
478 215 439 156 1.000000 439 156 274 47 2.796082 274 47 478 215 3.736632 
467 225 439 156 1.000000 439 156 274 47 2.655651 274 47 467 225 3.525842 
439 156 274 47 1.000000 274 47 216 273 1.179879 216 273 439 156 1.273458 
418 282 439 156 1.000000 439 156 274 47 1.548109 274 47 418 282 2.157621 
274 47 439 156 1.000000 439 156 270 328 1.219367 270 328 274 47 1.421113 
274 47 439 156 1.000000 439 156 336 331 1.026848 336 331 274 47 1.469964 
431 343 439 156 1.000000 439 156 274 47 1.056533 274 47 431 343 1.790126 
274 47 439 156 1.000000 439 156 440 361 1.036662 440 361 274 47 1.796079 
274 47 439 156 1.000000 439 156 446 378 1.123174 446 378 274 47 1.886306 
274 47 439 156 1.000000 439 156 307 424 1.510698 307 424 274 47 1.913714 
478 215 467 225 1.000000 467 225 274 47 17.661088 274 47 478 215 17.776898 
216 273 274 47 1.000000 274 47 478 215 1.132643 478 215 216 273 1.150089 
418 282 478 215 1.000000 478 215 274 47 2.938358 274 47 418 282 3.064417 
270 328 478 215 1.000000 478 215 274 47 1.116427 274 47 270 328 1.187212 
336 331 478 215 1.000000 478 215 274 47 1.441296 274 47 336 331 1.585366 
431 343 478 215 1.000000 478 215 274 47 1.938105 274 47 431 343 2.457239 
440 361 478 215 1.000000 478 215 274 47 1.751725 274 47 440 361 2.354295 
446 378 478 215 1.000000 478 215 274 47 1.590936 274 47 446 378 2.245610 
274 47 478 215 1.000000 478 215 307 424 1.021827 307 424 274 47 1.432012 
274 47 216 273 1.000000 216 273 467 225 1.095252 467 225 274 47 1.125264 
418 282 467 225 1.000000 467 225 274 47 3.492926 274 47 418 282 3.666664 
270 328 467 225 1.000000 467 225 274 47 1.181057 274 47 270 328 1.264177 
336 331 467 225 1.000000 467 225 274 47 1.558036 274 47 336 331 1.725012 
431 343 467 225 1.000000 467 225 274 47 2.128170 274 47 431 343 2.715907 
440 361 467 225 1.000000 467 225 274 47 1.893566 274 47 440 361 2.561615 
446 378 467 225 1.000000 467 225 274 47 1.700080 274 47 446 378 2.415403 
307 424 467 225 1.000000 467 225 274 47 1.028221 274 47 307 424 1.482080 
418 282 216 273 1.000000 216 273 274 47 1.153924 274 47 418 282 1.363055 
270 328 216 273 1.000000 216 273 274 47 3.027118 274 47 270 328 3.646033 
336 331 216 273 1.000000 216 273 274 47 1.750607 274 47 336 331 2.181012 
431 343 216 273 1.000000 216 273 274 47 1.031911 274 47 431 343 1.481854 
274 47 216 273 1.000000 216 273 440 361 1.031467 440 361 274 47 1.522257 
274 47 216 273 1.000000 216 273 446 378 1.083618 446 378 274 47 1.598729 
307 424 216 273 1.000000 216 273 274 47 1.323441 274 47 307 424 2.146566 
270 328 418 282 1.000000 418 282 274 47 1.778316 274 47 270 328 1.813276 
336 331 418 282 1.000000 418 282 274 47 2.885220 274 47 336 331 3.043070 
431 343 418 282 1.000000 418 282 274 47 4.418965 274 47 431 343 5.372141 
440 361 418 282 1.000000 418 282 274 47 3.360850 274 47 440 361 4.331127 
446 378 418 282 1.000000 418 282 274 47 2.756102 274 47 446 378 3.730214 
307 424 418 282 1.000000 418 282 274 47 1.529163 274 47 307 424 2.099701 
336 331 270 328 1.000000 270 328 274 47 4.253615 274 47 336 331 4.399833 
431 343 270 328 1.000000 270 328 274 47 1.737992 274 47 431 343 2.072142 
440 361 270 328 1.000000 270 328 274 47 1.622816 274 47 440 361 2.051002 
446 378 270 328 1.000000 270 328 274 47 1.535973 274 47 446 378 2.038764 
307 424 270 328 1.000000 270 328 274 47 2.731523 274 47 307 424 3.678353 
431 343 336 331 1.000000 336 331 274 47 3.035760 274 47 431 343 3.499139 
440 361 336 331 1.000000 336 331 274 47 2.685584 274 47 440 361 3.281387 
446 378 336 331 1.000000 336 331 274 47 2.430098 274 47 446 378 3.118381 
307 424 336 331 1.000000 336 331 274 47 2.983975 274 47 307 424 3.884773 
440 361 431 343 1.000000 431 343 274 47 16.649250 274 47 440 361 17.648978 
446 378 431 343 1.000000 431 343 274 47 8.799099 274 47 446 378 9.796023 
307 424 431 343 1.000000 431 343 274 47 2.262213 274 47 307 424 2.555113 
446 378 440 361 1.000000 440 361 274 47 19.701777 274 47 446 378 20.691507 
307 424 440 361 1.000000 440 361 274 47 2.413448 274 47 307 424 2.571518 
307 424 446 378 1.000000 446 378 274 47 2.547721 274 47 307 424 2.584740 
241 147 252 128 1.000000 252 128 372 79 5.903969 372 79 241 147 6.722879 
439 156 372 79 1.000000 372 79 252 128 1.269917 252 128 439 156 1.852525 
252 128 372 79 1.000000 372 79 478 215 1.330284 478 215 252 128 1.868306 
252 128 372 79 1.000000 372 79 467 225 1.343839 467 225 252 128 1.819712 
372 79 252 128 1.000000 252 128 216 273 1.152628 216 273 372 79 1.920570 
252 128 372 79 1.000000 372 79 418 282 1.605838 418 282 252 128 1.746918 
372 79 252 128 1.000000 252 128 270 328 1.549224 270 328 372 79 2.075949 
372 79 252 128 1.000000 252 128 336 331 1.694918 336 331 372 79 1.963903 
252 128 372 79 1.000000 372 79 431 343 2.086987 431 343 252 128 2.158336 
252 128 372 79 1.000000 372 79 440 361 2.237970 440 361 252 128 2.309758 
252 128 372 79 1.000000 372 79 446 378 2.376364 446 378 252 128 2.441336 
372 79 252 128 1.000000 252 128 307 424 2.322709 307 424 372 79 2.708482 
439 156 372 79 1.000000 372 79 241 147 1.446061 241 147 439 156 1.941875 
241 147 372 79 1.000000 372 79 478 215 1.168243 478 215 241 147 1.670506 
241 147 372 79 1.000000 372 79 467 225 1.180147 467 225 241 147 1.619822 
216 273 241 147 1.000000 241 147 372 79 1.149010 372 79 216 273 1.937950 
241 147 372 79 1.000000 372 79 418 282 1.410232 418 282 241 147 1.508206 
372 79 241 147 1.000000 241 147 270 328 1.241949 270 328 372 79 1.823079 
372 79 241 147 1.000000 241 147 336 331 1.402987 336 331 372 79 1.724681 
241 147 372 79 1.000000 372 79 431 343 1.832772 431 343 241 147 1.849464 
241 147 372 79 1.000000 372 79 440 361 1.965365 440 361 241 147 1.979897 
241 147 372 79 1.000000 372 79 446 378 2.086900 446 378 241 147 2.092491 
372 79 241 147 1.000000 241 147 307 424 1.929263 307 424 372 79 2.378563 
478 215 439 156 1.000000 439 156 372 79 1.443179 372 79 478 215 2.438037 
467 225 439 156 1.000000 439 156 372 79 1.370697 372 79 467 225 2.339183 
439 156 372 79 1.000000 372 79 216 273 2.438965 216 273 439 156 2.467255 
372 79 439 156 1.000000 439 156 418 282 1.251492 418 282 372 79 2.039281 
372 79 439 156 1.000000 439 156 270 328 2.362458 270 328 372 79 2.636283 
372 79 439 156 1.000000 439 156 336 331 1.989462 336 331 372 79 2.493994 
372 79 439 156 1.000000 439 156 431 343 1.833777 431 343 372 79 2.650301 
372 79 439 156 1.000000 439 156 440 361 2.008477 440 361 372 79 2.842037 
372 79 439 156 1.000000 439 156 446 378 2.176089 446 378 372 79 3.017785 
372 79 439 156 1.000000 439 156 307 424 2.926895 307 424 372 79 3.439547 
467 225 478 215 1.000000 478 215 372 79 11.598877 372 79 467 225 11.717064 
478 215 372 79 1.000000 372 79 216 273 1.443729 216 273 478 215 1.556246 
418 282 478 215 1.000000 478 215 372 79 1.917188 372 79 418 282 2.314312 
372 79 478 215 1.000000 478 215 270 328 1.372808 270 328 372 79 1.560530 
372 79 478 215 1.000000 478 215 336 331 1.063376 336 331 372 79 1.476303 
431 343 478 215 1.000000 478 215 372 79 1.264554 372 79 431 343 1.983867 
440 361 478 215 1.000000 478 215 372 79 1.142947 372 79 440 361 1.922807 
446 378 478 215 1.000000 478 215 372 79 1.038036 372 79 446 378 1.854304 
372 79 478 215 1.000000 478 215 307 424 1.566092 307 424 372 79 2.036017 
467 225 372 79 1.000000 372 79 216 273 1.429166 216 273 467 225 1.467095 
418 282 467 225 1.000000 467 225 372 79 2.317345 372 79 418 282 2.769141 
372 79 467 225 1.000000 467 225 270 328 1.276226 270 328 372 79 1.544790 
336 331 467 225 1.000000 467 225 372 79 1.033662 372 79 336 331 1.510606 
431 343 467 225 1.000000 467 225 372 79 1.411912 372 79 431 343 2.192704 
440 361 467 225 1.000000 467 225 372 79 1.256266 372 79 440 361 2.092130 
446 378 467 225 1.000000 467 225 372 79 1.127900 372 79 446 378 1.994510 
372 79 467 225 1.000000 467 225 307 424 1.465926 307 424 372 79 2.015480 
216 273 418 282 1.000000 418 282 372 79 1.029407 372 79 216 273 1.231164 
270 328 216 273 1.000000 216 273 372 79 3.229743 372 79 270 328 3.491037 
336 331 216 273 1.000000 216 273 372 79 1.867787 372 79 336 331 1.909929 
431 343 216 273 1.000000 216 273 372 79 1.100984 372 79 431 343 1.196384 
440 361 216 273 1.000000 216 273 372 79 1.034388 372 79 440 361 1.205335 
372 79 216 273 1.000000 216 273 446 378 1.015635 446 378 372 79 1.237322 
307 424 216 273 1.000000 216 273 372 79 1.412028 372 79 307 424 1.991311 
270 328 418 282 1.000000 418 282 372 79 1.343021 372 79 270 328 1.736192 
336 331 418 282 1.000000 418 282 372 79 2.178978 372 79 336 331 2.664840 
431 343 418 282 1.000000 418 282 372 79 3.337294 372 79 431 343 4.337230 
440 361 418 282 1.000000 418 282 372 79 2.538184 372 79 440 361 3.537331 
446 378 418 282 1.000000 418 282 372 79 2.081466 372 79 446 378 3.080211 
307 424 418 282 1.000000 418 282 372 79 1.154856 372 79 307 424 1.947834 
270 328 336 331 1.000000 336 331 372 79 3.852968 372 79 270 328 4.072791 
431 343 270 328 1.000000 270 328 372 79 1.664109 372 79 431 343 1.672957 
440 361 270 328 1.000000 270 328 372 79 1.553829 372 79 440 361 1.675101 
446 378 270 328 1.000000 270 328 372 79 1.470678 372 79 446 378 1.683502 
307 424 270 328 1.000000 270 328 372 79 2.615404 372 79 307 424 3.412306 
431 343 336 331 1.000000 336 331 372 79 2.658438 372 79 431 343 2.825051 
440 361 336 331 1.000000 336 331 372 79 2.351786 372 79 440 361 2.679984 
446 378 336 331 1.000000 336 331 372 79 2.128055 372 79 446 378 2.574992 
307 424 336 331 1.000000 336 331 372 79 2.613090 372 79 307 424 3.603797 
440 361 431 343 1.000000 431 343 372 79 13.441873 372 79 440 361 14.414328 
446 378 431 343 1.000000 431 343 372 79 7.104006 372 79 446 378 8.089030 
307 424 431 343 1.000000 431 343 372 79 1.826412 372 79 307 424 2.370308 
446 378 440 361 1.000000 440 361 372 79 16.090896 372 79 446 378 17.085937 
307 424 440 361 1.000000 440 361 372 79 1.971118 372 79 307 424 2.385527 
307 424 446 378 1.000000 446 378 372 79 2.103771 372 79 307 424 2.397792 
241 147 252 128 1.000000 252 128 439 156 8.612569 439 156 241 147 9.027965 
241 147 252 128 1.000000 252 128 478 215 11.030418 478 215 241 147 11.230608 
241 147 252 128 1.000000 252 128 467 225 10.743521 467 225 241 147 10.889867 
252 128 241 147 1.000000 241 147 216 273 5.851020 216 273 252 128 6.805081 
252 128 241 147 1.000000 241 147 418 282 10.139484 418 282 252 128 10.313750 
252 128 241 147 1.000000 241 147 270 328 8.349473 270 328 252 128 9.146570 
252 128 241 147 1.000000 241 147 336 331 9.432112 336 331 252 128 10.006740 
252 128 241 147 1.000000 241 147 431 343 12.433725 431 343 252 128 12.742747 
252 128 241 147 1.000000 241 147 440 361 13.310605 440 361 252 128 13.636736 
252 128 241 147 1.000000 241 147 446 378 14.067561 446 378 252 128 14.413571 
252 128 241 147 1.000000 241 147 307 424 12.970202 307 424 252 128 13.713200 
478 215 439 156 1.000000 439 156 252 128 2.673526 252 128 478 215 3.424078 
467 225 439 156 1.000000 439 156 252 128 2.539250 252 128 467 225 3.167520 
216 273 252 128 1.000000 252 128 439 156 1.265609 439 156 216 273 1.685580 
418 282 439 156 1.000000 439 156 252 128 1.480253 252 128 418 282 1.772638 
439 156 252 128 1.000000 252 128 270 328 1.062003 270 328 439 156 1.275264 
252 128 439 156 1.000000 439 156 336 331 1.073919 336 331 252 128 1.161876 
431 343 439 156 1.000000 439 156 252 128 1.010224 252 128 431 343 1.494679 
252 128 439 156 1.000000 439 156 440 361 1.084183 440 361 252 128 1.583353 
252 128 439 156 1.000000 439 156 446 378 1.174661 446 378 252 128 1.673551 
252 128 439 156 1.000000 439 156 307 424 1.579949 307 424 252 128 1.592231 
478 215 467 225 1.000000 467 225 252 128 15.866240 252 128 478 215 16.289935 
216 273 252 128 1.000000 252 128 478 215 1.620909 478 215 216 273 1.796113 
478 215 418 282 1.000000 418 282 252 128 2.517635 252 128 478 215 2.692577 
252 128 270 328 1.000000 270 328 478 215 1.178800 478 215 252 128 1.205962 
478 215 336 331 1.000000 336 331 252 128 1.198167 252 128 478 215 1.320738 
431 343 478 215 1.000000 478 215 252 128 1.775991 252 128 431 343 2.051690 
440 361 478 215 1.000000 478 215 252 128 1.605201 252 128 440 361 1.984485 
446 378 478 215 1.000000 478 215 252 128 1.457861 252 128 446 378 1.905003 
252 128 478 215 1.000000 478 215 307 424 1.115100 307 424 252 128 1.243217 
216 273 252 128 1.000000 252 128 467 225 1.578750 467 225 216 273 1.710474 
467 225 418 282 1.000000 418 282 252 128 3.012423 252 128 467 225 3.137949 
252 128 270 328 1.000000 270 328 467 225 1.107034 467 225 252 128 1.174596 
467 225 336 331 1.000000 336 331 252 128 1.303707 252 128 467 225 1.399697 
431 343 467 225 1.000000 467 225 252 128 1.911890 252 128 431 343 2.267667 
440 361 467 225 1.000000 467 225 252 128 1.701128 252 128 440 361 2.159239 
446 378 467 225 1.000000 467 225 252 128 1.527306 252 128 446 378 2.049042 
252 128 467 225 1.000000 467 225 307 424 1.082572 307 424 252 128 1.276416 
252 128 216 273 1.000000 216 273 418 282 1.353397 418 282 252 128 1.515595 
270 328 216 273 1.000000 216 273 252 128 1.938327 252 128 270 328 2.605266 
336 331 216 273 1.000000 216 273 252 128 1.120951 252 128 336 331 1.648336 
252 128 216 273 1.000000 216 273 431 343 1.513421 431 343 252 128 1.872534 
252 128 216 273 1.000000 216 273 440 361 1.610859 440 361 252 128 2.003905 
252 128 216 273 1.000000 216 273 446 378 1.692305 446 378 252 128 2.118060 
252 128 216 273 1.000000 216 273 307 424 1.180043 307 424 252 128 2.015141 
418 282 270 328 1.000000 270 328 252 128 1.295673 252 128 418 282 1.461011 
418 282 336 331 1.000000 336 331 252 128 2.299851 252 128 418 282 2.370411 
431 343 418 282 1.000000 418 282 252 128 3.630491 252 128 431 343 4.485509 
440 361 418 282 1.000000 418 282 252 128 2.761175 252 128 440 361 3.650798 
446 378 418 282 1.000000 418 282 252 128 2.264332 252 128 446 378 3.164427 
307 424 418 282 1.000000 418 282 252 128 1.256315 252 128 307 424 1.670402 
336 331 270 328 1.000000 270 328 252 128 3.039413 252 128 336 331 3.325248 
431 343 270 328 1.000000 270 328 252 128 1.241879 252 128 431 343 1.730151 
440 361 270 328 1.000000 270 328 252 128 1.159580 252 128 440 361 1.728833 
446 378 270 328 1.000000 270 328 252 128 1.097527 252 128 446 378 1.729531 
307 424 270 328 1.000000 270 328 252 128 1.951805 252 128 307 424 2.926287 
431 343 336 331 1.000000 336 331 252 128 2.294326 252 128 431 343 2.921632 
440 361 336 331 1.000000 336 331 252 128 2.029675 252 128 440 361 2.765950 
446 378 336 331 1.000000 336 331 252 128 1.836587 252 128 446 378 2.645395 
307 424 336 331 1.000000 336 331 252 128 2.255190 252 128 307 424 3.090503 
440 361 431 343 1.000000 431 343 252 128 13.901417 252 128 440 361 14.876695 
446 378 431 343 1.000000 431 343 252 128 7.346874 252 128 446 378 8.310193 
307 424 431 343 1.000000 431 343 252 128 1.888852 252 128 307 424 2.032702 
446 378 440 361 1.000000 440 361 252 128 16.607042 252 128 446 378 17.553084 
307 424 440 361 1.000000 440 361 252 128 2.034346 252 128 307 424 2.045753 
446 378 307 424 1.000000 307 424 252 128 2.056271 252 128 446 378 2.161290 
478 215 439 156 1.000000 439 156 241 147 2.802474 241 147 478 215 3.486221 
467 225 439 156 1.000000 439 156 241 147 2.661721 241 147 467 225 3.210668 
216 273 241 147 1.000000 241 147 439 156 1.542973 439 156 216 273 1.960429 
418 282 439 156 1.000000 439 156 241 147 1.551648 241 147 418 282 1.742686 
270 328 241 147 1.000000 241 147 439 156 1.081262 439 156 270 328 1.315448 
241 147 439 156 1.000000 439 156 336 331 1.024506 336 331 241 147 1.044766 
431 343 439 156 1.000000 439 156 241 147 1.058948 241 147 431 343 1.458432 
241 147 439 156 1.000000 439 156 440 361 1.034298 440 361 241 147 1.474375 
241 147 439 156 1.000000 439 156 446 378 1.120612 446 378 241 147 1.558221 
439 156 241 147 1.000000 241 147 307 424 1.436670 307 424 439 156 1.507252 
478 215 467 225 1.000000 467 225 241 147 16.082367 241 147 478 215 16.585580 
216 273 241 147 1.000000 241 147 478 215 1.919427 478 215 216 273 2.088985 
478 215 418 282 1.000000 418 282 241 147 2.475095 241 147 478 215 2.741444 
241 147 270 328 1.000000 270 328 478 215 1.291336 478 215 241 147 1.345068 
478 215 336 331 1.000000 336 331 241 147 1.129363 241 147 478 215 1.344708 
431 343 478 215 1.000000 478 215 241 147 1.808223 241 147 431 343 2.001935 
440 361 478 215 1.000000 478 215 241 147 1.634333 241 147 440 361 1.937025 
446 378 478 215 1.000000 478 215 241 147 1.484319 241 147 446 378 1.859272 
241 147 478 215 1.000000 478 215 307 424 1.095223 307 424 241 147 1.154898 
216 273 241 147 1.000000 241 147 467 225 1.861191 467 225 216 273 1.989382 
467 225 418 282 1.000000 418 282 241 147 2.961523 241 147 467 225 3.180694 
241 147 270 328 1.000000 270 328 467 225 1.212719 467 225 241 147 1.304258 
467 225 336 331 1.000000 336 331 241 147 1.228842 241 147 467 225 1.418763 
431 343 467 225 1.000000 467 225 241 147 1.937933 241 147 431 343 2.212674 
440 361 467 225 1.000000 467 225 241 147 1.724300 241 147 440 361 2.107600 
446 378 467 225 1.000000 467 225 241 147 1.548110 241 147 446 378 1.999853 
241 147 467 225 1.000000 467 225 307 424 1.068024 307 424 241 147 1.191034 
241 147 216 273 1.000000 216 273 418 282 1.574080 418 282 241 147 1.732943 
270 328 216 273 1.000000 216 273 241 147 1.666577 241 147 270 328 2.378224 
241 147 216 273 1.000000 216 273 336 331 1.037565 336 331 241 147 1.612046 
241 147 216 273 1.000000 216 273 431 343 1.760198 431 343 241 147 2.125052 
241 147 216 273 1.000000 216 273 440 361 1.873523 440 361 241 147 2.274920 
241 147 216 273 1.000000 216 273 446 378 1.968250 446 378 241 147 2.404292 
241 147 216 273 1.000000 216 273 307 424 1.372459 307 424 241 147 2.216742 
418 282 270 328 1.000000 270 328 241 147 1.182758 241 147 418 282 1.436325 
418 282 336 331 1.000000 336 331 241 147 2.167784 241 147 418 282 2.330359 
431 343 418 282 1.000000 418 282 241 147 3.569148 241 147 431 343 4.376732 
440 361 418 282 1.000000 418 282 241 147 2.714521 241 147 440 361 3.563487 
446 378 418 282 1.000000 418 282 241 147 2.226073 241 147 446 378 3.088462 
307 424 418 282 1.000000 418 282 241 147 1.235088 241 147 307 424 1.579897 
336 331 270 328 1.000000 270 328 241 147 2.774536 241 147 336 331 3.134298 
431 343 270 328 1.000000 270 328 241 147 1.133652 241 147 431 343 1.688193 
440 361 270 328 1.000000 270 328 241 147 1.058526 241 147 440 361 1.687487 
446 378 270 328 1.000000 270 328 241 147 1.001880 241 147 446 378 1.688012 
307 424 270 328 1.000000 270 328 241 147 1.781710 241 147 307 424 2.767737 
431 343 336 331 1.000000 336 331 241 147 2.162576 241 147 431 343 2.850781 
440 361 336 331 1.000000 336 331 241 147 1.913122 241 147 440 361 2.699800 
446 378 336 331 1.000000 336 331 241 147 1.731123 241 147 446 378 2.581890 
307 424 336 331 1.000000 336 331 241 147 2.125687 241 147 307 424 2.923056 
440 361 431 343 1.000000 431 343 241 147 13.564296 241 147 440 361 14.520909 
446 378 431 343 1.000000 431 343 241 147 7.168706 241 147 446 378 8.110700 
307 424 431 343 1.000000 431 343 241 147 1.843046 241 147 307 424 1.922568 
446 378 440 361 1.000000 440 361 241 147 16.209874 241 147 446 378 17.131707 
440 361 307 424 1.000000 307 424 241 147 1.934911 241 147 440 361 1.985693 
446 378 307 424 1.000000 307 424 241 147 1.944860 241 147 446 378 2.109407 
467 225 478 215 1.000000 478 215 439 156 4.757466 439 156 467 225 5.009042 
478 215 439 156 1.000000 439 156 216 273 3.560692 216 273 478 215 3.794185 
439 156 478 215 1.000000 478 215 418 282 1.271673 418 282 439 156 1.806127 
439 156 478 215 1.000000 478 215 270 328 3.346957 270 328 439 156 3.409450 
439 156 478 215 1.000000 478 215 336 331 2.592549 336 331 439 156 2.871150 
439 156 478 215 1.000000 478 215 431 343 1.927982 431 343 439 156 2.646469 
439 156 478 215 1.000000 478 215 440 361 2.133115 440 361 439 156 2.898593 
439 156 478 215 1.000000 478 215 446 378 2.348700 446 378 439 156 3.140486 
439 156 478 215 1.000000 478 215 307 424 3.818189 307 424 439 156 4.224034 
467 225 439 156 1.000000 439 156 216 273 3.381859 216 273 467 225 3.431804 
439 156 467 225 1.000000 467 225 418 282 1.009424 418 282 439 156 1.715416 
439 156 467 225 1.000000 467 225 270 328 2.985326 270 328 439 156 3.238213 
439 156 467 225 1.000000 467 225 336 331 2.263005 336 331 439 156 2.726949 
439 156 467 225 1.000000 467 225 431 343 1.656748 431 343 439 156 2.513552 
439 156 467 225 1.000000 467 225 440 361 1.862012 440 361 439 156 2.753013 
439 156 467 225 1.000000 467 225 446 378 2.073927 446 378 439 156 2.982758 
439 156 467 225 1.000000 467 225 307 424 3.429070 307 424 439 156 4.011885 
439 156 418 282 1.000000 418 282 216 273 1.582930 216 273 439 156 1.971452 
216 273 270 328 1.000000 270 328 439 156 3.128430 439 156 216 273 3.267206 
216 273 336 331 1.000000 336 331 439 156 1.523552 439 156 216 273 1.889452 
439 156 431 343 1.000000 431 343 216 273 1.208031 216 273 439 156 1.345450 
439 156 440 361 1.000000 440 361 216 273 1.173965 216 273 439 156 1.228421 
446 378 439 156 1.000000 439 156 216 273 1.133803 216 273 446 378 1.138326 
307 424 216 273 1.000000 216 273 439 156 1.428406 439 156 307 424 1.694512 
439 156 418 282 1.000000 418 282 270 328 1.213295 270 328 439 156 1.887713 
336 331 418 282 1.000000 418 282 439 156 1.337223 439 156 336 331 2.125746 
431 343 418 282 1.000000 418 282 439 156 2.048073 439 156 431 343 3.000985 
440 361 418 282 1.000000 418 282 439 156 1.557665 439 156 440 361 2.499844 
446 378 418 282 1.000000 418 282 439 156 1.277380 439 156 446 378 2.221103 
439 156 418 282 1.000000 418 282 307 424 1.410981 307 424 439 156 2.338725 
270 328 336 331 1.000000 336 331 439 156 3.073517 439 156 270 328 3.649758 
270 328 431 343 1.000000 431 343 439 156 1.157540 439 156 270 328 1.491261 
270 328 440 361 1.000000 440 361 439 156 1.183799 439 156 270 328 1.392436 
270 328 446 378 1.000000 446 378 439 156 1.213953 439 156 270 328 1.317921 
307 424 270 328 1.000000 270 328 439 156 2.343747 439 156 307 424 2.903714 
336 331 431 343 1.000000 431 343 439 156 1.954689 439 156 336 331 2.120639 
440 361 336 331 1.000000 336 331 439 156 1.876023 439 156 440 361 1.893954 
446 378 336 331 1.000000 336 331 439 156 1.697552 439 156 446 378 1.856796 
307 424 336 331 1.000000 336 331 439 156 2.084465 439 156 307 424 3.066664 
440 361 431 343 1.000000 431 343 439 156 9.300604 439 156 440 361 10.186653 
446 378 431 343 1.000000 431 343 439 156 4.915352 439 156 446 378 5.832903 
307 424 431 343 1.000000 431 343 439 156 1.263718 439 156 307 424 2.017022 
446 378 440 361 1.000000 440 361 439 156 11.371489 439 156 446 378 12.320465 
307 424 440 361 1.000000 440 361 439 156 1.392996 439 156 307 424 2.029972 
307 424 446 378 1.000000 446 378 439 156 1.517004 439 156 307 424 2.040409 
478 215 467 225 1.000000 467 225 216 273 17.190048 216 273 478 215 18.050708 
478 215 467 225 1.000000 467 225 418 282 5.056245 418 282 478 215 6.049943 
478 215 467 225 1.000000 467 225 270 328 14.953624 270 328 478 215 15.923033 
478 215 467 225 1.000000 467 225 336 331 11.335485 336 331 478 215 12.333965 
478 215 467 225 1.000000 467 225 431 343 8.298721 431 343 478 215 9.172307 
478 215 467 225 1.000000 467 225 440 361 9.326894 440 361 478 215 10.148223 
478 215 467 225 1.000000 467 225 446 378 10.388385 446 378 478 215 11.173863 
478 215 467 225 1.000000 467 225 307 424 17.176354 307 424 478 215 18.164906 
478 215 418 282 1.000000 418 282 216 273 2.248198 216 273 478 215 2.983616 
216 273 270 328 1.000000 270 328 478 215 3.071087 478 215 216 273 3.481453 
216 273 336 331 1.000000 336 331 478 215 1.375715 478 215 216 273 2.013353 
478 215 431 343 1.000000 431 343 216 273 1.658219 216 273 478 215 1.967957 
478 215 440 361 1.000000 440 361 216 273 1.595248 216 273 478 215 1.778706 
478 215 446 378 1.000000 446 378 216 273 1.522074 216 273 478 215 1.615440 
307 424 216 273 1.000000 216 273 478 215 1.522074 478 215 307 424 1.531704 
478 215 418 282 1.000000 418 282 270 328 1.723213 270 328 478 215 2.631931 
478 215 418 282 1.000000 418 282 336 331 1.062109 336 331 478 215 2.038691 
431 343 418 282 1.000000 418 282 478 215 1.442024 478 215 431 343 2.186251 
440 361 418 282 1.000000 418 282 478 215 1.096734 478 215 440 361 1.839670 
478 215 418 282 1.000000 418 282 446 378 1.111866 446 378 478 215 1.846937 
478 215 418 282 1.000000 418 282 307 424 2.003983 307 424 478 215 3.002492 
270 328 336 331 1.000000 336 331 478 215 2.775280 478 215 270 328 3.582860 
478 215 431 343 1.000000 431 343 270 328 1.185845 270 328 478 215 1.735990 
478 215 440 361 1.000000 440 361 270 328 1.147876 270 328 478 215 1.569046 
478 215 446 378 1.000000 446 378 270 328 1.101456 270 328 478 215 1.425025 
307 424 270 328 1.000000 270 328 478 215 2.300787 478 215 307 424 2.624725 
336 331 431 343 1.000000 431 343 478 215 1.424012 478 215 336 331 1.914864 
336 331 440 361 1.000000 440 361 478 215 1.393787 478 215 336 331 1.693983 
336 331 446 378 1.000000 446 378 478 215 1.388656 478 215 336 331 1.532831 
307 424 336 331 1.000000 336 331 478 215 1.882200 478 215 307 424 2.772019 
440 361 431 343 1.000000 431 343 478 215 6.775592 478 215 440 361 7.496501 
446 378 431 343 1.000000 431 343 478 215 3.580888 478 215 446 378 4.362299 
478 215 431 343 1.000000 431 343 307 424 1.086210 307 424 478 215 1.980407 
446 378 440 361 1.000000 440 361 478 215 8.368439 478 215 446 378 9.214203 
307 424 440 361 1.000000 440 361 478 215 1.025125 478 215 307 424 1.834933 
307 424 446 378 1.000000 446 378 478 215 1.134534 478 215 307 424 1.844367 
467 225 418 282 1.000000 418 282 216 273 2.690034 216 273 467 225 3.399766 
216 273 270 328 1.000000 270 328 467 225 2.884117 467 225 216 273 3.315457 
216 273 336 331 1.000000 336 331 467 225 1.264346 467 225 216 273 1.917356 
467 225 431 343 1.000000 431 343 216 273 1.832776 216 273 467 225 2.071409 
467 225 440 361 1.000000 440 361 216 273 1.735726 216 273 467 225 1.843062 
467 225 446 378 1.000000 446 378 216 273 1.637160 216 273 467 225 1.654737 
216 273 307 424 1.000000 307 424 467 225 1.448347 467 225 216 273 1.449502 
467 225 418 282 1.000000 418 282 270 328 2.061875 270 328 467 225 2.957456 
467 225 418 282 1.000000 418 282 336 331 1.270844 336 331 467 225 2.241878 
431 343 418 282 1.000000 418 282 467 225 1.205173 467 225 431 343 1.978028 
467 225 418 282 1.000000 418 282 440 361 1.090993 440 361 467 225 1.844629 
467 225 418 282 1.000000 418 282 446 378 1.330380 446 378 467 225 2.054565 
467 225 418 282 1.000000 418 282 307 424 2.397823 307 424 467 225 3.397058 
270 328 336 331 1.000000 336 331 467 225 2.550610 467 225 270 328 3.364732 
467 225 431 343 1.000000 431 343 270 328 1.310676 270 328 467 225 1.801919 
467 225 440 361 1.000000 440 361 270 328 1.248958 270 328 467 225 1.603280 
467 225 446 378 1.000000 446 378 270 328 1.184739 270 328 467 225 1.439456 
307 424 270 328 1.000000 270 328 467 225 2.160713 467 225 307 424 2.481885 
336 331 431 343 1.000000 431 343 467 225 1.288387 467 225 336 331 1.759848 
336 331 440 361 1.000000 440 361 467 225 1.280983 467 225 336 331 1.556849 
336 331 446 378 1.000000 446 378 467 225 1.291040 467 225 336 331 1.408742 
307 424 336 331 1.000000 336 331 467 225 1.729829 467 225 307 424 2.621163 
440 361 431 343 1.000000 431 343 467 225 6.130273 467 225 440 361 6.889785 
446 378 431 343 1.000000 431 343 467 225 3.239838 467 225 446 378 4.055647 
467 225 431 343 1.000000 431 343 307 424 1.200553 307 424 467 225 2.069759 
446 378 440 361 1.000000 440 361 467 225 7.691154 467 225 446 378 8.566482 
467 225 440 361 1.000000 440 361 307 424 1.061392 307 424 467 225 1.841594 
307 424 446 378 1.000000 446 378 467 225 1.054781 467 225 307 424 1.743995 
216 273 270 328 1.000000 270 328 418 282 2.010744 418 282 216 273 2.623326 
418 282 336 331 1.000000 336 331 216 273 1.395256 216 273 418 282 2.116730 
431 343 418 282 1.000000 418 282 216 273 3.241957 216 273 431 343 3.625283 
440 361 418 282 1.000000 418 282 216 273 2.465675 216 273 440 361 2.934730 
446 378 418 282 1.000000 418 282 216 273 2.022004 216 273 446 378 2.528339 
216 273 307 424 1.000000 307 424 418 282 1.022320 418 282 216 273 1.146905 
336 331 270 328 1.000000 270 328 216 273 1.166642 216 273 336 331 2.017336 
216 273 270 328 1.000000 270 328 431 343 2.097842 431 343 216 273 2.933505 
216 273 270 328 1.000000 270 328 440 361 2.246732 440 361 216 273 3.122371 
216 273 270 328 1.000000 270 328 446 378 2.373761 446 378 216 273 3.280240 
216 273 270 328 1.000000 270 328 307 424 1.334798 307 424 216 273 2.287308 
431 343 336 331 1.000000 336 331 216 273 1.391904 216 273 431 343 2.361325 
440 361 336 331 1.000000 336 331 216 273 1.231348 216 273 440 361 2.223436 
446 378 336 331 1.000000 336 331 216 273 1.114207 216 273 446 378 2.113639 
307 424 336 331 1.000000 336 331 216 273 1.368161 216 273 307 424 1.809762 
440 361 431 343 1.000000 431 343 216 273 11.235416 216 273 440 361 11.958777 
446 378 431 343 1.000000 431 343 216 273 5.937897 216 273 446 378 6.639744 
431 343 307 424 1.000000 307 424 216 273 1.190326 216 273 431 343 1.526610 
446 378 440 361 1.000000 440 361 216 273 13.349734 216 273 446 378 14.024703 
440 361 307 424 1.000000 307 424 216 273 1.197968 216 273 440 361 1.635329 
446 378 307 424 1.000000 307 424 216 273 1.204127 216 273 446 378 1.726845 
270 328 336 331 1.000000 336 331 418 282 1.445854 418 282 270 328 2.345818 
431 343 418 282 1.000000 418 282 270 328 2.484916 270 328 431 343 2.592554 
440 361 418 282 1.000000 418 282 270 328 1.889907 270 328 440 361 2.111713 
446 378 418 282 1.000000 418 282 270 328 1.549839 270 328 446 378 1.829645 
307 424 270 328 1.000000 270 328 418 282 1.506403 418 282 307 424 1.751846 
431 343 418 282 1.000000 418 282 336 331 1.531587 336 331 431 343 1.535275 
440 361 418 282 1.000000 418 282 336 331 1.164851 336 331 440 361 1.319908 
336 331 418 282 1.000000 418 282 446 378 1.046848 446 378 336 331 1.252242 
418 282 336 331 1.000000 336 331 307 424 1.019804 307 424 418 282 1.886796 
440 361 431 343 1.000000 431 343 418 282 3.099183 418 282 440 361 4.074916 
446 378 431 343 1.000000 431 343 418 282 1.637913 418 282 446 378 2.626129 
418 282 431 343 1.000000 431 343 307 424 2.374728 307 424 418 282 2.889792 
446 378 440 361 1.000000 440 361 418 282 4.548880 418 282 446 378 5.547002 
418 282 440 361 1.000000 440 361 307 424 1.794581 307 424 418 282 2.197836 
418 282 446 378 1.000000 446 378 307 424 1.464138 307 424 418 282 1.802360 
270 328 336 331 1.000000 336 331 431 343 1.449335 431 343 270 328 2.447431 
270 328 336 331 1.000000 336 331 440 361 1.638316 440 361 270 328 2.621132 
270 328 336 331 1.000000 336 331 446 378 1.810558 446 378 270 328 2.769330 
270 328 336 331 1.000000 336 331 307 424 1.474487 307 424 270 328 1.557232 
440 361 431 343 1.000000 431 343 270 328 8.034801 270 328 440 361 8.605052 
446 378 431 343 1.000000 431 343 270 328 4.246378 270 328 446 378 4.804883 
270 328 307 424 1.000000 307 424 431 343 1.439604 431 343 270 328 1.571655 
446 378 440 361 1.000000 440 361 270 328 9.605928 270 328 446 378 10.149043 
270 328 307 424 1.000000 307 424 440 361 1.430421 440 361 270 328 1.683199 
270 328 307 424 1.000000 307 424 446 378 1.423104 446 378 270 328 1.778367 
440 361 431 343 1.000000 431 343 336 331 4.758099 336 331 440 361 5.378512 
446 378 431 343 1.000000 431 343 336 331 2.514647 336 331 446 378 3.141381 
431 343 336 331 1.000000 336 331 307 424 1.017354 307 424 431 343 1.546777 
446 378 440 361 1.000000 440 361 336 331 6.004101 336 331 446 378 6.635337 
307 424 336 331 1.000000 336 331 440 361 1.111109 440 361 307 424 1.510692 
307 424 336 331 1.000000 336 331 446 378 1.227924 446 378 307 424 1.502965 
446 378 440 361 1.000000 440 361 431 343 1.116313 431 343 446 378 2.112235 
431 343 440 361 1.000000 440 361 307 424 7.312766 307 424 431 343 7.359717 
431 343 446 378 1.000000 446 378 307 424 3.845015 307 424 431 343 3.889597 
440 361 446 378 1.000000 446 378 307 424 8.121576 307 424 440 361 8.163333 