5 10
0 183 158 
1 161 180 
2 285 277 
3 304 310 
4 343 346 
161 180 183 158 1.000000 183 158 285 277 5.037565 285 277 161 180 5.060073 
183 158 161 180 1.000000 161 180 304 310 6.211576 304 310 183 158 6.244419 
183 158 161 180 1.000000 161 180 343 346 7.917446 343 346 183 158 7.934650 
304 310 285 277 1.000000 285 277 183 158 4.115991 183 158 304 310 5.102062 
343 346 285 277 1.000000 285 277 183 158 1.738788 183 158 343 346 2.738759 
343 346 304 310 1.000000 304 310 183 158 3.660465 183 158 343 346 4.651275 
304 310 285 277 1.000000 285 277 161 180 4.134381 161 180 304 310 5.075227 
343 346 285 277 1.000000 285 277 161 180 1.746557 161 180 343 346 2.732820 
343 346 304 310 1.000000 304 310 161 180 3.641213 161 180 343 346 4.641190 
285 277 304 310 1.000000 304 310 343 346 1.393829 343 346 285 277 2.367160 