7 35
0 327 108 
1 124 165 
2 368 181 
3 323 264 
4 152 264 
5 263 281 
6 212 290 
368 181 327 108 1.000000 327 108 124 165 2.518349 124 165 368 181 2.920536 
323 264 327 108 1.000000 327 108 124 165 1.351163 124 165 323 264 1.424311 
152 264 124 165 1.000000 124 165 327 108 2.049413 327 108 152 264 2.278672 
124 165 263 281 1.000000 263 281 327 108 1.018860 327 108 124 165 1.164636 
212 290 124 165 1.000000 124 165 327 108 1.379288 327 108 212 290 1.408316 
327 108 368 181 1.000000 368 181 323 264 1.127658 323 264 327 108 1.863839 
327 108 368 181 1.000000 368 181 152 264 2.763761 152 264 327 108 2.800066 
327 108 368 181 1.000000 368 181 263 281 1.731845 263 281 327 108 2.203130 
327 108 368 181 1.000000 368 181 212 290 2.272988 212 290 327 108 2.571350 
327 108 323 264 1.000000 323 264 152 264 1.095794 152 264 327 108 1.502312 
263 281 323 264 1.000000 323 264 327 108 2.502352 327 108 263 281 2.957877 
212 290 323 264 1.000000 323 264 327 108 1.368818 327 108 212 290 1.888420 
152 264 263 281 1.000000 263 281 327 108 1.642637 327 108 152 264 2.087708 
152 264 212 290 1.000000 212 290 327 108 3.292315 327 108 152 264 3.585159 
212 290 263 281 1.000000 263 281 327 108 3.561801 327 108 212 290 4.157103 
368 181 323 264 1.000000 323 264 124 165 2.354160 124 165 368 181 2.589913 
124 165 152 264 1.000000 152 264 368 181 2.249127 368 181 124 165 2.376710 
368 181 263 281 1.000000 263 281 124 165 1.248581 124 165 368 181 1.686373 
124 165 212 290 1.000000 212 290 368 181 1.244905 368 181 124 165 1.599563 
124 165 152 264 1.000000 152 264 323 264 1.662075 323 264 124 165 2.160364 
323 264 263 281 1.000000 263 281 124 165 2.903124 124 165 323 264 3.564128 
323 264 212 290 1.000000 212 290 124 165 1.340907 124 165 323 264 1.949623 
124 165 152 264 1.000000 152 264 263 281 1.091471 263 281 124 165 1.759702 
212 290 152 264 1.000000 152 264 124 165 1.573354 124 165 212 290 2.337767 
263 281 212 290 1.000000 212 290 124 165 2.951825 124 165 263 281 3.495870 
368 181 323 264 1.000000 323 264 152 264 1.811172 152 264 368 181 2.450886 
263 281 323 264 1.000000 323 264 368 181 1.513970 368 181 263 281 2.325140 
368 181 323 264 1.000000 323 264 212 290 1.207495 212 290 368 181 2.015672 
152 264 263 281 1.000000 263 281 368 181 1.291250 368 181 152 264 2.060639 
152 264 212 290 1.000000 212 290 368 181 2.910298 368 181 152 264 3.538674 
212 290 263 281 1.000000 263 281 368 181 2.799875 368 181 212 290 3.674742 
323 264 263 281 1.000000 263 281 152 264 1.800688 152 264 323 264 2.742061 
152 264 212 290 1.000000 212 290 323 264 1.743423 323 264 152 264 2.615034 
212 290 263 281 1.000000 263 281 323 264 1.204175 323 264 212 290 2.201366 
263 281 212 290 1.000000 212 290 152 264 1.262669 152 264 263 281 2.168344 