5 10
0 147 98 
1 239 98 
2 300 139 
3 143 324 
4 300 404 
300 139 239 98 1.000000 239 98 147 98 1.251730 147 98 300 139 2.155128 
239 98 147 98 1.000000 147 98 143 324 2.456906 143 324 239 98 2.668960 
147 98 239 98 1.000000 239 98 300 404 3.391531 300 404 147 98 3.718678 
300 139 147 98 1.000000 147 98 143 324 1.427007 143 324 300 139 1.531833 
147 98 300 139 1.000000 300 139 300 404 1.672998 300 404 147 98 2.159862 
300 404 143 324 1.000000 143 324 147 98 1.282781 147 98 300 404 1.941568 
239 98 300 139 1.000000 300 139 143 324 3.301296 143 324 239 98 3.340816 
239 98 300 139 1.000000 300 139 300 404 3.605526 300 404 239 98 4.245280 
300 404 143 324 1.000000 143 324 239 98 1.393497 239 98 300 404 1.770760 
300 404 143 324 1.000000 143 324 300 139 1.377013 300 139 300 404 1.503911 