Delphinus
5 5 10
0 133 165 
1 190 172 
2 159 200 
3 206 216 
4 242 326
0 1
0 2
1 3
2 3
3 4
190 172 159 200 1.000000 159 200 133 165 1.043742 133 165 190 172 1.374762 
206 216 190 172 1.000000 190 172 133 165 1.226606 133 165 206 216 1.902025 
133 165 190 172 1.000000 190 172 242 326 2.830356 242 326 133 165 3.385572 
133 165 159 200 1.000000 159 200 206 216 1.138721 206 216 133 165 2.042422 
133 165 159 200 1.000000 159 200 242 326 3.460531 242 326 133 165 4.459296 
133 165 206 216 1.000000 206 216 242 326 1.299724 242 326 133 165 2.183337 
159 200 190 172 1.000000 190 172 206 216 1.120786 206 216 159 200 1.188532 
190 172 159 200 1.000000 159 200 242 326 3.611903 242 326 190 172 3.891067 
190 172 206 216 1.000000 206 216 242 326 2.472107 242 326 190 172 3.471732 
159 200 206 216 1.000000 206 216 242 326 2.331198 242 326 159 200 3.038963 