Tucana
6 6 20
0 319 150 
1 499 244 
2 88 280 
3 128 324 
4 185 337 
5 435 352 
0 1
0 2
1 5
2 3
3 4
4 5
499 244 319 150 1.000000 319 150 88 280 1.305326 88 280 499 244 2.031717 
499 244 319 150 1.000000 319 150 128 324 1.272360 128 324 499 244 1.868981 
499 244 319 150 1.000000 319 150 185 337 1.132902 185 337 499 244 1.612688 
435 352 499 244 1.000000 499 244 319 150 1.617559 319 150 435 352 1.855504 
88 280 128 324 1.000000 128 324 319 150 4.345025 319 150 88 280 4.457599 
88 280 185 337 1.000000 185 337 319 150 2.044786 319 150 88 280 2.355996 
435 352 319 150 1.000000 319 150 88 280 1.137935 88 280 435 352 1.521398 
128 324 185 337 1.000000 185 337 319 150 3.934997 319 150 128 324 4.419390 
435 352 319 150 1.000000 319 150 128 324 1.109197 128 324 435 352 1.323419 
185 337 319 150 1.000000 319 150 435 352 1.012534 435 352 185 337 1.088654 
88 280 128 324 1.000000 128 324 499 244 6.382443 499 244 88 280 6.938176 
88 280 185 337 1.000000 185 337 499 244 2.910757 499 244 88 280 3.667068 
499 244 435 352 1.000000 435 352 88 280 2.822959 88 280 499 244 3.286422 
128 324 185 337 1.000000 185 337 499 244 5.601476 499 244 128 324 6.491679 
499 244 435 352 1.000000 435 352 128 324 2.455608 128 324 499 244 3.023187 
499 244 435 352 1.000000 435 352 185 337 1.994997 185 337 499 244 2.608618 
185 337 128 324 1.000000 128 324 88 280 1.017115 88 280 185 337 1.924405 
88 280 128 324 1.000000 128 324 435 352 5.184192 435 352 88 280 5.959730 
88 280 185 337 1.000000 185 337 435 352 2.226065 435 352 88 280 3.149925 
128 324 185 337 1.000000 185 337 435 352 4.283850 435 352 128 324 5.272920 