12 220
0 217 49 
1 167 69 
2 276 69 
3 162 132 
4 227 139 
5 243 176 
6 492 282 
7 700 302 
8 541 310 
9 403 310 
10 427 383 
11 615 415 
167 69 217 49 1.000000 217 49 276 69 1.156839 276 69 167 69 2.024079 
217 49 167 69 1.000000 167 69 162 132 1.173559 162 132 217 49 1.848951 
167 69 217 49 1.000000 217 49 227 139 1.681543 227 139 167 69 1.712026 
167 69 217 49 1.000000 217 49 243 176 2.407245 243 176 167 69 2.437141 
167 69 217 49 1.000000 217 49 492 282 6.693126 492 282 167 69 7.215740 
167 69 217 49 1.000000 217 49 700 302 10.125046 700 302 167 69 10.801947 
167 69 217 49 1.000000 217 49 541 310 7.725841 541 310 167 69 8.262024 
167 69 217 49 1.000000 217 49 403 310 5.951441 403 310 167 69 6.263661 
167 69 217 49 1.000000 217 49 427 383 7.326287 427 383 167 69 7.570269 
167 69 217 49 1.000000 217 49 615 415 10.040607 615 415 167 69 10.511406 
276 69 217 49 1.000000 217 49 162 132 1.598279 162 132 276 69 2.090764 
217 49 276 69 1.000000 276 69 227 139 1.371574 227 139 217 49 1.453567 
217 49 276 69 1.000000 276 69 243 176 1.797390 243 176 217 49 2.080882 
217 49 276 69 1.000000 276 69 492 282 4.869463 492 282 217 49 5.785703 
217 49 276 69 1.000000 276 69 700 302 7.765983 700 302 217 49 8.752340 
217 49 276 69 1.000000 276 69 541 310 5.749786 541 310 217 49 6.678408 
217 49 276 69 1.000000 276 69 403 310 4.372798 403 310 217 49 5.144573 
217 49 276 69 1.000000 276 69 427 383 5.592837 427 383 217 49 6.333024 
217 49 276 69 1.000000 276 69 615 415 7.775466 615 415 217 49 8.679349 
162 132 227 139 1.000000 227 139 217 49 1.385127 217 49 162 132 1.523026 
243 176 162 132 1.000000 162 132 217 49 1.080169 217 49 243 176 1.406327 
162 132 217 49 1.000000 217 49 492 282 3.619958 492 282 162 132 3.640602 
162 132 217 49 1.000000 217 49 700 302 5.476102 700 302 162 132 5.666617 
162 132 217 49 1.000000 217 49 541 310 4.178499 541 310 162 132 4.205305 
217 49 162 132 1.000000 162 132 403 310 3.009048 403 310 217 49 3.218820 
217 49 162 132 1.000000 162 132 427 383 3.665811 427 383 217 49 3.962401 
217 49 162 132 1.000000 162 132 615 415 5.364446 615 415 217 49 5.430434 
243 176 227 139 1.000000 227 139 217 49 2.246365 217 49 243 176 3.215826 
217 49 227 139 1.000000 227 139 492 282 3.325328 492 282 217 49 3.980348 
217 49 227 139 1.000000 227 139 700 302 5.524866 700 302 217 49 6.021283 
217 49 227 139 1.000000 227 139 541 310 3.948402 541 310 217 49 4.594496 
217 49 227 139 1.000000 227 139 403 310 2.709896 403 310 217 49 3.539274 
217 49 227 139 1.000000 227 139 427 383 3.484040 427 383 217 49 4.356884 
217 49 227 139 1.000000 227 139 615 415 5.258211 615 415 217 49 5.971068 
217 49 243 176 1.000000 243 176 492 282 2.087594 492 282 217 49 2.780409 
217 49 243 176 1.000000 243 176 700 302 3.656844 700 302 217 49 4.206072 
217 49 243 176 1.000000 243 176 541 310 2.520490 541 310 217 49 3.209412 
217 49 243 176 1.000000 243 176 403 310 1.609922 403 310 217 49 2.472304 
217 49 243 176 1.000000 243 176 427 383 2.136449 427 383 217 49 3.043433 
217 49 243 176 1.000000 243 176 615 415 3.410827 615 415 217 49 4.170995 
700 302 492 282 1.000000 492 282 217 49 1.724909 217 49 700 302 2.609361 
541 310 492 282 1.000000 492 282 217 49 6.386652 217 49 541 310 7.372080 
492 282 403 310 1.000000 403 310 217 49 3.435079 217 49 492 282 3.863168 
427 383 492 282 1.000000 492 282 217 49 3.000924 217 49 427 383 3.284808 
615 415 492 282 1.000000 492 282 217 49 1.989628 217 49 615 415 2.984715 
700 302 541 310 1.000000 541 310 217 49 2.613356 217 49 700 302 3.424915 
700 302 403 310 1.000000 403 310 217 49 1.078716 217 49 700 302 1.835194 
700 302 427 383 1.000000 427 383 217 49 1.385477 217 49 700 302 1.914751 
700 302 615 415 1.000000 615 415 217 49 3.823923 217 49 700 302 3.856081 
541 310 403 310 1.000000 403 310 217 49 2.322427 217 49 541 310 3.014850 
541 310 427 383 1.000000 427 383 217 49 2.914479 217 49 541 310 3.073426 
615 415 541 310 1.000000 541 310 217 49 3.238841 217 49 615 415 4.209242 
427 383 403 310 1.000000 403 310 217 49 4.170722 217 49 427 383 5.134202 
615 415 403 310 1.000000 403 310 217 49 1.354713 217 49 615 415 2.285521 
615 415 427 383 1.000000 427 383 217 49 2.068822 217 49 615 415 2.835302 
162 132 167 69 1.000000 167 69 276 69 1.724735 276 69 162 132 2.060976 
276 69 227 139 1.000000 227 139 167 69 1.078992 167 69 276 69 1.275661 
167 69 276 69 1.000000 276 69 243 176 1.027277 243 176 167 69 1.204074 
167 69 276 69 1.000000 276 69 492 282 2.783085 492 282 167 69 3.564949 
167 69 276 69 1.000000 276 69 700 302 4.438556 700 302 167 69 5.336722 
167 69 276 69 1.000000 276 69 541 310 3.286223 541 310 167 69 4.081868 
167 69 276 69 1.000000 276 69 403 310 2.499221 403 310 167 69 3.094573 
167 69 276 69 1.000000 276 69 427 383 3.196520 427 383 167 69 3.740105 
167 69 276 69 1.000000 276 69 615 415 4.443976 615 415 167 69 5.193179 
167 69 162 132 1.000000 162 132 227 139 1.034459 227 139 167 69 1.458833 
167 69 162 132 1.000000 162 132 243 176 1.458575 243 176 167 69 2.076709 
167 69 162 132 1.000000 162 132 492 282 5.735795 492 282 167 69 6.148594 
167 69 162 132 1.000000 162 132 700 302 8.927797 700 302 167 69 9.204433 
167 69 162 132 1.000000 162 132 541 310 6.625488 541 310 167 69 7.040142 
167 69 162 132 1.000000 162 132 403 310 4.740777 403 310 167 69 5.337320 
167 69 162 132 1.000000 162 132 427 383 5.775512 427 383 167 69 6.450691 
167 69 162 132 1.000000 162 132 615 415 8.451725 615 415 167 69 8.956860 
243 176 227 139 1.000000 227 139 167 69 2.287087 167 69 243 176 3.255764 
167 69 227 139 1.000000 227 139 492 282 3.266118 492 282 167 69 4.214736 
167 69 227 139 1.000000 227 139 700 302 5.426493 700 302 167 69 6.309451 
167 69 227 139 1.000000 227 139 541 310 3.878098 541 310 167 69 4.825874 
167 69 227 139 1.000000 227 139 403 310 2.661645 403 310 167 69 3.658624 
167 69 227 139 1.000000 227 139 427 383 3.422005 427 383 167 69 4.421818 
167 69 227 139 1.000000 227 139 615 415 5.164585 615 415 167 69 6.139745 
167 69 243 176 1.000000 243 176 492 282 2.061986 492 282 167 69 2.960740 
167 69 243 176 1.000000 243 176 700 302 3.611986 700 302 167 69 4.432221 
167 69 243 176 1.000000 243 176 541 310 2.489572 541 310 167 69 3.390048 
167 69 243 176 1.000000 243 176 403 310 1.590173 403 310 167 69 2.570086 
167 69 243 176 1.000000 243 176 427 383 2.110242 427 383 167 69 3.106209 
167 69 243 176 1.000000 243 176 615 415 3.368987 615 415 167 69 4.313007 
700 302 492 282 1.000000 492 282 167 69 1.859594 167 69 700 302 2.783808 
541 310 492 282 1.000000 492 282 167 69 6.885336 167 69 541 310 7.883711 
492 282 403 310 1.000000 403 310 167 69 3.615288 167 69 492 282 4.164813 
427 383 492 282 1.000000 492 282 167 69 3.235243 167 69 427 383 3.394199 
615 415 492 282 1.000000 492 282 167 69 2.144983 167 69 615 415 3.124667 
700 302 541 310 1.000000 541 310 167 69 2.794726 167 69 700 302 3.653885 
700 302 403 310 1.000000 403 310 167 69 1.135307 167 69 700 302 1.957885 
700 302 427 383 1.000000 427 383 167 69 1.431616 167 69 700 302 2.042760 
700 302 615 415 1.000000 615 415 167 69 4.003225 167 69 700 302 4.113876 
541 310 403 310 1.000000 403 310 167 69 2.444264 167 69 541 310 3.224084 
541 310 427 383 1.000000 427 383 167 69 3.011538 167 69 541 310 3.286726 
615 415 541 310 1.000000 541 310 167 69 3.463620 167 69 615 415 4.406611 
427 383 403 310 1.000000 403 310 167 69 4.389523 167 69 427 383 5.305183 
615 415 403 310 1.000000 403 310 167 69 1.425783 167 69 615 415 2.392688 
615 415 427 383 1.000000 427 383 167 69 2.137719 167 69 615 415 2.968247 
162 132 227 139 1.000000 227 139 276 69 1.306995 276 69 162 132 1.992323 
162 132 243 176 1.000000 243 176 276 69 1.214734 276 69 162 132 1.413006 
162 132 276 69 1.000000 276 69 492 282 2.329035 492 282 162 132 2.783048 
162 132 276 69 1.000000 276 69 700 302 3.714423 700 302 162 132 4.331830 
162 132 276 69 1.000000 276 69 541 310 2.750088 541 310 162 132 3.214734 
162 132 276 69 1.000000 276 69 403 310 2.091483 403 310 162 132 2.300258 
162 132 276 69 1.000000 276 69 427 383 2.675020 427 383 162 132 2.802319 
162 132 276 69 1.000000 276 69 615 415 3.718958 615 415 162 132 4.100836 
243 176 227 139 1.000000 227 139 276 69 2.119652 276 69 243 176 2.777714 
276 69 227 139 1.000000 227 139 492 282 3.524116 492 282 276 69 3.550273 
227 139 276 69 1.000000 276 69 700 302 5.662094 700 302 227 139 5.855143 
276 69 227 139 1.000000 227 139 541 310 4.184438 541 310 276 69 4.192107 
276 69 227 139 1.000000 227 139 403 310 2.871894 403 310 276 69 3.188160 
276 69 227 139 1.000000 227 139 427 383 3.692316 427 383 276 69 4.077677 
276 69 227 139 1.000000 227 139 615 415 5.572547 615 415 276 69 5.669008 
276 69 243 176 1.000000 243 176 492 282 2.416858 492 282 276 69 2.709186 
276 69 243 176 1.000000 243 176 700 302 4.233617 700 302 276 69 4.320700 
276 69 243 176 1.000000 243 176 541 310 2.918033 541 310 276 69 3.198964 
276 69 243 176 1.000000 243 176 403 310 1.863845 403 310 276 69 2.432860 
276 69 243 176 1.000000 243 176 427 383 2.473419 427 383 276 69 3.111644 
276 69 243 176 1.000000 243 176 615 415 3.948797 615 415 276 69 4.325976 
700 302 492 282 1.000000 492 282 276 69 1.451748 276 69 700 302 2.315296 
541 310 492 282 1.000000 492 282 276 69 5.375244 276 69 541 310 6.347004 
492 282 403 310 1.000000 403 310 276 69 2.919758 276 69 492 282 3.251386 
427 383 492 282 1.000000 492 282 276 69 2.525689 276 69 427 383 2.900888 
615 415 492 282 1.000000 492 282 276 69 1.674545 276 69 615 415 2.673882 
700 302 541 310 1.000000 541 310 276 69 2.249973 276 69 700 302 3.038940 
276 69 403 310 1.000000 403 310 700 302 1.090643 700 302 276 69 1.775976 
700 302 427 383 1.000000 427 383 276 69 1.223546 276 69 700 302 1.698966 
615 415 700 302 1.000000 700 302 276 69 3.421515 276 69 615 415 3.425693 
541 310 403 310 1.000000 403 310 276 69 1.974023 276 69 541 310 2.595640 
541 310 427 383 1.000000 427 383 276 69 2.573843 276 69 541 310 2.646071 
615 415 541 310 1.000000 541 310 276 69 2.788485 276 69 615 415 3.770884 
427 383 403 310 1.000000 403 310 276 69 3.545041 276 69 427 383 4.534131 
615 415 403 310 1.000000 403 310 276 69 1.151483 276 69 615 415 2.047503 
615 415 427 383 1.000000 427 383 276 69 1.827024 276 69 615 415 2.540028 
243 176 227 139 1.000000 227 139 162 132 1.621775 162 132 243 176 2.286684 
162 132 227 139 1.000000 227 139 492 282 4.606002 492 282 162 132 5.544730 
162 132 227 139 1.000000 227 139 700 302 7.652643 700 302 162 132 8.630403 
162 132 227 139 1.000000 227 139 541 310 5.469039 541 310 162 132 6.404787 
162 132 227 139 1.000000 227 139 403 310 3.753551 403 310 162 132 4.582857 
162 132 227 139 1.000000 227 139 427 383 4.825839 427 383 162 132 5.583124 
162 132 227 139 1.000000 227 139 615 415 7.283291 615 415 162 132 8.170189 
162 132 243 176 1.000000 243 176 492 282 2.935841 492 282 162 132 3.932465 
162 132 243 176 1.000000 243 176 700 302 5.142720 700 302 162 132 6.120903 
162 132 243 176 1.000000 243 176 541 310 3.544635 541 310 162 132 4.542439 
162 132 243 176 1.000000 243 176 403 310 2.264077 403 310 162 132 3.250279 
162 132 243 176 1.000000 243 176 427 383 3.004547 427 383 162 132 3.959695 
162 132 243 176 1.000000 243 176 615 415 4.796739 615 415 162 132 5.794508 
700 302 492 282 1.000000 492 282 162 132 1.734746 162 132 700 302 2.700142 
541 310 492 282 1.000000 492 282 162 132 6.423075 162 132 541 310 7.419373 
492 282 403 310 1.000000 403 310 162 132 3.211213 162 132 492 282 3.885199 
427 383 492 282 1.000000 492 282 162 132 3.018038 162 132 427 383 3.038936 
615 415 492 282 1.000000 492 282 162 132 2.000975 162 132 615 415 2.948447 
700 302 541 310 1.000000 541 310 162 132 2.630121 162 132 700 302 3.544069 
700 302 403 310 1.000000 403 310 162 132 1.008416 162 132 700 302 1.899041 
700 302 427 383 1.000000 427 383 162 132 1.281772 162 132 700 302 1.981366 
700 302 615 415 1.000000 615 415 162 132 3.777457 162 132 700 302 3.990235 
541 310 403 310 1.000000 403 310 162 132 2.171073 162 132 541 310 3.034190 
541 310 427 383 1.000000 427 383 162 132 2.696327 162 132 541 310 3.093143 
615 415 541 310 1.000000 541 310 162 132 3.259619 162 132 615 415 4.158093 
427 383 403 310 1.000000 403 310 162 132 3.898913 162 132 427 383 4.749901 
615 415 403 310 1.000000 403 310 162 132 1.266426 162 132 615 415 2.257749 
615 415 427 383 1.000000 427 383 162 132 1.913968 162 132 615 415 2.800849 
227 139 243 176 1.000000 243 176 492 282 6.713339 492 282 227 139 7.469899 
227 139 243 176 1.000000 243 176 700 302 11.759775 700 302 227 139 12.410864 
227 139 243 176 1.000000 243 176 541 310 8.105459 541 310 227 139 8.869550 
227 139 243 176 1.000000 243 176 403 310 5.177228 403 310 227 139 6.087415 
227 139 243 176 1.000000 243 176 427 383 6.870450 427 383 227 139 7.826425 
227 139 243 176 1.000000 243 176 615 415 10.968627 615 415 227 139 11.811858 
700 302 492 282 1.000000 492 282 227 139 1.441052 227 139 700 302 2.394236 
541 310 492 282 1.000000 492 282 227 139 5.335642 227 139 541 310 6.335393 
492 282 403 310 1.000000 403 310 227 139 2.630118 227 139 492 282 3.227431 
427 383 492 282 1.000000 492 282 227 139 2.507081 227 139 427 383 2.626740 
615 415 492 282 1.000000 492 282 227 139 1.662208 227 139 615 415 2.628384 
700 302 541 310 1.000000 541 310 227 139 2.245857 227 139 700 302 3.142553 
227 139 403 310 1.000000 403 310 700 302 1.210750 700 302 227 139 2.038774 
700 302 427 383 1.000000 427 383 227 139 1.107915 227 139 700 302 1.756892 
700 302 615 415 1.000000 615 415 227 139 3.367403 227 139 700 302 3.538171 
541 310 403 310 1.000000 403 310 227 139 1.778199 227 139 541 310 2.590891 
541 310 427 383 1.000000 427 383 227 139 2.330602 227 139 541 310 2.641230 
615 415 541 310 1.000000 541 310 227 139 2.783384 227 139 615 415 3.706720 
427 383 403 310 1.000000 403 310 227 139 3.193373 227 139 427 383 4.105633 
615 415 403 310 1.000000 403 310 227 139 1.037256 227 139 615 415 2.012663 
615 415 427 383 1.000000 427 383 227 139 1.654361 227 139 615 415 2.496808 
700 302 492 282 1.000000 492 282 243 176 1.295101 243 176 700 302 2.268631 
541 310 492 282 1.000000 492 282 243 176 4.795242 243 176 541 310 5.789613 
492 282 403 310 1.000000 403 310 243 176 2.236864 243 176 492 282 2.900554 
427 383 492 282 1.000000 492 282 243 176 2.253161 243 176 427 383 2.305892 
615 415 492 282 1.000000 492 282 243 176 1.493858 243 176 615 415 2.440748 
700 302 541 310 1.000000 541 310 243 176 2.052382 243 176 700 302 2.977690 
243 176 403 310 1.000000 403 310 700 302 1.423606 700 302 243 176 2.271442 
243 176 427 383 1.000000 427 383 700 302 1.028186 700 302 243 176 1.711646 
700 302 615 415 1.000000 615 415 243 176 3.127009 243 176 700 302 3.352555 
541 310 403 310 1.000000 403 310 243 176 1.512324 243 176 541 310 2.367692 
541 310 427 383 1.000000 427 383 243 176 2.045926 243 176 541 310 2.413694 
615 415 541 310 1.000000 541 310 243 176 2.543602 243 176 615 415 3.442103 
427 383 403 310 1.000000 403 310 243 176 2.715902 243 176 427 383 3.604142 
243 176 403 310 1.000000 403 310 615 415 1.133574 615 415 243 176 2.118629 
615 415 427 383 1.000000 427 383 243 176 1.452286 243 176 615 415 2.318565 
492 282 541 310 1.000000 541 310 700 302 2.820924 700 302 492 282 3.702602 
403 310 492 282 1.000000 492 282 700 302 2.239636 700 302 403 310 3.184414 
427 383 492 282 1.000000 492 282 700 302 1.739758 700 302 427 383 2.370886 
700 302 615 415 1.000000 615 415 492 282 1.281168 492 282 700 302 1.477787 
541 310 492 282 1.000000 492 282 403 310 1.653216 403 310 541 310 2.445256 
541 310 492 282 1.000000 492 282 427 383 2.128228 427 383 541 310 2.398652 
492 282 541 310 1.000000 541 310 615 415 2.276148 615 415 492 282 3.209973 
427 383 403 310 1.000000 403 310 492 282 1.214156 492 282 427 383 1.563015 
403 310 492 282 1.000000 492 282 615 415 1.941653 615 415 403 310 2.535650 
427 383 492 282 1.000000 492 282 615 415 1.508284 615 415 427 383 1.587767 
403 310 541 310 1.000000 541 310 700 302 1.153631 700 302 403 310 2.152955 
427 383 541 310 1.000000 541 310 700 302 1.176046 700 302 427 383 2.103593 
541 310 615 415 1.000000 615 415 700 302 1.100765 700 302 541 310 1.239342 
403 310 427 383 1.000000 427 383 700 302 3.705729 700 302 403 310 3.866375 
700 302 615 415 1.000000 615 415 403 310 1.673108 403 310 700 302 2.101184 
700 302 615 415 1.000000 615 415 427 383 1.348683 427 383 700 302 2.013881 
403 310 427 383 1.000000 427 383 541 310 1.761619 541 310 403 310 1.795846 
615 415 541 310 1.000000 541 310 403 310 1.074296 403 310 615 415 1.841699 
615 415 541 310 1.000000 541 310 427 383 1.053821 427 383 615 415 1.484583 
403 310 427 383 1.000000 427 383 615 415 2.481703 615 415 403 310 3.078675 