Scorpius
17 16 680
0 491 67 
1 516 74 
2 532 122 
3 450 166 
4 419 178 
5 532 180 
6 395 207 
7 535 232 
8 344 307 
9 200 361 
10 146 367 
11 338 369 
12 174 396 
13 160 416 
14 332 441 
15 198 460 
16 277 457
0 1
1 2
2 3
2 5
3 4
4 6
5 7 
6 8
8 11
9 10
9 12
11 14
12 13
13 15
14 16
15 16
491 67 516 74 1.000000 516 74 532 122 1.948902 532 122 491 67 2.642384 
516 74 491 67 1.000000 491 67 450 166 4.127422 450 166 516 74 4.361281 
516 74 491 67 1.000000 491 67 419 178 5.096255 419 178 516 74 5.477903 
491 67 516 74 1.000000 516 74 532 180 4.129218 532 180 491 67 4.630245 
516 74 491 67 1.000000 491 67 395 207 6.538632 395 207 516 74 6.925847 
491 67 516 74 1.000000 516 74 535 232 6.129778 535 232 491 67 6.577658 
516 74 491 67 1.000000 491 67 344 307 10.840700 344 307 516 74 11.155297 
516 74 491 67 1.000000 491 67 200 361 15.933700 200 361 516 74 16.442734 
516 74 491 67 1.000000 491 67 146 367 17.610398 146 367 516 74 18.179333 
516 74 491 67 1.000000 491 67 338 369 13.040282 338 369 516 74 13.271251 
516 74 491 67 1.000000 491 67 174 396 17.597967 174 396 516 74 18.093394 
516 74 491 67 1.000000 491 67 160 416 18.527468 160 416 516 74 19.015065 
516 74 491 67 1.000000 491 67 332 441 15.653755 332 441 516 74 15.813499 
516 74 491 67 1.000000 491 67 198 460 18.881876 198 460 516 74 19.263902 
516 74 491 67 1.000000 491 67 277 457 17.135176 277 457 516 74 17.389328 
491 67 532 122 1.000000 532 122 450 166 1.356541 450 166 491 67 1.562006 
491 67 532 122 1.000000 532 122 419 178 1.838404 419 178 491 67 1.928657 
532 180 532 122 1.000000 532 122 491 67 1.182764 491 67 532 180 2.072554 
491 67 532 122 1.000000 532 122 395 207 2.350231 395 207 491 67 2.474520 
491 67 532 122 1.000000 532 122 535 232 1.604088 535 232 491 67 2.489289 
491 67 532 122 1.000000 532 122 344 307 3.844872 344 307 491 67 4.102620 
491 67 532 122 1.000000 532 122 200 361 5.963214 200 361 491 67 6.030046 
491 67 532 122 1.000000 532 122 146 367 6.664522 146 367 491 67 6.664586 
491 67 532 122 1.000000 532 122 338 369 4.578377 338 369 491 67 4.935043 
491 67 532 122 1.000000 532 122 174 396 6.571714 174 396 491 67 6.659881 
491 67 532 122 1.000000 532 122 160 416 6.911806 160 416 491 67 7.011647 
491 67 532 122 1.000000 532 122 332 441 5.488484 332 441 491 67 5.924102 
491 67 532 122 1.000000 532 122 198 460 6.926854 198 460 491 67 7.145771 
491 67 532 122 1.000000 532 122 277 457 6.137156 277 457 491 67 6.484740 
419 178 450 166 1.000000 450 166 491 67 3.223500 491 67 419 178 3.980154 
532 180 450 166 1.000000 450 166 491 67 1.288118 491 67 532 180 1.445043 
395 207 450 166 1.000000 450 166 491 67 1.562006 491 67 395 207 2.474520 
491 67 450 166 1.000000 450 166 535 232 1.004302 535 232 491 67 1.593648 
491 67 450 166 1.000000 450 166 344 307 1.646228 344 307 491 67 2.626507 
491 67 450 166 1.000000 450 166 200 361 2.958886 200 361 491 67 3.860449 
491 67 450 166 1.000000 450 166 146 367 3.401090 146 367 491 67 4.266683 
491 67 450 166 1.000000 450 166 338 369 2.163678 338 369 491 67 3.159426 
491 67 450 166 1.000000 450 166 174 396 3.352849 174 396 491 67 4.263671 
491 67 450 166 1.000000 450 166 160 416 3.573207 160 416 491 67 4.488872 
491 67 450 166 1.000000 450 166 332 441 2.792683 332 441 491 67 3.792623 
491 67 450 166 1.000000 450 166 198 460 3.613682 198 460 491 67 4.574739 
491 67 450 166 1.000000 450 166 277 457 3.159385 277 457 491 67 4.151545 
419 178 532 180 1.000000 532 180 491 67 1.063622 491 67 419 178 1.170670 
395 207 419 178 1.000000 419 178 491 67 3.514764 491 67 395 207 4.509537 
535 232 419 178 1.000000 419 178 491 67 1.034023 491 67 535 232 1.334598 
491 67 419 178 1.000000 419 178 344 307 1.127821 344 307 491 67 2.127190 
491 67 419 178 1.000000 419 178 200 361 2.157071 200 361 491 67 3.126551 
491 67 419 178 1.000000 419 178 146 367 2.509622 146 367 491 67 3.455557 
491 67 419 178 1.000000 419 178 338 369 1.568069 338 369 491 67 2.558797 
491 67 419 178 1.000000 419 178 174 396 2.478690 174 396 491 67 3.453118 
491 67 419 178 1.000000 419 178 160 416 2.658567 160 416 491 67 3.635507 
491 67 419 178 1.000000 419 178 332 441 2.093747 332 441 491 67 3.071620 
491 67 419 178 1.000000 419 178 198 460 2.707960 198 460 491 67 3.705050 
491 67 419 178 1.000000 419 178 277 457 2.366154 277 457 491 67 3.362308 
491 67 532 180 1.000000 532 180 395 207 1.161612 395 207 491 67 1.412157 
535 232 532 180 1.000000 532 180 491 67 2.307858 491 67 535 232 3.278508 
491 67 532 180 1.000000 532 180 344 307 1.887365 344 307 491 67 2.341280 
491 67 532 180 1.000000 532 180 200 361 3.145657 200 361 491 67 3.441222 
491 67 532 180 1.000000 532 180 146 367 3.568073 146 367 491 67 3.803340 
491 67 532 180 1.000000 532 180 338 369 2.253133 338 369 491 67 2.816327 
491 67 532 180 1.000000 532 180 174 396 3.478257 174 396 491 67 3.800656 
491 67 532 180 1.000000 532 180 160 416 3.664852 160 416 491 67 4.001401 
491 67 532 180 1.000000 532 180 332 441 2.735402 332 441 491 67 3.380762 
491 67 532 180 1.000000 532 180 198 460 3.625706 198 460 491 67 4.077943 
491 67 532 180 1.000000 532 180 277 457 3.132086 277 457 491 67 3.700706 
535 232 395 207 1.000000 395 207 491 67 1.193638 491 67 535 232 1.200762 
344 307 395 207 1.000000 395 207 491 67 1.512218 491 67 344 307 2.507176 
491 67 395 207 1.000000 395 207 200 361 1.463760 200 361 491 67 2.436855 
491 67 395 207 1.000000 395 207 146 367 1.743563 146 367 491 67 2.693285 
491 67 395 207 1.000000 395 207 338 369 1.011679 338 369 491 67 1.994344 
491 67 395 207 1.000000 395 207 174 396 1.713053 174 396 491 67 2.691384 
491 67 395 207 1.000000 395 207 160 416 1.852655 160 416 491 67 2.833539 
491 67 395 207 1.000000 395 207 332 441 1.427561 332 441 491 67 2.394041 
491 67 395 207 1.000000 395 207 198 460 1.888938 198 460 491 67 2.887741 
491 67 395 207 1.000000 395 207 277 457 1.628539 277 457 491 67 2.620606 
491 67 535 232 1.000000 535 232 344 307 1.201630 344 307 491 67 1.648109 
491 67 535 232 1.000000 535 232 200 361 2.102171 200 361 491 67 2.422397 
491 67 535 232 1.000000 535 232 146 367 2.411252 146 367 491 67 2.677305 
491 67 535 232 1.000000 535 232 338 369 1.405164 338 369 491 67 1.982512 
491 67 535 232 1.000000 535 232 174 396 2.321927 174 396 491 67 2.675415 
491 67 535 232 1.000000 535 232 160 416 2.446092 160 416 491 67 2.816727 
491 67 535 232 1.000000 535 232 332 441 1.706189 332 441 491 67 2.379837 
491 67 535 232 1.000000 535 232 198 460 2.382689 198 460 491 67 2.870608 
491 67 535 232 1.000000 535 232 277 457 2.004667 277 457 491 67 2.605057 
200 361 344 307 1.000000 344 307 491 67 1.830009 491 67 200 361 2.689755 
146 367 344 307 1.000000 344 307 491 67 1.360333 491 67 146 367 2.209820 
338 369 344 307 1.000000 344 307 491 67 4.518262 491 67 338 369 5.435019 
174 396 344 307 1.000000 344 307 491 67 1.466694 491 67 174 396 2.380919 
160 416 344 307 1.000000 344 307 491 67 1.315993 491 67 160 416 2.249118 
332 441 344 307 1.000000 344 307 491 67 2.091934 491 67 332 441 3.020711 
198 460 344 307 1.000000 344 307 491 67 1.330798 491 67 198 460 2.317928 
277 457 344 307 1.000000 344 307 491 67 1.713144 491 67 277 457 2.707853 
146 367 200 361 1.000000 200 361 491 67 7.613571 491 67 146 367 8.414745 
200 361 338 369 1.000000 338 369 491 67 2.449116 491 67 200 361 2.992533 
174 396 200 361 1.000000 200 361 491 67 9.487582 491 67 174 396 10.478555 
160 416 200 361 1.000000 200 361 491 67 6.082620 491 67 160 416 7.072780 
200 361 332 441 1.000000 332 441 491 67 2.632941 491 67 200 361 2.680027 
198 460 200 361 1.000000 200 361 491 67 4.177561 491 67 198 460 4.950525 
277 457 200 361 1.000000 200 361 491 67 3.361336 491 67 277 457 3.614797 
146 367 338 369 1.000000 338 369 491 67 1.763162 491 67 146 367 2.381082 
146 367 174 396 1.000000 174 396 491 67 11.333544 491 67 146 367 11.341551 
160 416 146 367 1.000000 146 367 491 67 8.971460 491 67 160 416 9.438653 
146 367 332 441 1.000000 332 441 491 67 2.030149 491 67 146 367 2.283908 
198 460 146 367 1.000000 146 367 491 67 4.290855 491 67 198 460 4.600656 
146 367 277 457 1.000000 277 457 491 67 2.798938 491 67 146 367 2.876563 
174 396 338 369 1.000000 338 369 491 67 2.036882 491 67 174 396 2.748788 
160 416 338 369 1.000000 338 369 491 67 1.838916 491 67 160 416 2.612709 
332 441 338 369 1.000000 338 369 491 67 4.685778 491 67 332 441 5.624880 
198 460 338 369 1.000000 338 369 491 67 2.027509 491 67 198 460 2.935762 
277 457 338 369 1.000000 338 369 491 67 3.161767 491 67 277 457 4.154622 
160 416 174 396 1.000000 174 396 491 67 18.714116 491 67 160 416 19.702570 
174 396 332 441 1.000000 332 441 491 67 2.473746 491 67 174 396 2.780988 
198 460 174 396 1.000000 174 396 491 67 6.684070 491 67 198 460 7.171726 
174 396 277 457 1.000000 277 457 491 67 3.716169 491 67 174 396 3.816536 
160 416 332 441 1.000000 332 441 491 67 2.338193 491 67 160 416 2.767438 
198 460 160 416 1.000000 160 416 491 67 8.273469 491 67 198 460 8.431731 
160 416 277 457 1.000000 277 457 491 67 3.588241 491 67 160 416 3.879798 
198 460 332 441 1.000000 332 441 491 67 3.002765 491 67 198 460 3.621995 
277 457 332 441 1.000000 332 441 491 67 7.094885 491 67 277 457 7.766322 
198 460 277 457 1.000000 277 457 491 67 5.627021 491 67 198 460 6.200619 
516 74 532 122 1.000000 532 122 450 166 1.839242 450 166 516 74 2.237814 
516 74 532 122 1.000000 532 122 419 178 2.492567 419 178 516 74 2.810763 
516 74 532 122 1.000000 532 122 532 180 1.146326 532 180 516 74 2.118741 
516 74 532 122 1.000000 532 122 395 207 3.186519 395 207 516 74 3.553717 
516 74 532 122 1.000000 532 122 535 232 2.174874 535 232 516 74 3.145247 
516 74 532 122 1.000000 532 122 344 307 5.213002 344 307 516 74 5.723888 
516 74 532 122 1.000000 532 122 200 361 8.085118 200 361 516 74 8.436921 
516 74 532 122 1.000000 532 122 146 367 9.035974 146 367 516 74 9.327986 
516 74 532 122 1.000000 532 122 338 369 6.207512 338 369 516 74 6.809604 
516 74 532 122 1.000000 532 122 174 396 8.910142 174 396 516 74 9.283891 
516 74 532 122 1.000000 532 122 160 416 9.371249 160 416 516 74 9.756809 
516 74 532 122 1.000000 532 122 332 441 7.441464 332 441 516 74 8.114055 
516 74 532 122 1.000000 532 122 198 460 9.391652 198 460 516 74 9.884489 
516 74 532 122 1.000000 532 122 277 457 8.320954 277 457 516 74 8.922627 
419 178 450 166 1.000000 450 166 516 74 3.406143 516 74 419 178 4.278220 
450 166 532 180 1.000000 532 180 516 74 1.288679 516 74 450 166 1.361103 
395 207 450 166 1.000000 450 166 516 74 1.650510 516 74 395 207 2.621060 
535 232 450 166 1.000000 450 166 516 74 1.052134 516 74 535 232 1.478774 
516 74 450 166 1.000000 450 166 344 307 1.557955 344 307 516 74 2.557803 
516 74 450 166 1.000000 450 166 200 361 2.800226 200 361 516 74 3.770162 
516 74 450 166 1.000000 450 166 146 367 3.218717 146 367 516 74 4.168347 
516 74 450 166 1.000000 450 166 338 369 2.047658 338 369 516 74 3.042971 
516 74 450 166 1.000000 450 166 174 396 3.173063 174 396 516 74 4.148642 
516 74 450 166 1.000000 450 166 160 416 3.381606 160 416 516 74 4.359973 
516 74 450 166 1.000000 450 166 332 441 2.642934 332 441 516 74 3.625884 
516 74 450 166 1.000000 450 166 198 460 3.419911 198 460 516 74 4.417028 
516 74 450 166 1.000000 450 166 277 457 2.989973 277 457 516 74 3.987207 
516 74 532 180 1.000000 532 180 419 178 1.054262 419 178 516 74 1.326620 
395 207 419 178 1.000000 419 178 516 74 3.777977 516 74 395 207 4.776590 
535 232 419 178 1.000000 419 178 516 74 1.111459 516 74 535 232 1.243724 
516 74 419 178 1.000000 419 178 344 307 1.049245 344 307 516 74 2.036418 
516 74 419 178 1.000000 419 178 200 361 2.006787 200 361 516 74 3.001648 
516 74 419 178 1.000000 419 178 146 367 2.334775 146 367 516 74 3.318667 
516 74 419 178 1.000000 419 178 338 369 1.458821 338 369 516 74 2.422688 
516 74 419 178 1.000000 419 178 174 396 2.305998 174 396 516 74 3.302978 
516 74 419 178 1.000000 419 178 160 416 2.473344 160 416 516 74 3.471231 
516 74 419 178 1.000000 419 178 332 441 1.947875 332 441 516 74 2.886780 
516 74 419 178 1.000000 419 178 198 460 2.519295 198 460 516 74 3.516656 
516 74 419 178 1.000000 419 178 277 457 2.201303 277 457 516 74 3.174450 
516 74 532 180 1.000000 532 180 395 207 1.302558 395 207 516 74 1.677278 
535 232 532 180 1.000000 532 180 516 74 2.058131 516 74 535 232 3.055272 
516 74 532 180 1.000000 532 180 344 307 2.116372 344 307 516 74 2.701552 
516 74 532 180 1.000000 532 180 200 361 3.527341 200 361 516 74 3.982045 
516 74 532 180 1.000000 532 180 146 367 4.001011 146 367 516 74 4.402609 
516 74 532 180 1.000000 532 180 338 369 2.526521 338 369 516 74 3.213986 
516 74 532 180 1.000000 532 180 174 396 3.900298 174 396 516 74 4.381796 
516 74 532 180 1.000000 532 180 160 416 4.109534 160 416 516 74 4.605003 
516 74 532 180 1.000000 532 180 332 441 3.067307 332 441 516 74 3.829659 
516 74 532 180 1.000000 532 180 198 460 4.065638 198 460 516 74 4.665266 
516 74 532 180 1.000000 532 180 277 457 3.512124 277 457 516 74 4.211288 
395 207 535 232 1.000000 535 232 516 74 1.119001 516 74 395 207 1.264325 
344 307 395 207 1.000000 395 207 516 74 1.601771 516 74 344 307 2.579934 
516 74 395 207 1.000000 395 207 200 361 1.381923 200 361 516 74 2.374112 
516 74 395 207 1.000000 395 207 146 367 1.646083 146 367 516 74 2.624853 
338 369 395 207 1.000000 395 207 516 74 1.046992 516 74 338 369 2.006238 
516 74 395 207 1.000000 395 207 174 396 1.617278 174 396 516 74 2.612445 
516 74 395 207 1.000000 395 207 160 416 1.749075 160 416 516 74 2.745522 
516 74 395 207 1.000000 395 207 332 441 1.347748 332 441 516 74 2.283259 
516 74 395 207 1.000000 395 207 198 460 1.783330 198 460 516 74 2.781451 
516 74 395 207 1.000000 395 207 277 457 1.537489 277 457 516 74 2.510787 
516 74 535 232 1.000000 535 232 344 307 1.289429 344 307 516 74 1.819853 
516 74 535 232 1.000000 535 232 200 361 2.255768 200 361 516 74 2.682435 
516 74 535 232 1.000000 535 232 146 367 2.587433 146 367 516 74 2.965741 
516 74 535 232 1.000000 535 232 338 369 1.507834 338 369 516 74 2.165046 
516 74 535 232 1.000000 535 232 174 396 2.491581 174 396 516 74 2.951721 
516 74 535 232 1.000000 535 232 160 416 2.624819 160 416 516 74 3.102080 
516 74 535 232 1.000000 535 232 332 441 1.830853 332 441 516 74 2.579783 
516 74 535 232 1.000000 535 232 198 460 2.556783 198 460 516 74 3.142675 
516 74 535 232 1.000000 535 232 277 457 2.151140 277 457 516 74 2.836861 
200 361 344 307 1.000000 344 307 516 74 1.883116 516 74 200 361 2.775684 
146 367 344 307 1.000000 344 307 516 74 1.399809 516 74 146 367 2.281212 
338 369 344 307 1.000000 344 307 516 74 4.649382 516 74 338 369 5.531284 
174 396 344 307 1.000000 344 307 516 74 1.509257 516 74 174 396 2.447948 
160 416 344 307 1.000000 344 307 516 74 1.354183 516 74 160 416 2.308309 
332 441 344 307 1.000000 344 307 516 74 2.152642 516 74 332 441 3.051537 
198 460 344 307 1.000000 344 307 516 74 1.369418 516 74 198 460 2.364825 
277 457 344 307 1.000000 344 307 516 74 1.762859 516 74 277 457 2.748017 
146 367 200 361 1.000000 200 361 516 74 7.856802 516 74 146 367 8.686598 
200 361 338 369 1.000000 338 369 516 74 2.492494 516 74 200 361 3.088136 
174 396 200 361 1.000000 200 361 516 74 9.790681 516 74 174 396 10.773553 
160 416 200 361 1.000000 200 361 516 74 6.276942 516 74 160 416 7.258918 
200 361 332 441 1.000000 332 441 516 74 2.659810 516 74 200 361 2.765646 
198 460 200 361 1.000000 200 361 516 74 4.311021 516 74 198 460 5.050686 
277 457 200 361 1.000000 200 361 516 74 3.468721 516 74 277 457 3.668412 
146 367 338 369 1.000000 338 369 516 74 1.794391 516 74 146 367 2.458007 
146 367 174 396 1.000000 174 396 516 74 11.652613 516 74 146 367 11.707959 
160 416 146 367 1.000000 146 367 516 74 9.261299 516 74 160 416 9.687056 
146 367 332 441 1.000000 332 441 516 74 2.050867 516 74 146 367 2.357694 
198 460 146 367 1.000000 146 367 516 74 4.429478 516 74 198 460 4.693739 
146 367 277 457 1.000000 277 457 516 74 2.840452 516 74 146 367 2.969495 
174 396 338 369 1.000000 338 369 516 74 2.072959 516 74 174 396 2.826174 
160 416 338 369 1.000000 338 369 516 74 1.871487 516 74 160 416 2.681469 
332 441 338 369 1.000000 338 369 516 74 4.768772 516 74 332 441 5.682281 
198 460 338 369 1.000000 338 369 516 74 2.063420 516 74 198 460 2.995160 
277 457 338 369 1.000000 338 369 516 74 3.217768 516 74 277 457 4.216244 
160 416 174 396 1.000000 174 396 516 74 19.240966 516 74 160 416 20.221093 
174 396 332 441 1.000000 332 441 516 74 2.498990 516 74 174 396 2.859279 
198 460 174 396 1.000000 174 396 516 74 6.872244 516 74 198 460 7.316827 
174 396 277 457 1.000000 277 457 516 74 3.771288 516 74 174 396 3.923981 
160 416 332 441 1.000000 332 441 516 74 2.362054 516 74 160 416 2.840270 
198 460 160 416 1.000000 160 416 516 74 8.491207 516 74 198 460 8.602325 
160 416 277 457 1.000000 277 457 516 74 3.641462 516 74 160 416 3.981904 
198 460 332 441 1.000000 332 441 516 74 3.033408 516 74 198 460 3.695277 
277 457 332 441 1.000000 332 441 516 74 7.167287 516 74 277 457 7.881514 
198 460 277 457 1.000000 277 457 516 74 5.710482 516 74 198 460 6.326073 
419 178 450 166 1.000000 450 166 532 122 2.799483 532 122 419 178 3.793898 
532 122 532 180 1.000000 532 180 450 166 1.434251 450 166 532 122 1.604468 
395 207 450 166 1.000000 450 166 532 122 1.356541 532 122 395 207 2.350231 
532 122 450 166 1.000000 450 166 535 232 1.156416 535 232 532 122 1.182484 
532 122 450 166 1.000000 450 166 344 307 1.895570 344 307 532 122 2.834320 
532 122 450 166 1.000000 450 166 200 361 3.407047 200 361 532 122 4.395896 
532 122 450 166 1.000000 450 166 146 367 3.916227 146 367 532 122 4.912878 
532 122 450 166 1.000000 450 166 338 369 2.491394 338 369 532 122 3.375037 
532 122 450 166 1.000000 450 166 174 396 3.860680 174 396 532 122 4.844463 
532 122 450 166 1.000000 450 166 160 416 4.114414 160 416 532 122 5.095168 
532 122 450 166 1.000000 450 166 332 441 3.215670 332 441 532 122 4.045940 
532 122 450 166 1.000000 450 166 198 460 4.161020 198 460 532 122 5.106261 
532 122 450 166 1.000000 450 166 277 457 3.637913 277 457 532 122 4.524121 
532 122 532 180 1.000000 532 180 419 178 1.948581 419 178 532 122 2.174397 
395 207 419 178 1.000000 419 178 532 122 3.350286 532 122 395 207 4.283035 
535 232 532 122 1.000000 532 122 419 178 1.146074 419 178 535 232 1.162778 
532 122 419 178 1.000000 419 178 344 307 1.183189 344 307 532 122 2.091419 
532 122 419 178 1.000000 419 178 200 361 2.262970 200 361 532 122 3.243691 
532 122 419 178 1.000000 419 178 146 367 2.632828 146 367 532 122 3.625168 
532 122 419 178 1.000000 419 178 338 369 1.645051 338 369 532 122 2.490409 
532 122 419 178 1.000000 419 178 174 396 2.600377 174 396 532 122 3.574685 
532 122 419 178 1.000000 419 178 160 416 2.789086 160 416 532 122 3.759678 
532 122 419 178 1.000000 419 178 332 441 2.196536 332 441 532 122 2.985462 
532 122 419 178 1.000000 419 178 198 460 2.840903 198 460 532 122 3.767863 
532 122 419 178 1.000000 419 178 277 457 2.482317 277 457 532 122 3.338307 
532 122 532 180 1.000000 532 180 395 207 2.407504 395 207 532 122 2.779768 
535 232 532 180 1.000000 532 180 532 122 1.113533 532 122 535 232 2.112658 
532 122 532 180 1.000000 532 180 344 307 3.911666 344 307 532 122 4.547575 
532 122 532 180 1.000000 532 180 200 361 6.519544 200 361 532 122 7.053073 
532 122 532 180 1.000000 532 180 146 367 7.395024 146 367 532 122 7.882554 
532 122 532 180 1.000000 532 180 338 369 4.669741 338 369 532 122 5.415138 
532 122 532 180 1.000000 532 180 174 396 7.208876 174 396 532 122 7.772784 
532 122 532 180 1.000000 532 180 160 416 7.595605 160 416 532 122 8.175032 
532 122 532 180 1.000000 532 180 332 441 5.669269 332 441 532 122 6.491580 
532 122 532 180 1.000000 532 180 198 460 7.514473 198 460 532 122 8.192831 
532 122 532 180 1.000000 532 180 277 457 6.491419 277 457 532 122 7.258805 
532 122 535 232 1.000000 535 232 395 207 1.292380 395 207 532 122 1.465151 
344 307 395 207 1.000000 395 207 532 122 1.436263 532 122 344 307 2.349662 
532 122 395 207 1.000000 395 207 200 361 1.541169 200 361 532 122 2.537288 
532 122 395 207 1.000000 395 207 146 367 1.835769 146 367 532 122 2.835688 
532 122 395 207 1.000000 395 207 338 369 1.065180 338 369 532 122 1.948054 
532 122 395 207 1.000000 395 207 174 396 1.803645 174 396 532 122 2.796199 
532 122 395 207 1.000000 395 207 160 416 1.950629 160 416 532 122 2.940904 
532 122 395 207 1.000000 395 207 332 441 1.503055 332 441 532 122 2.335295 
532 122 395 207 1.000000 395 207 198 460 1.988832 198 460 532 122 2.947307 
532 122 395 207 1.000000 395 207 277 457 1.714661 277 457 532 122 2.611299 
532 122 535 232 1.000000 535 232 344 307 1.864738 344 307 532 122 2.396921 
532 122 535 232 1.000000 535 232 200 361 3.262233 200 361 532 122 3.717511 
532 122 535 232 1.000000 535 232 146 367 3.741878 146 367 532 122 4.154711 
532 122 535 232 1.000000 535 232 338 369 2.180591 338 369 532 122 2.854193 
532 122 535 232 1.000000 535 232 174 396 3.603260 174 396 532 122 4.096854 
532 122 535 232 1.000000 535 232 160 416 3.795945 160 416 532 122 4.308869 
532 122 535 232 1.000000 535 232 332 441 2.647733 332 441 532 122 3.421561 
532 122 535 232 1.000000 535 232 198 460 3.697553 198 460 532 122 4.318250 
532 122 535 232 1.000000 535 232 277 457 3.110923 277 457 532 122 3.825947 
200 361 344 307 1.000000 344 307 532 122 1.715039 532 122 200 361 2.659944 
146 367 344 307 1.000000 344 307 532 122 1.274869 532 122 146 367 2.209799 
338 369 344 307 1.000000 344 307 532 122 4.234401 532 122 338 369 5.042219 
174 396 344 307 1.000000 344 307 532 122 1.374549 532 122 174 396 2.349399 
160 416 344 307 1.000000 344 307 532 122 1.233315 532 122 160 416 2.217092 
332 441 344 307 1.000000 344 307 532 122 1.960508 532 122 332 441 2.798589 
198 460 344 307 1.000000 344 307 532 122 1.247190 532 122 198 460 2.246916 
277 457 344 307 1.000000 344 307 532 122 1.605515 532 122 277 457 2.562712 
146 367 200 361 1.000000 200 361 532 122 7.529189 532 122 146 367 8.414664 
200 361 338 369 1.000000 338 369 532 122 2.272113 532 122 200 361 2.959367 
174 396 200 361 1.000000 200 361 532 122 9.382430 532 122 174 396 10.339833 
160 416 200 361 1.000000 200 361 532 122 6.015206 532 122 160 416 6.972068 
200 361 332 441 1.000000 332 441 532 122 2.439333 532 122 200 361 2.650324 
198 460 200 361 1.000000 200 361 532 122 4.131260 532 122 198 460 4.798861 
277 457 200 361 1.000000 200 361 532 122 3.324082 532 122 277 457 3.421043 
146 367 338 369 1.000000 338 369 532 122 1.635734 532 122 146 367 2.381059 
146 367 174 396 1.000000 174 396 532 122 11.183504 532 122 146 367 11.341442 
160 416 146 367 1.000000 146 367 532 122 8.971374 532 122 160 416 9.304253 
146 367 332 441 1.000000 332 441 532 122 1.880866 532 122 146 367 2.283886 
198 460 146 367 1.000000 146 367 532 122 4.290814 532 122 198 460 4.459710 
146 367 277 457 1.000000 277 457 532 122 2.648914 532 122 146 367 2.876535 
174 396 338 369 1.000000 338 369 532 122 1.889672 532 122 174 396 2.712398 
160 416 338 369 1.000000 338 369 532 122 1.706014 532 122 160 416 2.575505 
332 441 338 369 1.000000 338 369 532 122 4.347127 532 122 332 441 5.211265 
198 460 338 369 1.000000 338 369 532 122 1.880976 532 122 198 460 2.845822 
277 457 338 369 1.000000 338 369 532 122 2.933260 532 122 277 457 3.931933 
160 416 174 396 1.000000 174 396 532 122 18.466367 532 122 160 416 19.422018 
174 396 332 441 1.000000 332 441 532 122 2.291844 532 122 174 396 2.744171 
198 460 174 396 1.000000 174 396 532 122 6.595583 532 122 198 460 6.952013 
174 396 277 457 1.000000 277 457 532 122 3.516981 532 122 174 396 3.766010 
160 416 332 441 1.000000 332 441 532 122 2.166258 532 122 160 416 2.728031 
198 460 160 416 1.000000 160 416 532 122 8.155660 532 122 198 460 8.173416 
160 416 277 457 1.000000 277 457 532 122 3.395910 532 122 160 416 3.824552 
198 460 332 441 1.000000 332 441 532 122 2.781962 532 122 198 460 3.511032 
277 457 332 441 1.000000 332 441 532 122 6.573176 532 122 277 457 7.350045 
198 460 277 457 1.000000 277 457 532 122 5.325411 532 122 198 460 6.010657 
419 178 450 166 1.000000 450 166 532 180 2.502487 532 180 419 178 3.399894 
450 166 419 178 1.000000 419 178 395 207 1.132410 395 207 450 166 2.063692 
419 178 450 166 1.000000 450 166 535 232 3.237367 535 232 419 178 3.849193 
450 166 419 178 1.000000 419 178 344 307 4.488900 344 307 450 166 5.306617 
450 166 419 178 1.000000 419 178 200 361 8.585477 200 361 450 166 9.537969 
450 166 419 178 1.000000 419 178 146 367 9.988681 146 367 450 166 10.963411 
450 166 419 178 1.000000 419 178 338 369 6.241157 338 369 450 166 6.974615 
450 166 419 178 1.000000 419 178 174 396 9.865567 174 396 450 166 10.807907 
450 166 419 178 1.000000 419 178 160 416 10.581509 160 416 450 166 11.518233 
450 166 419 178 1.000000 419 178 332 441 8.333436 332 441 450 166 9.002212 
450 166 419 178 1.000000 419 178 198 460 10.778099 198 460 450 166 11.648704 
450 166 419 178 1.000000 419 178 277 457 9.417659 277 457 450 166 10.184275 
395 207 450 166 1.000000 450 166 532 180 1.212627 532 180 395 207 2.035490 
535 232 532 180 1.000000 532 180 450 166 1.597085 450 166 535 232 2.066085 
532 180 450 166 1.000000 450 166 344 307 2.120537 344 307 532 180 2.727324 
532 180 450 166 1.000000 450 166 200 361 3.811395 200 361 532 180 4.545610 
532 180 450 166 1.000000 450 166 146 367 4.381005 146 367 532 180 5.156020 
532 180 450 166 1.000000 450 166 338 369 2.787073 338 369 532 180 3.255875 
532 180 450 166 1.000000 450 166 174 396 4.318866 174 396 532 180 5.026232 
532 180 450 166 1.000000 450 166 160 416 4.602713 160 416 532 180 5.295870 
532 180 450 166 1.000000 450 166 332 441 3.597306 332 441 532 180 3.952774 
532 180 450 166 1.000000 450 166 198 460 4.654850 198 460 532 180 5.239302 
532 180 450 166 1.000000 450 166 277 457 4.069661 277 457 532 180 4.526001 
395 207 450 166 1.000000 450 166 535 232 1.568726 535 232 395 207 2.073091 
450 166 395 207 1.000000 395 207 344 307 1.636351 344 307 450 166 2.571419 
450 166 395 207 1.000000 395 207 200 361 3.622104 200 361 450 166 4.621799 
450 166 395 207 1.000000 395 207 146 367 4.314481 146 367 450 166 5.312524 
450 166 395 207 1.000000 395 207 338 369 2.503419 338 369 450 166 3.379679 
450 166 395 207 1.000000 395 207 174 396 4.238983 174 396 450 166 5.237171 
450 166 395 207 1.000000 395 207 160 416 4.584430 160 416 450 166 5.581373 
450 166 395 207 1.000000 395 207 332 441 3.532527 332 441 450 166 4.362188 
450 166 395 207 1.000000 395 207 198 460 4.674214 198 460 450 166 5.644595 
450 166 395 207 1.000000 395 207 277 457 4.029850 277 457 450 166 4.934979 
535 232 450 166 1.000000 450 166 344 307 1.639177 344 307 535 232 1.906773 
535 232 450 166 1.000000 450 166 200 361 2.946212 200 361 535 232 3.335770 
535 232 450 166 1.000000 450 166 146 367 3.386521 146 367 535 232 3.826227 
535 232 450 166 1.000000 450 166 338 369 2.154410 338 369 535 232 2.229745 
535 232 450 166 1.000000 450 166 174 396 3.338487 174 396 535 232 3.684484 
535 232 450 166 1.000000 450 166 160 416 3.557902 160 416 535 232 3.881513 
450 166 535 232 1.000000 535 232 332 441 2.707418 332 441 450 166 2.780721 
535 232 450 166 1.000000 450 166 198 460 3.598204 198 460 535 232 3.780903 
535 232 450 166 1.000000 450 166 277 457 3.145852 277 457 535 232 3.181049 
200 361 344 307 1.000000 344 307 450 166 1.147004 450 166 200 361 2.061594 
450 166 344 307 1.000000 344 307 146 367 1.172852 146 367 450 166 2.065989 
338 369 344 307 1.000000 344 307 450 166 2.831933 450 166 338 369 3.722078 
450 166 344 307 1.000000 344 307 174 396 1.087800 174 396 450 166 2.036685 
450 166 344 307 1.000000 344 307 160 416 1.212369 160 416 450 166 2.170542 
332 441 344 307 1.000000 344 307 450 166 1.311172 450 166 332 441 2.224288 
450 166 344 307 1.000000 344 307 198 460 1.198882 198 460 450 166 2.195128 
277 457 344 307 1.000000 344 307 450 166 1.073756 450 166 277 457 2.060715 
146 367 200 361 1.000000 200 361 450 166 5.835511 450 166 146 367 6.707623 
200 361 338 369 1.000000 338 369 450 166 1.677234 450 166 200 361 2.293662 
174 396 200 361 1.000000 200 361 450 166 7.271868 450 166 174 396 8.240085 
160 416 200 361 1.000000 200 361 450 166 4.662096 450 166 160 416 5.630035 
200 361 332 441 1.000000 332 441 450 166 1.938755 450 166 200 361 2.054138 
198 460 200 361 1.000000 200 361 450 166 3.201940 450 166 198 460 3.910524 
277 457 200 361 1.000000 200 361 450 166 2.576335 450 166 277 457 2.750911 
146 367 338 369 1.000000 338 369 450 166 1.207471 450 166 146 367 1.898026 
146 367 174 396 1.000000 174 396 450 166 8.912429 450 166 146 367 9.040660 
160 416 146 367 1.000000 146 367 450 166 7.151397 450 166 160 416 7.513305 
146 367 332 441 1.000000 332 441 450 166 1.494892 450 166 146 367 1.820566 
198 460 146 367 1.000000 146 367 450 166 3.420358 450 166 198 460 3.634155 
146 367 277 457 1.000000 277 457 450 166 2.130031 450 166 146 367 2.292987 
174 396 338 369 1.000000 338 369 450 166 1.394923 450 166 174 396 2.161581 
160 416 338 369 1.000000 338 369 450 166 1.259350 450 166 160 416 2.079754 
332 441 338 369 1.000000 338 369 450 166 3.208973 450 166 332 441 4.141857 
198 460 338 369 1.000000 338 369 450 166 1.388504 450 166 198 460 2.319020 
277 457 338 369 1.000000 338 369 450 166 2.165281 450 166 277 457 3.161726 
160 416 174 396 1.000000 174 396 450 166 14.716333 450 166 160 416 15.683531 
174 396 332 441 1.000000 332 441 450 166 1.821533 450 166 174 396 2.186902 
198 460 174 396 1.000000 174 396 450 166 5.256193 450 166 198 460 5.665097 
174 396 277 457 1.000000 277 457 450 166 2.828057 450 166 174 396 3.001233 
160 416 332 441 1.000000 332 441 450 166 1.721719 450 166 160 416 2.202920 
198 460 160 416 1.000000 160 416 450 166 6.585801 450 166 198 460 6.660401 
160 416 277 457 1.000000 277 457 450 166 2.730702 450 166 160 416 3.088375 
198 460 332 441 1.000000 332 441 450 166 2.211074 450 166 198 460 2.861090 
277 457 332 441 1.000000 332 441 450 166 5.224290 450 166 277 457 5.910281 
198 460 277 457 1.000000 277 457 450 166 4.282242 450 166 198 460 4.898000 
395 207 419 178 1.000000 419 178 532 180 3.002351 532 180 395 207 3.709455 
535 232 532 180 1.000000 532 180 419 178 2.169809 419 178 535 232 2.456552 
532 180 419 178 1.000000 419 178 344 307 1.320306 344 307 532 180 2.007443 
532 180 419 178 1.000000 419 178 200 361 2.525219 200 361 532 180 3.345791 
532 180 419 178 1.000000 419 178 146 367 2.937939 146 367 532 180 3.795082 
532 180 419 178 1.000000 419 178 338 369 1.835692 338 369 532 180 2.396483 
532 180 419 178 1.000000 419 178 174 396 2.901728 174 396 532 180 3.699552 
532 180 419 178 1.000000 419 178 160 416 3.112306 160 416 532 180 3.898019 
532 180 419 178 1.000000 419 178 332 441 2.451087 332 441 532 180 2.909434 
532 180 419 178 1.000000 419 178 198 460 3.170128 198 460 532 180 3.856382 
532 180 419 178 1.000000 419 178 277 457 2.769987 277 457 532 180 3.331357 
395 207 419 178 1.000000 419 178 535 232 3.399116 535 232 395 207 3.777977 
419 178 395 207 1.000000 395 207 344 307 2.982068 344 307 419 178 3.964023 
419 178 395 207 1.000000 395 207 200 361 6.600881 200 361 419 178 7.581596 
419 178 395 207 1.000000 395 207 146 367 7.862662 146 367 419 178 8.820727 
419 178 395 207 1.000000 395 207 338 369 4.562202 338 369 419 178 5.511392 
419 178 395 207 1.000000 395 207 174 396 7.725075 174 396 419 178 8.712008 
419 178 395 207 1.000000 395 207 160 416 8.354614 160 416 419 178 9.344236 
419 178 395 207 1.000000 395 207 332 441 6.437639 332 441 419 178 7.359026 
419 178 395 207 1.000000 395 207 198 460 8.518236 198 460 419 178 9.517840 
419 178 395 207 1.000000 395 207 277 457 7.343954 277 457 419 178 8.316473 
535 232 419 178 1.000000 419 178 344 307 1.166192 344 307 535 232 1.603693 
535 232 419 178 1.000000 419 178 200 361 2.230461 200 361 535 232 2.805552 
535 232 419 178 1.000000 419 178 146 367 2.595006 146 367 535 232 3.218051 
535 232 419 178 1.000000 419 178 338 369 1.621419 338 369 535 232 1.875329 
535 232 419 178 1.000000 419 178 174 396 2.563022 174 396 535 232 3.098838 
535 232 419 178 1.000000 419 178 160 416 2.749020 160 416 535 232 3.264549 
535 232 419 178 1.000000 419 178 332 441 2.164982 332 441 535 232 2.277075 
535 232 419 178 1.000000 419 178 198 460 2.800093 198 460 535 232 3.179931 
535 232 419 178 1.000000 419 178 277 457 2.446658 277 457 535 232 2.675424 
419 178 344 307 1.000000 344 307 200 361 1.030654 200 361 419 178 1.912601 
419 178 344 307 1.000000 344 307 146 367 1.386504 146 367 419 178 2.225196 
338 369 344 307 1.000000 344 307 419 178 2.395550 419 178 338 369 3.330660 
419 178 344 307 1.000000 344 307 174 396 1.285958 174 396 419 178 2.197769 
419 178 344 307 1.000000 344 307 160 416 1.433220 160 416 419 178 2.357261 
332 441 344 307 1.000000 344 307 419 178 1.109128 419 178 332 441 2.059046 
419 178 344 307 1.000000 344 307 198 460 1.417275 198 460 419 178 2.401056 
419 178 344 307 1.000000 344 307 277 457 1.100962 277 457 419 178 2.097988 
146 367 200 361 1.000000 200 361 419 178 5.252758 419 178 146 367 6.111265 
200 361 338 369 1.000000 338 369 419 178 1.500855 419 178 200 361 2.064610 
174 396 200 361 1.000000 200 361 419 178 6.545676 419 178 174 396 7.521633 
160 416 200 361 1.000000 200 361 419 178 4.196524 419 178 160 416 5.172171 
200 361 332 441 1.000000 332 441 419 178 1.794725 419 178 200 361 1.849006 
198 460 200 361 1.000000 200 361 419 178 2.882184 419 178 198 460 3.618258 
277 457 200 361 1.000000 200 361 419 178 2.319054 419 178 277 457 2.543838 
146 367 338 369 1.000000 338 369 419 178 1.080492 419 178 146 367 1.729277 
146 367 174 396 1.000000 174 396 419 178 8.135355 419 178 146 367 8.236878 
160 416 146 367 1.000000 146 367 419 178 6.515584 419 178 160 416 6.902283 
146 367 332 441 1.000000 332 441 419 178 1.383836 419 178 146 367 1.658704 
198 460 146 367 1.000000 146 367 419 178 3.116262 419 178 198 460 3.362544 
146 367 277 457 1.000000 277 457 419 178 1.969694 419 178 146 367 2.089123 
174 396 338 369 1.000000 338 369 419 178 1.248231 419 178 174 396 1.973113 
160 416 338 369 1.000000 338 369 419 178 1.126915 419 178 160 416 1.910617 
332 441 338 369 1.000000 338 369 419 178 2.871514 419 178 332 441 3.834158 
198 460 338 369 1.000000 338 369 419 178 1.242488 419 178 198 460 2.145701 
277 457 338 369 1.000000 338 369 419 178 1.937578 419 178 277 457 2.923729 
160 416 174 396 1.000000 174 396 419 178 13.433218 419 178 160 416 14.408063 
174 396 332 441 1.000000 332 441 419 178 1.686211 419 178 174 396 1.996226 
198 460 174 396 1.000000 174 396 419 178 4.797906 419 178 198 460 5.241697 
174 396 277 457 1.000000 277 457 419 178 2.615177 419 178 174 396 2.739555 
160 416 332 441 1.000000 332 441 419 178 1.593812 419 178 160 416 2.023767 
198 460 160 416 1.000000 160 416 419 178 6.050209 419 178 198 460 6.162614 
160 416 277 457 1.000000 277 457 419 178 2.525150 419 178 160 416 2.837212 
198 460 332 441 1.000000 332 441 419 178 2.046813 419 178 198 460 2.647257 
277 457 332 441 1.000000 332 441 419 178 4.836176 419 178 277 457 5.465388 
198 460 277 457 1.000000 277 457 419 178 3.959899 419 178 198 460 4.531931 
535 232 532 180 1.000000 532 180 395 207 2.680835 395 207 535 232 2.730357 
344 307 395 207 1.000000 395 207 532 180 1.243920 532 180 344 307 2.021097 
532 180 395 207 1.000000 395 207 200 361 1.779475 200 361 532 180 2.708010 
532 180 395 207 1.000000 395 207 146 367 2.119627 146 367 532 180 3.071656 
532 180 395 207 1.000000 395 207 338 369 1.229885 338 369 532 180 1.939661 
532 180 395 207 1.000000 395 207 174 396 2.082536 174 396 532 180 2.994336 
532 180 395 207 1.000000 395 207 160 416 2.252248 160 416 532 180 3.154971 
532 180 395 207 1.000000 395 207 332 441 1.735467 332 441 532 180 2.354832 
532 180 395 207 1.000000 395 207 198 460 2.296358 198 460 532 180 3.121271 
532 180 395 207 1.000000 395 207 277 457 1.979793 277 457 532 180 2.696327 
532 180 535 232 1.000000 535 232 344 307 3.939554 344 307 532 180 4.355769 
532 180 535 232 1.000000 535 232 200 361 6.891984 200 361 532 180 7.259728 
532 180 535 232 1.000000 535 232 146 367 7.905309 146 367 532 180 8.234604 
532 180 535 232 1.000000 535 232 338 369 4.606843 338 369 532 180 5.199911 
532 180 535 232 1.000000 535 232 174 396 7.612457 174 396 532 180 8.027322 
532 180 535 232 1.000000 535 232 160 416 8.019535 160 416 532 180 8.457957 
532 180 535 232 1.000000 535 232 332 441 5.593754 332 441 532 180 6.312918 
532 180 535 232 1.000000 535 232 198 460 7.811665 198 460 532 180 8.367613 
532 180 535 232 1.000000 535 232 277 457 6.572317 277 457 532 180 7.228410 
200 361 344 307 1.000000 344 307 532 180 1.475217 532 180 200 361 2.458733 
146 367 344 307 1.000000 344 307 532 180 1.096598 532 180 146 367 2.073125 
338 369 344 307 1.000000 344 307 532 180 3.642285 532 180 338 369 4.348154 
174 396 344 307 1.000000 344 307 532 180 1.182339 532 180 174 396 2.178953 
160 416 344 307 1.000000 344 307 532 180 1.060855 532 180 160 416 2.059949 
332 441 344 307 1.000000 344 307 532 180 1.686361 532 180 332 441 2.444082 
198 460 344 307 1.000000 344 307 532 180 1.072790 532 180 198 460 2.060873 
277 457 344 307 1.000000 344 307 532 180 1.381008 532 180 277 457 2.291787 
146 367 200 361 1.000000 200 361 532 180 6.959645 532 180 146 367 7.894224 
200 361 338 369 1.000000 338 369 532 180 1.959355 532 180 200 361 2.735506 
174 396 200 361 1.000000 200 361 532 180 8.672697 532 180 174 396 9.589688 
160 416 200 361 1.000000 200 361 532 180 5.560187 532 180 160 416 6.477904 
200 361 332 441 1.000000 332 441 532 180 2.130334 532 180 200 361 2.449841 
198 460 200 361 1.000000 200 361 532 180 3.818752 532 180 198 460 4.401520 
200 361 277 457 1.000000 277 457 532 180 3.059377 532 180 200 361 3.072632 
146 367 338 369 1.000000 338 369 532 180 1.410574 532 180 146 367 2.233792 
146 367 174 396 1.000000 174 396 532 180 10.372152 532 180 146 367 10.639983 
160 416 146 367 1.000000 146 367 532 180 8.416502 532 180 160 416 8.644789 
146 367 332 441 1.000000 332 441 532 180 1.642610 532 180 146 367 2.142630 
198 460 146 367 1.000000 146 367 532 180 4.025430 532 180 198 460 4.090451 
146 367 277 457 1.000000 277 457 532 180 2.368876 532 180 146 367 2.698624 
174 396 338 369 1.000000 338 369 532 180 1.629557 532 180 174 396 2.515616 
160 416 338 369 1.000000 338 369 532 180 1.471180 532 180 160 416 2.392960 
332 441 338 369 1.000000 338 369 532 180 3.748742 532 180 332 441 4.551136 
198 460 338 369 1.000000 338 369 532 180 1.622059 532 180 198 460 2.610191 
277 457 338 369 1.000000 338 369 532 180 2.529495 532 180 277 457 3.516257 
160 416 174 396 1.000000 174 396 532 180 17.126650 532 180 160 416 18.045431 
174 396 332 441 1.000000 332 441 532 180 2.001528 532 180 174 396 2.545084 
198 460 174 396 1.000000 174 396 532 180 6.117080 532 180 198 460 6.376393 
174 396 277 457 1.000000 277 457 532 180 3.145173 532 180 174 396 3.492790 
160 416 332 441 1.000000 332 441 532 180 1.891851 532 180 160 416 2.534675 
160 416 198 460 1.000000 198 460 532 180 7.496666 532 180 160 416 7.577606 
160 416 277 457 1.000000 277 457 532 180 3.036902 532 180 160 416 3.553477 
198 460 332 441 1.000000 332 441 532 180 2.429561 532 180 198 460 3.220322 
277 457 332 441 1.000000 332 441 532 180 5.740529 532 180 277 457 6.573014 
198 460 277 457 1.000000 277 457 532 180 4.762420 532 180 198 460 5.512981 
344 307 395 207 1.000000 395 207 535 232 1.266898 535 232 344 307 1.827972 
535 232 395 207 1.000000 395 207 200 361 1.747200 200 361 535 232 2.524207 
535 232 395 207 1.000000 395 207 146 367 2.081183 146 367 535 232 2.895340 
535 232 395 207 1.000000 395 207 338 369 1.207578 338 369 535 232 1.687268 
535 232 395 207 1.000000 395 207 174 396 2.044765 174 396 535 232 2.788082 
535 232 395 207 1.000000 395 207 160 416 2.211399 160 416 535 232 2.937175 
535 232 395 207 1.000000 395 207 332 441 1.703991 332 441 535 232 2.048727 
535 232 395 207 1.000000 395 207 198 460 2.254708 198 460 535 232 2.861042 
535 232 395 207 1.000000 395 207 277 457 1.943885 277 457 535 232 2.407128 
395 207 344 307 1.000000 344 307 200 361 1.370034 200 361 395 207 2.213524 
395 207 344 307 1.000000 344 307 146 367 1.843061 146 367 395 207 2.636647 
338 369 344 307 1.000000 344 307 395 207 1.802132 395 207 338 369 2.757043 
395 207 344 307 1.000000 344 307 174 396 1.709406 174 396 395 207 2.590509 
395 207 344 307 1.000000 344 307 160 416 1.905159 160 416 395 207 2.801617 
395 207 344 307 1.000000 344 307 332 441 1.198497 332 441 395 207 2.158783 
395 207 344 307 1.000000 344 307 198 460 1.883964 198 460 395 207 2.856486 
395 207 344 307 1.000000 344 307 277 457 1.463494 277 457 395 207 2.462705 
146 367 200 361 1.000000 200 361 395 207 4.573289 395 207 146 367 5.447489 
200 361 338 369 1.000000 338 369 395 207 1.242373 395 207 200 361 1.797543 
174 396 200 361 1.000000 200 361 395 207 5.698962 395 207 174 396 6.669550 
160 416 200 361 1.000000 200 361 395 207 3.653684 395 207 160 416 4.624401 
200 361 332 441 1.000000 332 441 395 207 1.570016 395 207 200 361 1.609828 
198 460 200 361 1.000000 200 361 395 207 2.509360 395 207 198 460 3.238253 
277 457 200 361 1.000000 200 361 395 207 2.019074 395 207 277 457 2.246365 
395 207 338 369 1.000000 338 369 146 367 1.118061 146 367 395 207 1.723436 
146 367 174 396 1.000000 174 396 395 207 7.213748 395 207 146 367 7.342228 
160 416 146 367 1.000000 146 367 395 207 5.807892 395 207 160 416 6.171281 
146 367 332 441 1.000000 332 441 395 207 1.210573 395 207 146 367 1.478543 
198 460 146 367 1.000000 146 367 395 207 2.777789 395 207 198 460 3.009395 
146 367 277 457 1.000000 277 457 395 207 1.739361 395 207 146 367 1.862213 
174 396 338 369 1.000000 338 369 395 207 1.033257 395 207 174 396 1.749591 
395 207 338 369 1.000000 338 369 160 416 1.072002 160 416 395 207 1.831268 
332 441 338 369 1.000000 338 369 395 207 2.376973 395 207 332 441 3.354102 
198 460 338 369 1.000000 338 369 395 207 1.028502 395 207 198 460 1.920350 
277 457 338 369 1.000000 338 369 395 207 1.603882 395 207 277 457 2.581831 
160 416 174 396 1.000000 174 396 395 207 11.911446 395 207 160 416 12.882145 
174 396 332 441 1.000000 332 441 395 207 1.475089 395 207 174 396 1.770085 
198 460 174 396 1.000000 174 396 395 207 4.254379 395 207 198 460 4.691191 
174 396 277 457 1.000000 277 457 395 207 2.309361 395 207 174 396 2.429207 
160 416 332 441 1.000000 332 441 395 207 1.394259 395 207 160 416 1.809436 
198 460 160 416 1.000000 160 416 395 207 5.409448 395 207 198 460 5.515390 
160 416 277 457 1.000000 277 457 395 207 2.229862 395 207 160 416 2.536731 
198 460 332 441 1.000000 332 441 395 207 1.790541 395 207 198 460 2.369231 
277 457 332 441 1.000000 332 441 395 207 4.230663 395 207 277 457 4.826272 
198 460 277 457 1.000000 277 457 395 207 3.496833 395 207 198 460 4.055968 
200 361 344 307 1.000000 344 307 535 232 1.334253 535 232 200 361 2.334185 
535 232 344 307 1.000000 344 307 146 367 1.008255 146 367 535 232 2.006651 
338 369 344 307 1.000000 344 307 535 232 3.294247 535 232 338 369 3.852232 
174 396 344 307 1.000000 344 307 535 232 1.069361 535 232 174 396 2.066341 
535 232 344 307 1.000000 344 307 160 416 1.042226 160 416 535 232 2.035645 
332 441 344 307 1.000000 344 307 535 232 1.525221 535 232 332 441 2.165654 
535 232 344 307 1.000000 344 307 198 460 1.030631 198 460 535 232 1.982880 
277 457 344 307 1.000000 344 307 535 232 1.249046 535 232 277 457 2.083771 
146 367 200 361 1.000000 200 361 535 232 6.607102 535 232 146 367 7.578541 
200 361 338 369 1.000000 338 369 535 232 1.735884 535 232 200 361 2.596938 
174 396 200 361 1.000000 200 361 535 232 8.233379 535 232 174 396 9.094078 
160 416 200 361 1.000000 200 361 535 232 5.278534 535 232 160 416 6.142119 
200 361 332 441 1.000000 332 441 535 232 1.887648 535 232 200 361 2.325744 
198 460 200 361 1.000000 200 361 535 232 3.625312 535 232 198 460 4.109081 
200 361 277 457 1.000000 277 457 535 232 2.781690 535 232 200 361 2.916987 
146 367 338 369 1.000000 338 369 535 232 1.249693 535 232 146 367 2.144465 
146 367 174 396 1.000000 174 396 535 232 9.836103 535 232 146 367 10.214499 
160 416 146 367 1.000000 146 367 535 232 8.079934 535 232 160 416 8.196682 
146 367 332 441 1.000000 332 441 535 232 1.455485 535 232 146 367 2.056948 
146 367 198 460 1.000000 198 460 535 232 3.818679 535 232 146 367 3.864457 
146 367 277 457 1.000000 277 457 535 232 2.153863 535 232 146 367 2.590708 
174 396 338 369 1.000000 338 369 535 232 1.443701 535 232 174 396 2.385605 
160 416 338 369 1.000000 338 369 535 232 1.303387 535 232 160 416 2.268919 
332 441 338 369 1.000000 338 369 535 232 3.321185 535 232 332 441 4.032673 
198 460 338 369 1.000000 338 369 535 232 1.437057 535 232 198 460 2.436769 
277 457 338 369 1.000000 338 369 535 232 2.240997 535 232 277 457 3.197101 
160 416 174 396 1.000000 174 396 535 232 16.241518 535 232 160 416 17.110037 
174 396 332 441 1.000000 332 441 535 232 1.773515 535 232 174 396 2.413550 
198 460 174 396 1.000000 174 396 535 232 5.800939 535 232 198 460 5.952743 
174 396 277 457 1.000000 277 457 535 232 2.859699 535 232 174 396 3.312277 
160 416 332 441 1.000000 332 441 535 232 1.676332 535 232 160 416 2.403288 
160 416 198 460 1.000000 198 460 535 232 6.998584 535 232 160 416 7.184817 
160 416 277 457 1.000000 277 457 535 232 2.761255 535 232 160 416 3.369280 
198 460 332 441 1.000000 332 441 535 232 2.152787 535 232 198 460 3.006363 
277 457 332 441 1.000000 332 441 535 232 5.086571 535 232 277 457 5.976409 
198 460 277 457 1.000000 277 457 535 232 4.330155 535 232 198 460 5.146696 
146 367 200 361 1.000000 200 361 344 307 2.830582 344 307 146 367 3.807887 
344 307 338 369 1.000000 338 369 200 361 2.219176 200 361 344 307 2.468983 
174 396 200 361 1.000000 200 361 344 307 3.527304 344 307 174 396 4.401054 
160 416 200 361 1.000000 200 361 344 307 2.261404 344 307 160 416 3.144691 
332 441 344 307 1.000000 344 307 200 361 1.143127 200 361 332 441 1.147276 
198 460 200 361 1.000000 200 361 344 307 1.553138 344 307 198 460 2.135755 
277 457 200 361 1.000000 200 361 344 307 1.249681 344 307 277 457 1.334931 
344 307 338 369 1.000000 338 369 146 367 3.082541 146 367 344 307 3.321439 
146 367 174 396 1.000000 174 396 344 307 4.760155 344 307 146 367 5.132341 
160 416 146 367 1.000000 146 367 344 307 4.059815 344 307 160 416 4.196603 
344 307 332 441 1.000000 332 441 146 367 1.487926 146 367 344 307 1.537811 
198 460 146 367 1.000000 146 367 344 307 1.941721 344 307 198 460 1.984814 
146 367 277 457 1.000000 277 457 344 307 1.033637 344 307 146 367 1.301718 
344 307 338 369 1.000000 338 369 174 396 2.668304 174 396 344 307 3.080576 
344 307 338 369 1.000000 338 369 160 416 2.955556 160 416 344 307 3.433349 
344 307 338 369 1.000000 338 369 332 441 1.159897 332 441 344 307 2.159849 
344 307 338 369 1.000000 338 369 198 460 2.680639 198 460 344 307 3.395153 
344 307 338 369 1.000000 338 369 277 457 1.718981 277 457 344 307 2.637409 
160 416 174 396 1.000000 174 396 344 307 7.860038 344 307 160 416 8.760133 
344 307 332 441 1.000000 332 441 174 396 1.221108 174 396 344 307 1.426292 
198 460 174 396 1.000000 174 396 344 307 2.807349 344 307 198 460 3.094025 
174 396 277 457 1.000000 277 457 344 307 1.372367 344 307 174 396 1.602967 
344 307 332 441 1.000000 332 441 160 416 1.291900 160 416 344 307 1.589625 
160 416 198 460 1.000000 198 460 344 307 3.637616 344 307 160 416 3.678540 
160 416 277 457 1.000000 277 457 344 307 1.325124 344 307 160 416 1.725031 
344 307 332 441 1.000000 332 441 198 460 1.005977 198 460 344 307 1.571940 
277 457 332 441 1.000000 332 441 344 307 2.348747 344 307 277 457 2.868074 
198 460 277 457 1.000000 277 457 344 307 2.078038 344 307 198 460 2.675070 
146 367 200 361 1.000000 200 361 338 369 2.544189 338 369 146 367 3.534001 
146 367 174 396 1.000000 174 396 200 361 1.081594 200 361 146 367 1.347819 
160 416 146 367 1.000000 146 367 200 361 1.066160 200 361 160 416 1.334504 
146 367 200 361 1.000000 200 361 332 441 2.840856 332 441 146 367 3.684362 
146 367 200 361 1.000000 200 361 198 460 1.822492 198 460 146 367 1.961088 
146 367 200 361 1.000000 200 361 277 457 2.265043 277 457 146 367 2.925278 
174 396 200 361 1.000000 200 361 338 369 3.170418 338 369 174 396 3.812063 
160 416 200 361 1.000000 200 361 338 369 2.032599 338 369 160 416 2.707068 
332 441 338 369 1.000000 338 369 200 361 1.913253 200 361 332 441 2.136348 
198 460 200 361 1.000000 200 361 338 369 1.395995 338 369 198 460 1.686283 
338 369 277 457 1.000000 277 457 200 361 1.149338 200 361 338 369 1.290983 
160 416 174 396 1.000000 174 396 200 361 1.785944 200 361 160 416 2.785690 
174 396 200 361 1.000000 200 361 332 441 3.540106 332 441 174 396 3.767926 
200 361 174 396 1.000000 174 396 198 460 1.567691 198 460 200 361 2.271082 
200 361 174 396 1.000000 174 396 277 457 2.745567 277 457 200 361 2.822563 
160 416 200 361 1.000000 200 361 332 441 2.269611 332 441 160 416 2.555714 
198 460 160 416 1.000000 160 416 200 361 1.169762 200 361 198 460 1.703199 
160 416 200 361 1.000000 200 361 277 457 1.809584 277 457 160 416 1.822976 
200 361 198 460 1.000000 198 460 332 441 1.366795 332 441 200 361 1.558775 
332 441 277 457 1.000000 277 457 200 361 2.148481 200 361 332 441 2.694662 
277 457 198 460 1.000000 198 460 200 361 1.252517 200 361 277 457 1.556663 
146 367 174 396 1.000000 174 396 338 369 4.123106 338 369 146 367 4.763192 
146 367 160 416 1.000000 160 416 338 369 3.612593 338 369 146 367 3.767808 
332 441 338 369 1.000000 338 369 146 367 2.657600 146 367 332 441 2.770673 
146 367 198 460 1.000000 198 460 338 369 1.567108 338 369 146 367 1.802061 
338 369 277 457 1.000000 277 457 146 367 1.484357 146 367 338 369 1.793237 
160 416 174 396 1.000000 174 396 146 367 1.651215 146 367 160 416 2.087434 
146 367 174 396 1.000000 174 396 332 441 4.075367 332 441 146 367 4.965853 
146 367 174 396 1.000000 174 396 198 460 1.695605 198 460 146 367 2.643192 
146 367 174 396 1.000000 174 396 277 457 2.969589 277 457 146 367 3.942744 
146 367 160 416 1.000000 160 416 332 441 3.410611 332 441 146 367 3.928118 
146 367 160 416 1.000000 160 416 198 460 1.140834 198 460 146 367 2.090833 
146 367 160 416 1.000000 160 416 277 457 2.432769 277 457 146 367 3.118813 
146 367 198 460 1.000000 198 460 332 441 1.270199 332 441 146 367 1.878734 
332 441 277 457 1.000000 277 457 146 367 2.774739 146 367 332 441 3.494760 
277 457 198 460 1.000000 198 460 146 367 1.347769 146 367 277 457 2.010413 
160 416 174 396 1.000000 174 396 338 369 6.808133 338 369 160 416 7.541051 
338 369 332 441 1.000000 332 441 174 396 2.273831 174 396 338 369 2.300466 
198 460 174 396 1.000000 174 396 338 369 2.431643 338 369 198 460 2.442883 
338 369 277 457 1.000000 277 457 174 396 1.117985 174 396 338 369 1.552259 
338 369 332 441 1.000000 332 441 160 416 2.405653 160 416 338 369 2.548119 
160 416 198 460 1.000000 198 460 338 369 2.872075 338 369 160 416 3.166625 
338 369 277 457 1.000000 277 457 160 416 1.157844 160 416 338 369 1.719365 
338 369 332 441 1.000000 332 441 198 460 1.873234 198 460 338 369 2.311101 
277 457 332 441 1.000000 332 441 338 369 1.261340 338 369 277 457 1.869321 
198 460 277 457 1.000000 277 457 338 369 1.354400 338 369 198 460 2.112098 
160 416 174 396 1.000000 174 396 332 441 6.729306 332 441 160 416 7.119427 
174 396 160 416 1.000000 160 416 198 460 2.381416 198 460 174 396 2.799808 
160 416 174 396 1.000000 174 396 277 457 4.903430 277 457 160 416 5.078247 
174 396 198 460 1.000000 198 460 332 441 1.980048 332 441 174 396 2.403488 
332 441 277 457 1.000000 277 457 174 396 2.089873 174 396 332 441 2.868074 
174 396 198 460 1.000000 198 460 277 457 1.156614 277 457 174 396 1.751345 
160 416 198 460 1.000000 198 460 332 441 2.327924 332 441 160 416 2.989578 
332 441 277 457 1.000000 277 457 160 416 2.164382 160 416 332 441 3.034346 
160 416 198 460 1.000000 198 460 277 457 1.359821 277 457 160 416 2.132449 
332 441 277 457 1.000000 277 457 198 460 1.380184 198 460 332 441 2.362784 