UrsaMajor
19 21 969
0 566 65 
1 481 73 
2 363 104 
3 467 123 
4 149 125 
5 197 135 
6 256 142 
7 84 159 
8 366 163 
9 281 185 
10 515 193 
11 585 211 
12 581 223 
13 284 251 
14 350 294 
15 455 305 
16 447 322 
17 325 418 
18 324 436 
0 1
0 3
1 2
1 3
2 6
2 8
3 8
3 10
4 5
4 7
5 6
6 9
8 9
9 13
10 12
11 12
13 14
13 17
15 16
14 16
17 18
566 65 481 73 1.000000 481 73 363 104 1.429027 363 104 566 65 2.421210 
467 123 481 73 1.000000 481 73 566 65 1.644273 566 65 467 123 2.209787 
566 65 481 73 1.000000 481 73 149 125 3.936107 149 125 566 65 4.934598 
566 65 481 73 1.000000 481 73 197 135 3.404822 197 135 566 65 4.399157 
566 65 481 73 1.000000 481 73 256 142 2.756551 256 142 566 65 3.741346 
566 65 481 73 1.000000 481 73 84 159 4.757892 84 159 566 65 5.751997 
566 65 481 73 1.000000 481 73 366 163 1.710451 366 163 566 65 2.608701 
566 65 481 73 1.000000 481 73 281 185 2.684897 281 185 566 65 3.622028 
566 65 481 73 1.000000 481 73 515 193 1.460882 515 193 566 65 1.613880 
481 73 566 65 1.000000 566 65 585 211 1.724510 585 211 481 73 2.024002 
481 73 566 65 1.000000 566 65 581 223 1.858966 581 223 481 73 2.111581 
566 65 481 73 1.000000 481 73 284 251 3.109847 284 251 566 65 3.956826 
566 65 481 73 1.000000 481 73 350 294 3.009155 350 294 566 65 3.687196 
566 65 481 73 1.000000 481 73 455 305 2.734414 455 305 566 65 3.097204 
566 65 481 73 1.000000 481 73 447 322 2.943586 447 322 566 65 3.317266 
566 65 481 73 1.000000 481 73 325 418 4.434877 325 418 566 65 5.006375 
566 65 481 73 1.000000 481 73 324 436 4.632436 324 436 566 65 5.188252 
363 104 467 123 1.000000 467 123 566 65 1.085295 566 65 363 104 1.955257 
566 65 363 104 1.000000 363 104 149 125 1.040228 149 125 566 65 2.038071 
197 135 363 104 1.000000 363 104 566 65 1.224093 566 65 197 135 2.224086 
256 142 363 104 1.000000 363 104 566 65 1.820495 566 65 256 142 2.813098 
566 65 363 104 1.000000 363 104 84 159 1.375677 84 159 566 65 2.375670 
366 163 363 104 1.000000 363 104 566 65 3.499079 566 65 366 163 3.770037 
281 185 363 104 1.000000 363 104 566 65 1.793435 566 65 281 185 2.682903 
566 65 515 193 1.000000 515 193 363 104 1.278352 363 104 566 65 1.500241 
585 211 566 65 1.000000 566 65 363 104 1.403999 363 104 585 211 1.673836 
581 223 566 65 1.000000 566 65 363 104 1.302450 363 104 581 223 1.564892 
284 251 363 104 1.000000 363 104 566 65 1.238665 566 65 284 251 2.024269 
350 294 363 104 1.000000 363 104 566 65 1.085422 566 65 350 294 1.652960 
566 65 363 104 1.000000 363 104 455 305 1.069381 455 305 566 65 1.279197 
566 65 363 104 1.000000 363 104 447 322 1.130187 447 322 566 65 1.370086 
566 65 363 104 1.000000 363 104 325 418 1.530102 325 418 566 65 2.067716 
566 65 363 104 1.000000 363 104 324 436 1.617140 324 436 566 65 2.142834 
566 65 467 123 1.000000 467 123 149 125 2.771566 149 125 566 65 3.671768 
566 65 467 123 1.000000 467 123 197 135 2.355493 197 135 566 65 3.273355 
566 65 467 123 1.000000 467 123 256 142 1.846399 256 142 566 65 2.783886 
566 65 467 123 1.000000 467 123 84 159 3.352729 84 159 566 65 4.279985 
366 163 467 123 1.000000 467 123 566 65 1.056212 566 65 366 163 2.050213 
566 65 467 123 1.000000 467 123 281 185 1.708761 281 185 566 65 2.695103 
515 193 467 123 1.000000 467 123 566 65 1.351835 566 65 515 193 1.623373 
566 65 467 123 1.000000 467 123 585 211 1.282918 585 211 566 65 1.283185 
566 65 467 123 1.000000 467 123 581 223 1.321648 581 223 566 65 1.383232 
566 65 467 123 1.000000 467 123 284 251 1.946356 284 251 566 65 2.944221 
566 65 467 123 1.000000 467 123 350 294 1.805802 350 294 566 65 2.743594 
566 65 467 123 1.000000 467 123 455 305 1.589655 455 305 566 65 2.304588 
566 65 467 123 1.000000 467 123 447 322 1.743111 447 322 566 65 2.468333 
566 65 467 123 1.000000 467 123 325 418 2.853413 325 418 566 65 3.725177 
566 65 467 123 1.000000 467 123 324 436 2.999152 324 436 566 65 3.860509 
149 125 197 135 1.000000 197 135 566 65 7.660132 566 65 149 125 8.592479 
149 125 256 142 1.000000 256 142 566 65 2.948253 566 65 149 125 3.888559 
84 159 149 125 1.000000 149 125 566 65 5.743204 566 65 84 159 6.694546 
149 125 366 163 1.000000 366 163 566 65 1.010974 566 65 149 125 1.912349 
149 125 281 185 1.000000 281 185 566 65 2.132692 566 65 149 125 2.905548 
566 65 515 193 1.000000 515 193 149 125 2.701749 149 125 566 65 3.057598 
585 211 566 65 1.000000 566 65 149 125 2.861450 149 125 585 211 3.018389 
581 223 566 65 1.000000 566 65 149 125 2.654485 149 125 581 223 2.791098 
149 125 284 251 1.000000 284 251 566 65 1.829352 566 65 149 125 2.281404 
149 125 350 294 1.000000 350 294 566 65 1.198741 566 65 149 125 1.604282 
566 65 455 305 1.000000 455 305 149 125 1.342590 149 125 566 65 1.593243 
566 65 447 322 1.000000 447 322 149 125 1.261343 149 125 566 65 1.487550 
325 418 149 125 1.000000 149 125 566 65 1.232588 566 65 325 418 1.250517 
324 436 149 125 1.000000 149 125 566 65 1.180574 566 65 324 436 1.241259 
197 135 256 142 1.000000 256 142 566 65 5.376188 566 65 197 135 6.321442 
84 159 197 135 1.000000 197 135 566 65 3.251204 566 65 84 159 4.251022 
197 135 366 163 1.000000 366 163 566 65 1.300144 566 65 197 135 2.192484 
197 135 281 185 1.000000 281 185 566 65 3.163353 566 65 197 135 3.842071 
566 65 515 193 1.000000 515 193 197 135 2.345999 197 135 566 65 2.725826 
585 211 566 65 1.000000 566 65 197 135 2.550961 197 135 585 211 2.685392 
581 223 566 65 1.000000 566 65 197 135 2.366454 197 135 581 223 2.482221 
197 135 284 251 1.000000 284 251 566 65 2.329769 566 65 197 135 2.590213 
197 135 350 294 1.000000 350 294 566 65 1.426627 566 65 197 135 1.702094 
566 65 455 305 1.000000 455 305 197 135 1.168466 197 135 566 65 1.420364 
566 65 447 322 1.000000 447 322 197 135 1.102349 197 135 566 65 1.326140 
325 418 197 135 1.000000 197 135 566 65 1.209207 566 65 325 418 1.376114 
324 436 197 135 1.000000 197 135 566 65 1.149636 566 65 324 436 1.355850 
84 159 256 142 1.000000 256 142 566 65 1.848087 566 65 84 159 2.841275 
256 142 366 163 1.000000 366 163 566 65 1.988805 566 65 256 142 2.852303 
256 142 281 185 1.000000 281 185 566 65 6.217072 566 65 256 142 6.421877 
566 65 515 193 1.000000 515 193 256 142 1.915821 256 142 566 65 2.318230 
585 211 566 65 1.000000 566 65 256 142 2.169513 256 142 585 211 2.283197 
581 223 566 65 1.000000 566 65 256 142 2.012595 256 142 581 223 2.110396 
284 251 256 142 1.000000 256 142 566 65 2.838306 566 65 284 251 3.001776 
256 142 350 294 1.000000 350 294 566 65 1.761419 566 65 256 142 1.787287 
256 142 455 305 1.000000 455 305 566 65 1.027953 566 65 256 142 1.241742 
256 142 447 322 1.000000 447 322 566 65 1.079107 566 65 256 142 1.217060 
325 418 256 142 1.000000 256 142 566 65 1.122763 566 65 325 418 1.502394 
324 436 256 142 1.000000 256 142 566 65 1.058517 566 65 324 436 1.467882 
566 65 366 163 1.000000 366 163 84 159 1.266294 84 159 566 65 2.204927 
84 159 281 185 1.000000 281 185 566 65 1.556215 566 65 84 159 2.471363 
566 65 515 193 1.000000 515 193 84 159 3.137756 84 159 566 65 3.564079 
585 211 566 65 1.000000 566 65 84 159 3.335439 84 159 585 211 3.421093 
581 223 566 65 1.000000 566 65 84 159 3.094191 84 159 581 223 3.157346 
84 159 284 251 1.000000 284 251 566 65 1.534515 566 65 84 159 2.230709 
84 159 350 294 1.000000 350 294 566 65 1.055314 566 65 84 159 1.646281 
566 65 455 305 1.000000 455 305 84 159 1.507773 84 159 566 65 1.857158 
566 65 447 322 1.000000 447 322 84 159 1.405006 84 159 566 65 1.733957 
84 159 325 418 1.000000 325 418 566 65 1.208151 566 65 84 159 1.388086 
84 159 324 436 1.000000 324 436 566 65 1.208565 566 65 84 159 1.339886 
281 185 366 163 1.000000 366 163 566 65 2.536643 566 65 281 185 3.521979 
566 65 515 193 1.000000 515 193 366 163 1.103088 366 163 566 65 1.616416 
585 211 566 65 1.000000 566 65 366 163 1.512721 366 163 585 211 1.522766 
581 223 566 65 1.000000 566 65 366 163 1.403308 366 163 581 223 1.406430 
284 251 366 163 1.000000 366 163 566 65 1.851630 566 65 284 251 2.808514 
350 294 366 163 1.000000 366 163 566 65 1.687608 566 65 350 294 2.385303 
455 305 366 163 1.000000 366 163 566 65 1.328988 566 65 455 305 1.577853 
447 322 366 163 1.000000 366 163 566 65 1.248125 566 65 447 322 1.587136 
566 65 366 163 1.000000 366 163 325 418 1.159642 325 418 566 65 1.919106 
566 65 366 163 1.000000 366 163 324 436 1.240178 324 436 566 65 1.988826 
566 65 515 193 1.000000 515 193 281 185 1.699277 281 185 566 65 2.244297 
566 65 585 211 1.000000 585 211 281 185 2.072319 281 185 566 65 2.100323 
566 65 581 223 1.000000 581 223 281 185 1.905339 281 185 566 65 1.948410 
284 251 281 185 1.000000 281 185 566 65 4.680515 566 65 284 251 5.113153 
350 294 281 185 1.000000 281 185 566 65 2.397082 566 65 350 294 2.440212 
281 185 455 305 1.000000 455 305 566 65 1.251027 566 65 281 185 1.463014 
281 185 447 322 1.000000 447 322 566 65 1.315850 566 65 281 185 1.436739 
325 418 281 185 1.000000 281 185 566 65 1.304130 566 65 325 418 1.802572 
324 436 281 185 1.000000 281 185 566 65 1.214313 566 65 324 436 1.739402 
585 211 515 193 1.000000 515 193 566 65 1.906355 566 65 585 211 2.037033 
581 223 515 193 1.000000 515 193 566 65 1.900543 566 65 581 223 2.189161 
566 65 515 193 1.000000 515 193 284 251 1.728550 284 251 566 65 2.451747 
566 65 515 193 1.000000 515 193 350 294 1.404046 350 294 566 65 2.284678 
455 305 515 193 1.000000 515 193 566 65 1.084426 566 65 455 305 2.081125 
566 65 515 193 1.000000 515 193 447 322 1.058345 447 322 566 65 2.055460 
566 65 515 193 1.000000 515 193 325 418 2.137307 325 418 566 65 3.102074 
566 65 515 193 1.000000 515 193 324 436 2.243182 324 436 566 65 3.214769 
581 223 585 211 1.000000 585 211 566 65 11.639641 566 65 581 223 12.547161 
566 65 585 211 1.000000 585 211 284 251 2.062378 284 251 566 65 2.294464 
566 65 585 211 1.000000 585 211 350 294 1.692759 350 294 566 65 2.138113 
566 65 585 211 1.000000 585 211 455 305 1.089610 455 305 566 65 1.795991 
566 65 585 211 1.000000 585 211 447 322 1.202882 447 322 566 65 1.923600 
566 65 585 211 1.000000 585 211 325 418 2.257259 325 418 566 65 2.903072 
566 65 585 211 1.000000 585 211 324 436 2.340507 324 436 566 65 3.008538 
566 65 581 223 1.000000 581 223 284 251 1.879630 284 251 566 65 2.128509 
566 65 581 223 1.000000 581 223 350 294 1.522679 350 294 566 65 1.983466 
455 305 581 223 1.000000 581 223 566 65 1.055726 566 65 455 305 1.758934 
566 65 581 223 1.000000 581 223 447 322 1.049738 447 322 566 65 1.784468 
566 65 581 223 1.000000 581 223 325 418 2.027648 325 418 566 65 2.693097 
566 65 581 223 1.000000 581 223 324 436 2.103160 324 436 566 65 2.790934 
284 251 350 294 1.000000 350 294 566 65 3.996312 566 65 284 251 4.288545 
284 251 455 305 1.000000 455 305 566 65 1.474572 566 65 284 251 1.883836 
284 251 447 322 1.000000 447 322 566 65 1.592950 566 65 284 251 1.900066 
325 418 284 251 1.000000 284 251 566 65 1.964514 566 65 325 418 2.485603 
324 436 284 251 1.000000 284 251 566 65 1.784793 566 65 324 436 2.340248 
350 294 455 305 1.000000 455 305 566 65 2.504634 566 65 350 294 2.981747 
350 294 447 322 1.000000 447 322 566 65 2.805196 566 65 350 294 3.118022 
325 418 350 294 1.000000 350 294 566 65 2.488609 566 65 325 418 3.378966 
324 436 350 294 1.000000 350 294 566 65 2.180627 566 65 324 436 3.068359 
447 322 455 305 1.000000 455 305 566 65 14.073965 566 65 447 322 15.073944 
325 418 455 305 1.000000 455 305 566 65 1.535155 566 65 325 418 2.481452 
324 436 455 305 1.000000 455 305 566 65 1.427307 566 65 324 436 2.390940 
325 418 447 322 1.000000 447 322 566 65 1.824340 566 65 325 418 2.753270 
324 436 447 322 1.000000 447 322 566 65 1.688760 566 65 324 436 2.641245 
324 436 325 418 1.000000 325 418 566 65 23.709135 566 65 324 436 24.570464 
481 73 467 123 1.000000 467 123 363 104 2.036117 363 104 481 73 2.349711 
481 73 363 104 1.000000 363 104 149 125 1.762465 149 125 481 73 2.754396 
481 73 363 104 1.000000 363 104 197 135 1.384132 197 135 481 73 2.382615 
256 142 363 104 1.000000 363 104 481 73 1.074478 481 73 256 142 2.072636 
481 73 363 104 1.000000 363 104 84 159 2.330819 84 159 481 73 3.329463 
366 163 363 104 1.000000 363 104 481 73 2.065198 481 73 366 163 2.471905 
281 185 363 104 1.000000 363 104 481 73 1.058507 481 73 281 185 1.988753 
363 104 481 73 1.000000 481 73 515 193 1.022291 515 193 363 104 1.443715 
363 104 481 73 1.000000 481 73 585 211 1.416350 585 211 363 104 2.019938 
363 104 481 73 1.000000 481 73 581 223 1.477635 581 223 363 104 2.035707 
481 73 363 104 1.000000 363 104 284 251 1.367849 284 251 481 73 2.176199 
481 73 363 104 1.000000 363 104 350 294 1.560966 350 294 481 73 2.105737 
481 73 363 104 1.000000 363 104 455 305 1.811860 455 305 481 73 1.913480 
481 73 363 104 1.000000 363 104 447 322 1.914883 447 322 481 73 2.059853 
481 73 363 104 1.000000 363 104 325 418 2.592462 325 418 481 73 3.103424 
481 73 363 104 1.000000 363 104 324 436 2.739931 324 436 481 73 3.241671 
481 73 467 123 1.000000 467 123 149 125 6.124572 149 125 481 73 6.472035 
481 73 467 123 1.000000 467 123 197 135 5.205139 197 135 481 73 5.598458 
481 73 467 123 1.000000 467 123 256 142 4.080150 256 142 481 73 4.532523 
481 73 467 123 1.000000 467 123 84 159 7.408818 84 159 481 73 7.823275 
481 73 467 123 1.000000 467 123 366 163 2.092182 366 163 481 73 2.812448 
481 73 467 123 1.000000 467 123 281 185 3.775998 281 185 481 73 4.414704 
481 73 467 123 1.000000 467 123 515 193 1.634658 515 193 481 73 2.402089 
481 73 467 123 1.000000 467 123 585 211 2.834977 585 211 481 73 3.328013 
481 73 467 123 1.000000 467 123 581 223 2.920560 581 223 481 73 3.472016 
481 73 467 123 1.000000 467 123 284 251 4.301033 284 251 481 73 5.113439 
481 73 467 123 1.000000 467 123 350 294 3.990437 350 294 481 73 4.947874 
481 73 467 123 1.000000 467 123 455 305 3.512800 455 305 481 73 4.496124 
481 73 467 123 1.000000 467 123 447 322 3.851904 447 322 481 73 4.840061 
481 73 467 123 1.000000 467 123 325 418 6.305437 325 418 481 73 7.292150 
481 73 467 123 1.000000 467 123 324 436 6.627487 324 436 481 73 7.616991 
149 125 197 135 1.000000 197 135 481 73 5.928722 481 73 149 125 6.853834 
149 125 256 142 1.000000 256 142 481 73 2.172216 481 73 149 125 3.101728 
84 159 149 125 1.000000 149 125 481 73 4.581095 481 73 84 159 5.537542 
481 73 366 163 1.000000 366 163 149 125 1.508600 149 125 481 73 2.301210 
149 125 281 185 1.000000 281 185 481 73 1.580898 481 73 149 125 2.317625 
515 193 481 73 1.000000 481 73 149 125 2.694337 149 125 515 193 2.984704 
585 211 481 73 1.000000 481 73 149 125 1.944715 149 125 585 211 2.571757 
581 223 481 73 1.000000 481 73 149 125 1.864057 149 125 581 223 2.457190 
149 125 284 251 1.000000 284 251 481 73 1.437770 481 73 149 125 1.819773 
481 73 350 294 1.000000 350 294 149 125 1.022178 149 125 481 73 1.308044 
455 305 481 73 1.000000 481 73 149 125 1.439470 149 125 455 305 1.520719 
447 322 481 73 1.000000 481 73 149 125 1.337181 149 125 447 322 1.421467 
481 73 149 125 1.000000 149 125 325 418 1.017108 325 418 481 73 1.126717 
481 73 149 125 1.000000 149 125 324 436 1.061920 324 436 481 73 1.176908 
197 135 256 142 1.000000 256 142 481 73 3.961071 481 73 197 135 4.892615 
84 159 197 135 1.000000 197 135 481 73 2.516339 481 73 84 159 3.516327 
481 73 366 163 1.000000 366 163 197 135 1.173066 197 135 481 73 1.990599 
197 135 281 185 1.000000 281 185 481 73 2.344896 481 73 197 135 2.973653 
515 193 481 73 1.000000 481 73 197 135 2.330662 197 135 515 193 2.591697 
585 211 481 73 1.000000 481 73 197 135 1.682223 197 135 585 211 2.288033 
581 223 481 73 1.000000 481 73 197 135 1.612452 197 135 581 223 2.185265 
197 135 284 251 1.000000 284 251 481 73 1.831070 481 73 197 135 2.004751 
197 135 350 294 1.000000 350 294 481 73 1.164283 481 73 197 135 1.317372 
455 305 481 73 1.000000 481 73 197 135 1.245174 197 135 455 305 1.323493 
447 322 481 73 1.000000 481 73 197 135 1.156692 197 135 447 322 1.242289 
481 73 197 135 1.000000 197 135 325 418 1.068500 325 418 481 73 1.302528 
481 73 197 135 1.000000 197 135 324 436 1.123867 324 436 481 73 1.360552 
84 159 256 142 1.000000 256 142 481 73 1.361635 481 73 84 159 2.350223 
256 142 366 163 1.000000 366 163 481 73 1.304003 481 73 256 142 2.101522 
256 142 281 185 1.000000 281 185 481 73 4.608523 481 73 256 142 4.731514 
515 193 481 73 1.000000 481 73 256 142 1.886909 256 142 515 193 2.116466 
585 211 481 73 1.000000 481 73 256 142 1.361931 256 142 585 211 1.945352 
581 223 481 73 1.000000 481 73 256 142 1.305444 256 142 581 223 1.857923 
284 251 256 142 1.000000 256 142 481 73 2.091209 481 73 284 251 2.359231 
350 294 256 142 1.000000 256 142 481 73 1.316839 481 73 350 294 1.437511 
455 305 481 73 1.000000 481 73 256 142 1.008096 256 142 455 305 1.101875 
256 142 481 73 1.000000 481 73 447 322 1.067851 447 322 256 142 1.115192 
481 73 256 142 1.000000 256 142 325 418 1.208853 325 418 481 73 1.608850 
481 73 256 142 1.000000 256 142 324 436 1.282224 324 436 481 73 1.680519 
481 73 366 163 1.000000 366 163 84 159 1.931293 84 159 481 73 2.781660 
84 159 281 185 1.000000 281 185 481 73 1.153574 481 73 84 159 2.044243 
515 193 481 73 1.000000 481 73 84 159 3.256864 84 159 515 193 3.466374 
585 211 481 73 1.000000 481 73 84 159 2.350735 84 159 585 211 2.914873 
581 223 481 73 1.000000 481 73 84 159 2.253237 84 159 581 223 2.779624 
84 159 284 251 1.000000 284 251 481 73 1.206045 481 73 84 159 1.845181 
481 73 350 294 1.000000 350 294 84 159 1.161101 84 159 481 73 1.581139 
481 73 455 305 1.000000 455 305 84 159 1.707818 84 159 481 73 1.740004 
481 73 447 322 1.000000 447 322 84 159 1.583368 84 159 481 73 1.616359 
84 159 325 418 1.000000 325 418 481 73 1.070235 481 73 84 159 1.148186 
84 159 324 436 1.000000 324 436 481 73 1.079092 481 73 84 159 1.108316 
281 185 366 163 1.000000 366 163 481 73 1.663204 481 73 281 185 2.610734 
515 193 481 73 1.000000 481 73 366 163 1.170835 366 163 515 193 1.218615 
366 163 481 73 1.000000 481 73 585 211 1.183315 585 211 366 163 1.535283 
366 163 481 73 1.000000 481 73 581 223 1.234517 581 223 366 163 1.528548 
284 251 366 163 1.000000 366 163 481 73 1.214060 481 73 284 251 2.207338 
350 294 366 163 1.000000 366 163 481 73 1.106516 481 73 350 294 1.946668 
481 73 366 163 1.000000 366 163 455 305 1.147606 455 305 481 73 1.598651 
481 73 366 163 1.000000 366 163 447 322 1.221956 447 322 481 73 1.720942 
481 73 366 163 1.000000 366 163 325 418 1.768634 325 418 481 73 2.592812 
481 73 366 163 1.000000 366 163 324 436 1.891463 324 436 481 73 2.708313 
515 193 481 73 1.000000 481 73 281 185 1.837861 281 185 515 193 1.877243 
585 211 481 73 1.000000 481 73 281 185 1.326529 281 185 585 211 1.765677 
581 223 481 73 1.000000 481 73 281 185 1.271510 281 185 581 223 1.677397 
284 251 281 185 1.000000 281 185 481 73 3.469520 481 73 284 251 4.018656 
350 294 281 185 1.000000 281 185 481 73 1.776883 481 73 350 294 1.991479 
455 305 281 185 1.000000 281 185 481 73 1.084487 481 73 455 305 1.104488 
447 322 281 185 1.000000 281 185 481 73 1.065010 481 73 447 322 1.167624 
481 73 281 185 1.000000 281 185 325 418 1.034435 325 418 481 73 1.651787 
481 73 281 185 1.000000 281 185 324 436 1.110947 324 436 481 73 1.725368 
585 211 515 193 1.000000 515 193 481 73 1.725629 481 73 585 211 2.390800 
581 223 515 193 1.000000 515 193 481 73 1.720368 481 73 581 223 2.486646 
481 73 515 193 1.000000 515 193 284 251 1.909582 284 251 481 73 2.128747 
481 73 515 193 1.000000 515 193 350 294 1.551093 350 294 481 73 2.059821 
481 73 515 193 1.000000 515 193 455 305 1.018724 455 305 481 73 1.871756 
481 73 515 193 1.000000 515 193 447 322 1.169186 447 322 481 73 2.014938 
481 73 515 193 1.000000 515 193 325 418 2.361148 325 418 481 73 3.035754 
481 73 515 193 1.000000 515 193 324 436 2.478112 324 436 481 73 3.170987 
581 223 585 211 1.000000 585 211 481 73 13.661076 481 73 581 223 14.252193 
585 211 481 73 1.000000 481 73 284 251 1.536484 284 251 585 211 1.757207 
481 73 585 211 1.000000 585 211 350 294 1.442281 350 294 481 73 1.486735 
455 305 585 211 1.000000 585 211 481 73 1.077146 481 73 455 305 1.455217 
481 73 585 211 1.000000 585 211 447 322 1.024891 447 322 481 73 1.454340 
481 73 585 211 1.000000 585 211 325 418 1.923251 325 418 481 73 2.191142 
481 73 585 211 1.000000 585 211 324 436 1.994181 324 436 481 73 2.288751 
581 223 481 73 1.000000 481 73 284 251 1.472758 284 251 581 223 1.654765 
481 73 581 223 1.000000 581 223 350 294 1.340517 350 294 481 73 1.425072 
455 305 581 223 1.000000 581 223 481 73 1.199189 481 73 455 305 1.552902 
447 322 581 223 1.000000 581 223 481 73 1.082070 481 73 447 322 1.508428 
481 73 581 223 1.000000 581 223 325 418 1.785075 325 418 481 73 2.100264 
481 73 581 223 1.000000 581 223 324 436 1.851552 324 436 481 73 2.193823 
284 251 350 294 1.000000 350 294 481 73 3.261427 481 73 284 251 3.370560 
284 251 455 305 1.000000 455 305 481 73 1.301849 481 73 284 251 1.480591 
284 251 447 322 1.000000 447 322 481 73 1.413509 481 73 284 251 1.493347 
325 418 284 251 1.000000 284 251 481 73 1.544000 481 73 325 418 2.201861 
324 436 284 251 1.000000 284 251 481 73 1.402749 481 73 324 436 2.089538 
350 294 455 305 1.000000 455 305 481 73 2.211255 481 73 350 294 2.433431 
350 294 447 322 1.000000 447 322 481 73 2.489200 481 73 350 294 2.544647 
325 418 350 294 1.000000 350 294 481 73 2.030977 481 73 325 418 2.993243 
324 436 350 294 1.000000 350 294 481 73 1.779630 481 73 324 436 2.739646 
447 322 455 305 1.000000 455 305 481 73 12.425415 481 73 447 322 13.375912 
325 418 455 305 1.000000 455 305 481 73 1.355335 481 73 325 418 2.198184 
324 436 455 305 1.000000 455 305 481 73 1.260120 481 73 324 436 2.134799 
325 418 447 322 1.000000 447 322 481 73 1.618834 481 73 325 418 2.438973 
324 436 447 322 1.000000 447 322 481 73 1.498527 481 73 324 436 2.358289 
324 436 325 418 1.000000 325 418 481 73 21.002637 481 73 324 436 21.938235 
467 123 363 104 1.000000 363 104 149 125 2.033912 149 125 467 123 3.007967 
467 123 363 104 1.000000 363 104 197 135 1.597310 197 135 467 123 2.556405 
467 123 363 104 1.000000 363 104 256 142 1.074025 256 142 467 123 2.003888 
467 123 363 104 1.000000 363 104 84 159 2.689802 84 159 467 123 3.638700 
366 163 363 104 1.000000 363 104 467 123 1.789575 467 123 366 163 1.838852 
467 123 363 104 1.000000 363 104 281 185 1.090230 281 185 467 123 1.854510 
515 193 467 123 1.000000 467 123 363 104 1.245592 363 104 515 193 2.075243 
363 104 467 123 1.000000 467 123 585 211 1.392345 585 211 363 104 2.331040 
363 104 467 123 1.000000 467 123 581 223 1.434378 581 223 363 104 2.349239 
467 123 363 104 1.000000 363 104 284 251 1.578520 284 251 467 123 2.112371 
467 123 363 104 1.000000 363 104 350 294 1.801379 350 294 467 123 1.959827 
363 104 467 123 1.000000 467 123 455 305 1.725245 455 305 363 104 2.090915 
363 104 467 123 1.000000 467 123 447 322 1.891789 447 322 363 104 2.209806 
467 123 363 104 1.000000 363 104 325 418 2.991743 325 418 467 123 3.096795 
467 123 363 104 1.000000 363 104 324 436 3.161924 324 436 467 123 3.254964 
149 125 197 135 1.000000 197 135 363 104 3.444171 363 104 149 125 4.385586 
149 125 256 142 1.000000 256 142 363 104 1.048045 363 104 149 125 1.984713 
84 159 149 125 1.000000 149 125 363 104 2.931321 363 104 84 159 3.876604 
366 163 363 104 1.000000 363 104 149 125 3.639838 149 125 366 163 3.729116 
363 104 281 185 1.000000 281 185 149 125 1.257989 149 125 363 104 1.865581 
515 193 363 104 1.000000 363 104 149 125 1.220784 149 125 515 193 2.113462 
149 125 363 104 1.000000 363 104 585 211 1.146087 585 211 149 125 2.066712 
149 125 363 104 1.000000 363 104 581 223 1.155035 581 223 149 125 2.060087 
363 104 284 251 1.000000 284 251 149 125 1.106550 149 125 363 104 1.288493 
350 294 363 104 1.000000 363 104 149 125 1.129086 149 125 350 294 1.378914 
149 125 363 104 1.000000 363 104 455 305 1.028026 455 305 149 125 1.651021 
149 125 363 104 1.000000 363 104 447 322 1.086481 447 322 149 125 1.661317 
149 125 363 104 1.000000 363 104 325 418 1.470930 325 418 149 125 1.589546 
149 125 363 104 1.000000 363 104 324 436 1.554602 324 436 149 125 1.659579 
197 135 256 142 1.000000 256 142 363 104 1.911127 363 104 197 135 2.842265 
84 159 197 135 1.000000 197 135 363 104 1.461816 363 104 84 159 2.461635 
366 163 363 104 1.000000 363 104 197 135 2.858507 197 135 366 163 2.899709 
197 135 281 185 1.000000 281 185 363 104 1.179078 363 104 197 135 1.727483 
197 135 363 104 1.000000 363 104 515 193 1.043047 515 193 197 135 1.914173 
197 135 363 104 1.000000 363 104 585 211 1.459353 585 211 197 135 2.341291 
197 135 363 104 1.000000 363 104 581 223 1.470747 581 223 197 135 2.332888 
197 135 284 251 1.000000 284 251 363 104 1.150919 363 104 197 135 1.164619 
197 135 363 104 1.000000 363 104 350 294 1.127758 350 294 197 135 1.306676 
197 135 363 104 1.000000 363 104 455 305 1.309022 455 305 197 135 1.829649 
197 135 363 104 1.000000 363 104 447 322 1.383454 447 322 197 135 1.848763 
363 104 197 135 1.000000 197 135 325 418 1.839293 325 418 363 104 1.872988 
363 104 197 135 1.000000 197 135 324 436 1.934601 324 436 363 104 1.979530 
363 104 256 142 1.000000 256 142 84 159 1.522167 84 159 363 104 2.504413 
363 104 366 163 1.000000 366 163 256 142 1.895629 256 142 363 104 1.922048 
281 185 256 142 1.000000 256 142 363 104 2.282849 363 104 281 185 2.317293 
256 142 363 104 1.000000 363 104 515 193 1.551240 515 193 256 142 2.324788 
256 142 363 104 1.000000 363 104 585 211 2.170378 585 211 256 142 2.960507 
256 142 363 104 1.000000 363 104 581 223 2.187322 581 223 256 142 2.949798 
284 251 256 142 1.000000 256 142 363 104 1.008961 363 104 284 251 1.482894 
363 104 256 142 1.000000 256 142 350 294 1.573948 350 294 363 104 1.677223 
256 142 363 104 1.000000 363 104 455 305 1.946803 455 305 256 142 2.265445 
256 142 363 104 1.000000 363 104 447 322 2.057500 447 322 256 142 2.311387 
363 104 256 142 1.000000 256 142 325 418 2.505512 325 418 363 104 2.785543 
363 104 256 142 1.000000 256 142 324 436 2.657583 324 436 363 104 2.943995 
363 104 366 163 1.000000 366 163 84 159 4.773974 84 159 363 104 4.813603 
363 104 281 185 1.000000 281 185 84 159 1.723992 84 159 363 104 2.467188 
515 193 363 104 1.000000 363 104 84 159 1.614459 84 159 515 193 2.454531 
585 211 363 104 1.000000 363 104 84 159 1.153906 84 159 585 211 2.043865 
581 223 363 104 1.000000 363 104 84 159 1.144968 84 159 581 223 2.017613 
363 104 284 251 1.000000 284 251 84 159 1.319159 84 159 363 104 1.704003 
350 294 363 104 1.000000 363 104 84 159 1.493190 84 159 350 294 1.566321 
455 305 363 104 1.000000 363 104 84 159 1.286424 84 159 455 305 1.803603 
447 322 363 104 1.000000 363 104 84 159 1.217212 84 159 447 322 1.703240 
84 159 363 104 1.000000 363 104 325 418 1.112254 325 418 84 159 1.244094 
84 159 363 104 1.000000 363 104 324 436 1.175523 324 436 84 159 1.288849 
363 104 366 163 1.000000 366 163 281 185 1.486231 281 185 363 104 1.951049 
363 104 366 163 1.000000 366 163 515 193 2.572780 515 193 363 104 2.981557 
363 104 366 163 1.000000 366 163 585 211 3.795073 585 211 363 104 4.171571 
363 104 366 163 1.000000 366 163 581 223 3.778426 581 223 363 104 4.204139 
363 104 366 163 1.000000 366 163 284 251 2.036065 284 251 363 104 2.824879 
363 104 366 163 1.000000 366 163 350 294 2.233953 350 294 363 104 3.223703 
363 104 366 163 1.000000 366 163 455 305 2.836772 455 305 363 104 3.741849 
363 104 366 163 1.000000 366 163 447 322 3.020560 447 322 363 104 3.954614 
363 104 366 163 1.000000 366 163 325 418 4.371895 325 418 363 104 5.353948 
363 104 366 163 1.000000 366 163 324 436 4.675517 324 436 363 104 5.658500 
281 185 363 104 1.000000 363 104 515 193 1.528182 515 193 281 185 2.031369 
281 185 363 104 1.000000 363 104 585 211 2.138118 585 211 281 185 2.647131 
281 185 363 104 1.000000 363 104 581 223 2.154810 581 223 281 185 2.623595 
284 251 281 185 1.000000 281 185 363 104 1.744571 363 104 284 251 2.525925 
363 104 281 185 1.000000 281 185 350 294 1.119237 350 294 363 104 1.652293 
363 104 281 185 1.000000 281 185 455 305 1.833819 455 305 363 104 1.917866 
363 104 281 185 1.000000 281 185 447 322 1.867355 447 322 363 104 2.026917 
363 104 281 185 1.000000 281 185 325 418 2.057235 325 418 363 104 2.744139 
363 104 281 185 1.000000 281 185 324 436 2.209399 324 436 363 104 2.900236 
585 211 515 193 1.000000 515 193 363 104 2.436993 363 104 585 211 3.409658 
581 223 515 193 1.000000 515 193 363 104 2.429563 363 104 581 223 3.425801 
284 251 363 104 1.000000 363 104 515 193 1.055464 515 193 284 251 1.427167 
515 193 363 104 1.000000 363 104 350 294 1.081215 350 294 515 193 1.098325 
455 305 515 193 1.000000 515 193 363 104 1.386278 363 104 455 305 1.739776 
447 322 515 193 1.000000 515 193 363 104 1.207878 363 104 447 322 1.602080 
363 104 515 193 1.000000 515 193 325 418 1.671923 325 418 363 104 1.795688 
363 104 515 193 1.000000 515 193 324 436 1.754745 324 436 363 104 1.897834 
581 223 585 211 1.000000 585 211 363 104 19.482845 363 104 581 223 19.634950 
284 251 363 104 1.000000 363 104 585 211 1.476725 585 211 284 251 1.819513 
350 294 363 104 1.000000 363 104 585 211 1.294031 585 211 350 294 1.308660 
585 211 455 305 1.000000 455 305 363 104 1.377934 363 104 585 211 1.536179 
585 211 447 322 1.000000 447 322 363 104 1.319150 363 104 585 211 1.391521 
585 211 363 104 1.000000 363 104 325 418 1.283437 325 418 585 211 1.348555 
585 211 363 104 1.000000 363 104 324 436 1.356443 324 436 585 211 1.398290 
284 251 363 104 1.000000 363 104 581 223 1.488254 581 223 284 251 1.787579 
363 104 350 294 1.000000 350 294 581 223 1.268955 581 223 363 104 1.304133 
581 223 455 305 1.000000 455 305 363 104 1.470431 363 104 581 223 1.652097 
581 223 447 322 1.000000 447 322 363 104 1.402266 363 104 581 223 1.490746 
581 223 363 104 1.000000 363 104 325 418 1.273494 325 418 581 223 1.295712 
363 104 581 223 1.000000 581 223 324 436 1.343965 324 436 363 104 1.345936 
350 294 284 251 1.000000 284 251 363 104 2.118565 363 104 350 294 2.417669 
363 104 284 251 1.000000 284 251 455 305 1.074546 455 305 363 104 1.324605 
363 104 284 251 1.000000 284 251 447 322 1.065368 447 322 363 104 1.399923 
363 104 284 251 1.000000 284 251 325 418 1.030417 325 418 363 104 1.895284 
363 104 284 251 1.000000 284 251 324 436 1.134176 324 436 363 104 2.003095 
455 305 350 294 1.000000 350 294 363 104 1.803883 363 104 455 305 2.093820 
447 322 350 294 1.000000 350 294 363 104 1.886326 363 104 447 322 2.314013 
325 418 350 294 1.000000 350 294 363 104 1.505547 363 104 325 418 2.500422 
324 436 350 294 1.000000 350 294 363 104 1.319225 363 104 324 436 2.315609 
447 322 455 305 1.000000 455 305 363 104 11.765533 363 104 447 322 12.434531 
325 418 455 305 1.000000 455 305 363 104 1.283357 363 104 325 418 1.836265 
324 436 455 305 1.000000 455 305 363 104 1.193198 363 104 324 436 1.804379 
325 418 447 322 1.000000 447 322 363 104 1.504902 363 104 325 418 2.037409 
324 436 447 322 1.000000 447 322 363 104 1.393062 363 104 324 436 1.993278 
324 436 325 418 1.000000 325 418 363 104 17.544668 363 104 324 436 18.542674 
149 125 197 135 1.000000 197 135 467 123 5.512201 467 123 149 125 6.485874 
149 125 256 142 1.000000 256 142 467 123 1.955415 467 123 149 125 2.935206 
84 159 149 125 1.000000 149 125 467 123 4.335151 467 123 84 159 5.244177 
467 123 366 163 1.000000 366 163 149 125 2.027959 149 125 467 123 2.927361 
149 125 281 185 1.000000 281 185 467 123 1.352178 467 123 149 125 2.193199 
515 193 467 123 1.000000 467 123 149 125 3.746699 149 125 515 193 4.385947 
585 211 467 123 1.000000 467 123 149 125 2.160361 149 125 585 211 3.019015 
581 223 467 123 1.000000 467 123 149 125 2.097054 149 125 581 223 2.921153 
149 125 284 251 1.000000 284 251 467 123 1.209342 467 123 149 125 1.722075 
467 123 350 294 1.000000 350 294 149 125 1.267431 149 125 467 123 1.534812 
455 305 467 123 1.000000 467 123 149 125 1.743502 149 125 455 305 1.946408 
447 322 467 123 1.000000 467 123 149 125 1.590012 149 125 447 322 1.786126 
149 125 467 123 1.000000 467 123 325 418 1.029531 325 418 149 125 1.074811 
149 125 467 123 1.000000 467 123 324 436 1.082114 324 436 149 125 1.122166 
197 135 256 142 1.000000 256 142 467 123 3.565732 467 123 197 135 4.548885 
84 159 197 135 1.000000 197 135 467 123 2.339554 467 123 84 159 3.330041 
467 123 366 163 1.000000 366 163 197 135 1.576913 197 135 467 123 2.487900 
197 135 281 185 1.000000 281 185 467 123 2.005643 467 123 197 135 2.764739 
515 193 467 123 1.000000 467 123 197 135 3.184237 197 135 515 193 3.808433 
585 211 467 123 1.000000 467 123 197 135 1.836043 197 135 585 211 2.685950 
581 223 467 123 1.000000 467 123 197 135 1.782240 197 135 581 223 2.597884 
197 135 284 251 1.000000 284 251 467 123 1.540156 467 123 197 135 1.863907 
467 123 350 294 1.000000 350 294 197 135 1.064975 197 135 467 123 1.304403 
455 305 467 123 1.000000 467 123 197 135 1.481764 197 135 455 305 1.693973 
447 322 467 123 1.000000 467 123 197 135 1.351316 197 135 447 322 1.560982 
467 123 197 135 1.000000 197 135 325 418 1.149240 325 418 467 123 1.211387 
467 123 197 135 1.000000 197 135 324 436 1.208790 324 436 467 123 1.273259 
84 159 256 142 1.000000 256 142 467 123 1.225735 467 123 84 159 2.225714 
467 123 366 163 1.000000 366 163 256 142 1.030877 256 142 467 123 1.950189 
256 142 281 185 1.000000 281 185 467 123 3.941775 467 123 256 142 4.259281 
515 193 467 123 1.000000 467 123 256 142 2.496027 256 142 515 193 3.110094 
585 211 467 123 1.000000 467 123 256 142 1.439218 256 142 585 211 2.283672 
581 223 467 123 1.000000 467 123 256 142 1.397044 256 142 581 223 2.208733 
284 251 256 142 1.000000 256 142 467 123 1.882494 467 123 284 251 1.984404 
256 142 350 294 1.000000 350 294 467 123 1.159346 467 123 256 142 1.185410 
455 305 467 123 1.000000 467 123 256 142 1.161509 256 142 455 305 1.410319 
447 322 467 123 1.000000 467 123 256 142 1.059255 256 142 447 322 1.312243 
467 123 256 142 1.000000 256 142 325 418 1.342881 325 418 467 123 1.545393 
467 123 256 142 1.000000 256 142 324 436 1.424386 324 436 467 123 1.624324 
467 123 366 163 1.000000 366 163 84 159 2.596172 84 159 467 123 3.541192 
467 123 281 185 1.000000 281 185 84 159 1.013501 84 159 467 123 1.962082 
515 193 467 123 1.000000 467 123 84 159 4.532335 84 159 515 193 5.093749 
585 211 467 123 1.000000 467 123 84 159 2.613361 84 159 585 211 3.421804 
581 223 467 123 1.000000 467 123 84 159 2.536779 84 159 581 223 3.304468 
84 159 284 251 1.000000 284 251 467 123 1.014432 467 123 84 159 1.747428 
467 123 350 294 1.000000 350 294 84 159 1.439687 84 159 467 123 1.856643 
455 305 467 123 1.000000 467 123 84 159 2.109092 84 159 455 305 2.185881 
447 322 467 123 1.000000 467 123 84 159 1.923417 84 159 447 322 1.989561 
467 123 325 418 1.000000 325 418 84 159 1.080590 84 159 467 123 1.174989 
467 123 324 436 1.000000 324 436 84 159 1.065065 84 159 467 123 1.117892 
281 185 366 163 1.000000 366 163 467 123 1.237258 467 123 281 185 2.233020 
515 193 467 123 1.000000 467 123 366 163 1.279890 366 163 515 193 1.790724 
366 163 467 123 1.000000 467 123 585 211 1.355033 585 211 366 163 2.063828 
366 163 467 123 1.000000 467 123 581 223 1.395940 581 223 366 163 2.054775 
467 123 366 163 1.000000 366 163 284 251 1.107248 284 251 467 123 2.055764 
467 123 366 163 1.000000 366 163 350 294 1.214863 350 294 467 123 1.907309 
467 123 366 163 1.000000 366 163 455 305 1.542687 455 305 467 123 1.679013 
467 123 366 163 1.000000 366 163 447 322 1.642634 447 322 467 123 1.841094 
467 123 366 163 1.000000 366 163 325 418 2.377514 325 418 467 123 3.013809 
467 123 366 163 1.000000 366 163 324 436 2.542629 324 436 467 123 3.167739 
515 193 467 123 1.000000 467 123 281 185 2.309962 281 185 515 193 2.758561 
585 211 467 123 1.000000 467 123 281 185 1.331933 281 185 585 211 2.072749 
581 223 467 123 1.000000 467 123 281 185 1.292902 281 185 581 223 1.994121 
284 251 281 185 1.000000 281 185 467 123 2.967560 467 123 284 251 3.380186 
350 294 281 185 1.000000 281 185 467 123 1.519809 467 123 350 294 1.606119 
455 305 467 123 1.000000 467 123 281 185 1.074925 281 185 455 305 1.158841 
281 185 467 123 1.000000 467 123 447 322 1.020102 447 322 281 185 1.097782 
467 123 281 185 1.000000 281 185 325 418 1.209409 325 418 467 123 1.669873 
467 123 281 185 1.000000 281 185 324 436 1.298863 324 436 467 123 1.755162 
585 211 515 193 1.000000 515 193 467 123 1.174317 467 123 585 211 2.036610 
581 223 515 193 1.000000 515 193 467 123 1.170737 467 123 581 223 2.091696 
515 193 467 123 1.000000 467 123 284 251 2.631152 284 251 515 193 2.806082 
467 123 515 193 1.000000 515 193 350 294 2.279291 350 294 467 123 2.441145 
467 123 515 193 1.000000 515 193 455 305 1.496989 455 305 467 123 2.148951 
467 123 515 193 1.000000 515 193 447 322 1.718090 447 322 467 123 2.356398 
467 123 515 193 1.000000 515 193 325 418 3.469647 325 418 467 123 3.857343 
467 123 515 193 1.000000 515 193 324 436 3.641523 324 436 467 123 4.054357 
581 223 585 211 1.000000 585 211 467 123 11.637225 467 123 581 223 11.988536 
585 211 467 123 1.000000 467 123 284 251 1.517132 284 251 585 211 2.062806 
585 211 467 123 1.000000 467 123 350 294 1.407573 350 294 585 211 1.693111 
467 123 585 211 1.000000 585 211 455 305 1.089836 455 305 467 123 1.239093 
467 123 585 211 1.000000 585 211 447 322 1.203132 447 322 467 123 1.358708 
585 211 467 123 1.000000 467 123 325 418 2.224158 325 418 585 211 2.257727 
585 211 467 123 1.000000 467 123 324 436 2.337757 324 436 585 211 2.340993 
581 223 467 123 1.000000 467 123 284 251 1.472674 284 251 581 223 1.967215 
581 223 467 123 1.000000 467 123 350 294 1.366326 350 294 581 223 1.593631 
455 305 581 223 1.000000 581 223 467 123 1.008723 467 123 455 305 1.213275 
467 123 581 223 1.000000 581 223 447 322 1.098652 447 322 467 123 1.318892 
467 123 581 223 1.000000 581 223 325 418 2.122130 325 418 467 123 2.158982 
467 123 581 223 1.000000 581 223 324 436 2.201160 324 436 467 123 2.269252 
284 251 350 294 1.000000 350 294 467 123 2.630326 467 123 284 251 2.835057 
284 251 455 305 1.000000 455 305 467 123 1.017128 467 123 284 251 1.245360 
284 251 447 322 1.000000 447 322 467 123 1.124924 467 123 284 251 1.256089 
325 418 284 251 1.000000 284 251 467 123 1.298695 467 123 325 418 1.903923 
324 436 284 251 1.000000 284 251 467 123 1.179885 467 123 324 436 1.818092 
350 294 455 305 1.000000 455 305 467 123 1.727642 467 123 350 294 1.962551 
350 294 447 322 1.000000 447 322 467 123 1.981000 467 123 350 294 2.052246 
325 418 350 294 1.000000 350 294 467 123 1.637974 467 123 325 418 2.588222 
324 436 350 294 1.000000 350 294 467 123 1.435263 467 123 324 436 2.383746 
447 322 455 305 1.000000 455 305 467 123 9.707916 467 123 447 322 10.645059 
325 418 455 305 1.000000 455 305 467 123 1.058917 467 123 325 418 1.900744 
467 123 455 305 1.000000 455 305 324 436 1.015718 324 436 467 123 1.886668 
325 418 447 322 1.000000 447 322 467 123 1.288329 467 123 325 418 2.108951 
324 436 447 322 1.000000 447 322 467 123 1.192584 467 123 324 436 2.051930 
324 436 325 418 1.000000 325 418 467 123 18.160735 467 123 324 436 19.088297 
149 125 197 135 1.000000 197 135 256 142 1.211770 256 142 149 125 2.209682 
197 135 149 125 1.000000 149 125 84 159 1.496113 84 159 197 135 2.356091 
149 125 197 135 1.000000 197 135 366 163 3.493814 366 163 149 125 4.493154 
149 125 197 135 1.000000 197 135 281 185 1.993751 281 185 149 125 2.957266 
149 125 197 135 1.000000 197 135 515 193 6.592740 515 193 149 125 7.592469 
149 125 197 135 1.000000 197 135 585 211 8.063805 585 211 149 125 9.063742 
149 125 197 135 1.000000 197 135 581 223 8.034866 581 223 149 125 9.034690 
149 125 197 135 1.000000 197 135 284 251 2.957337 284 251 149 125 3.766312 
149 125 197 135 1.000000 197 135 350 294 4.500416 350 294 149 125 5.355965 
149 125 197 135 1.000000 197 135 455 305 6.301625 455 305 149 125 7.240692 
149 125 197 135 1.000000 197 135 447 322 6.367457 447 322 149 125 7.285850 
149 125 197 135 1.000000 197 135 325 418 6.334840 325 418 149 125 6.971090 
149 125 197 135 1.000000 197 135 324 436 6.663095 324 436 149 125 7.278224 
84 159 149 125 1.000000 149 125 256 142 1.476949 256 142 84 159 2.356177 
149 125 256 142 1.000000 256 142 366 163 1.033639 366 163 149 125 2.033394 
281 185 256 142 1.000000 256 142 149 125 2.178197 149 125 281 185 2.915129 
149 125 256 142 1.000000 256 142 515 193 2.436482 515 193 149 125 3.436001 
149 125 256 142 1.000000 256 142 585 211 3.102744 585 211 149 125 4.101830 
149 125 256 142 1.000000 256 142 581 223 3.091522 581 223 149 125 4.088683 
149 125 256 142 1.000000 256 142 284 251 1.038737 284 251 149 125 1.704459 
149 125 256 142 1.000000 256 142 350 294 1.649569 350 294 149 125 2.423862 
149 125 256 142 1.000000 256 142 455 305 2.374289 455 305 149 125 3.276802 
149 125 256 142 1.000000 256 142 447 322 2.422438 447 322 149 125 3.297239 
149 125 256 142 1.000000 256 142 325 418 2.625890 325 418 149 125 3.154793 
149 125 256 142 1.000000 256 142 324 436 2.785267 324 436 149 125 3.293788 
84 159 149 125 1.000000 149 125 366 163 3.003219 366 163 84 159 3.844690 
84 159 149 125 1.000000 149 125 281 185 1.976634 281 185 84 159 2.708848 
84 159 149 125 1.000000 149 125 515 193 5.074798 515 193 84 159 5.893766 
84 159 149 125 1.000000 149 125 585 211 6.058195 585 211 84 159 6.866462 
84 159 149 125 1.000000 149 125 581 223 6.038777 581 223 84 159 6.831187 
84 159 149 125 1.000000 149 125 284 251 2.517399 284 251 84 159 3.001084 
84 159 149 125 1.000000 149 125 350 294 3.579921 350 294 84 159 4.066466 
84 159 149 125 1.000000 149 125 455 305 4.839671 455 305 84 159 5.435110 
84 159 149 125 1.000000 149 125 447 322 4.869854 447 322 84 159 5.424517 
84 159 149 125 1.000000 149 125 325 418 4.659469 325 418 84 159 4.822861 
84 159 149 125 1.000000 149 125 324 436 4.864757 324 436 84 159 4.996356 
366 163 281 185 1.000000 281 185 149 125 1.651424 149 125 366 163 2.509109 
515 193 366 163 1.000000 366 163 149 125 1.449450 149 125 515 193 2.449260 
149 125 366 163 1.000000 366 163 585 211 1.017687 585 211 149 125 2.017234 
149 125 366 163 1.000000 366 163 581 223 1.013223 581 223 149 125 2.010768 
366 163 284 251 1.000000 284 251 149 125 1.535251 149 125 366 163 1.831531 
350 294 366 163 1.000000 366 163 149 125 1.669290 149 125 350 294 1.989840 
455 305 366 163 1.000000 366 163 149 125 1.314563 149 125 455 305 2.118410 
447 322 366 163 1.000000 366 163 149 125 1.234578 149 125 447 322 2.001923 
149 125 366 163 1.000000 366 163 325 418 1.172368 325 418 149 125 1.551491 
149 125 366 163 1.000000 366 163 324 436 1.253787 324 436 149 125 1.619847 
149 125 281 185 1.000000 281 185 515 193 1.614774 515 193 149 125 2.567394 
149 125 281 185 1.000000 281 185 585 211 2.104256 585 211 149 125 3.064905 
149 125 281 185 1.000000 281 185 581 223 2.085547 581 223 149 125 3.055082 
284 251 281 185 1.000000 281 185 149 125 2.194651 149 125 284 251 2.795062 
350 294 281 185 1.000000 281 185 149 125 1.123971 149 125 350 294 2.035646 
149 125 281 185 1.000000 281 185 455 305 1.457738 455 305 149 125 2.448441 
149 125 281 185 1.000000 281 185 447 322 1.484397 447 322 149 125 2.463711 
149 125 281 185 1.000000 281 185 325 418 1.635336 325 418 149 125 2.357275 
149 125 281 185 1.000000 281 185 324 436 1.756294 324 436 149 125 2.461132 
585 211 515 193 1.000000 515 193 149 125 5.150492 149 125 585 211 6.148557 
581 223 515 193 1.000000 515 193 149 125 5.134789 149 125 581 223 6.110163 
149 125 284 251 1.000000 284 251 515 193 1.289745 515 193 149 125 2.015889 
515 193 350 294 1.000000 350 294 149 125 1.357432 149 125 515 193 1.924259 
515 193 455 305 1.000000 455 305 149 125 2.794099 149 125 515 193 2.929845 
515 193 447 322 1.000000 447 322 149 125 2.449711 149 125 515 193 2.552805 
515 193 325 418 1.000000 325 418 149 125 1.160635 149 125 515 193 1.264090 
515 193 324 436 1.000000 324 436 149 125 1.154577 149 125 515 193 1.204427 
585 211 581 223 1.000000 581 223 149 125 35.020351 149 125 585 211 35.132962 
149 125 284 251 1.000000 284 251 585 211 1.644312 585 211 149 125 2.406530 
585 211 350 294 1.000000 350 294 149 125 1.053683 149 125 585 211 1.783118 
585 211 455 305 1.000000 455 305 149 125 2.212976 149 125 585 211 2.770156 
585 211 447 322 1.000000 447 322 149 125 2.017088 149 125 585 211 2.509297 
585 211 325 418 1.000000 325 418 149 125 1.028459 149 125 585 211 1.337192 
585 211 324 436 1.000000 324 436 149 125 1.035579 149 125 585 211 1.289630 
149 125 284 251 1.000000 284 251 581 223 1.615453 581 223 149 125 2.398816 
581 223 350 294 1.000000 350 294 149 125 1.086653 149 125 581 223 1.833018 
581 223 455 305 1.000000 455 305 149 125 2.361528 149 125 581 223 2.946634 
581 223 447 322 1.000000 447 322 149 125 2.144180 149 125 581 223 2.658852 
581 223 325 418 1.000000 325 418 149 125 1.062111 149 125 581 223 1.376520 
581 223 324 436 1.000000 324 436 149 125 1.069092 149 125 581 223 1.327097 
350 294 284 251 1.000000 284 251 149 125 2.344297 149 125 350 294 3.333758 
455 305 284 251 1.000000 284 251 149 125 1.029783 149 125 455 305 1.979746 
447 322 284 251 1.000000 284 251 149 125 1.038655 149 125 447 322 2.009256 
325 418 284 251 1.000000 284 251 149 125 1.073885 149 125 325 418 1.987661 
149 125 284 251 1.000000 284 251 324 436 1.024966 324 436 149 125 1.932454 
455 305 350 294 1.000000 350 294 149 125 2.487399 149 125 455 305 3.362697 
447 322 350 294 1.000000 350 294 149 125 2.601081 149 125 447 322 3.538315 
325 418 350 294 1.000000 350 294 149 125 2.076019 149 125 325 418 2.702056 
324 436 350 294 1.000000 350 294 149 125 1.819098 149 125 324 436 2.471973 
447 322 455 305 1.000000 455 305 149 125 18.895568 149 125 447 322 19.013414 
455 305 325 418 1.000000 325 418 149 125 1.984342 149 125 455 305 2.061085 
324 436 455 305 1.000000 455 305 149 125 1.916289 149 125 324 436 1.926222 
447 322 325 418 1.000000 325 418 149 125 2.201706 149 125 447 322 2.301118 
447 322 324 436 1.000000 324 436 149 125 2.127876 149 125 447 322 2.130106 
324 436 325 418 1.000000 325 418 149 125 18.959471 149 125 324 436 19.794793 
256 142 197 135 1.000000 197 135 84 159 1.944339 84 159 256 142 2.909056 
197 135 256 142 1.000000 256 142 366 163 1.884858 366 163 197 135 2.883233 
281 185 256 142 1.000000 256 142 197 135 1.194504 197 135 281 185 1.965342 
197 135 256 142 1.000000 256 142 515 193 4.442966 515 193 197 135 5.440588 
197 135 256 142 1.000000 256 142 585 211 5.657906 585 211 197 135 6.654569 
197 135 256 142 1.000000 256 142 581 223 5.637441 581 223 197 135 6.630687 
197 135 256 142 1.000000 256 142 284 251 1.894154 284 251 197 135 2.440510 
197 135 256 142 1.000000 256 142 350 294 3.008016 350 294 197 135 3.713920 
197 135 256 142 1.000000 256 142 455 305 4.329555 455 305 197 135 5.200349 
197 135 256 142 1.000000 256 142 447 322 4.417356 447 322 197 135 5.254676 
197 135 256 142 1.000000 256 142 325 418 4.788353 325 418 197 135 5.227759 
197 135 256 142 1.000000 256 142 324 436 5.078980 324 436 197 135 5.498648 
84 159 197 135 1.000000 197 135 366 163 1.482886 366 163 84 159 2.441369 
281 185 197 135 1.000000 197 135 84 159 1.181738 84 159 281 185 2.032722 
84 159 197 135 1.000000 197 135 515 193 2.798169 515 193 84 159 3.742528 
84 159 197 135 1.000000 197 135 585 211 3.422536 585 211 84 159 4.360188 
84 159 197 135 1.000000 197 135 581 223 3.410253 581 223 84 159 4.337789 
84 159 197 135 1.000000 197 135 284 251 1.255188 284 251 84 159 1.905682 
84 159 197 135 1.000000 197 135 350 294 1.910120 350 294 84 159 2.582197 
84 159 197 135 1.000000 197 135 455 305 2.674610 455 305 84 159 3.451283 
84 159 197 135 1.000000 197 135 447 322 2.702551 447 322 84 159 3.444556 
84 159 197 135 1.000000 197 135 325 418 2.688708 325 418 84 159 3.062506 
84 159 197 135 1.000000 197 135 324 436 2.828030 324 436 84 159 3.172675 
366 163 281 185 1.000000 281 185 197 135 1.113369 197 135 366 163 1.951048 
515 193 366 163 1.000000 366 163 197 135 1.127072 197 135 515 193 2.126757 
197 135 366 163 1.000000 366 163 585 211 1.308777 585 211 197 135 2.308023 
197 135 366 163 1.000000 366 163 581 223 1.303037 581 223 197 135 2.299740 
366 163 284 251 1.000000 284 251 197 135 1.205490 197 135 366 163 1.424173 
350 294 366 163 1.000000 366 163 197 135 1.298017 197 135 350 294 1.671988 
455 305 366 163 1.000000 366 163 197 135 1.022186 197 135 455 305 1.843667 
197 135 366 163 1.000000 366 163 447 322 1.041677 447 322 197 135 1.822494 
197 135 366 163 1.000000 366 163 325 418 1.507702 325 418 197 135 1.813159 
197 135 366 163 1.000000 366 163 324 436 1.612409 324 436 197 135 1.907112 
197 135 281 185 1.000000 281 185 515 193 2.395143 515 193 197 135 3.306703 
197 135 281 185 1.000000 281 185 585 211 3.121175 585 211 197 135 4.044541 
197 135 281 185 1.000000 281 185 581 223 3.093425 581 223 197 135 4.030025 
284 251 281 185 1.000000 281 185 197 135 1.479606 197 135 284 251 2.194704 
197 135 281 185 1.000000 281 185 350 294 1.319668 350 294 197 135 2.257261 
197 135 281 185 1.000000 281 185 455 305 2.162216 455 305 197 135 3.160689 
197 135 281 185 1.000000 281 185 447 322 2.201758 447 322 197 135 3.193708 
197 135 281 185 1.000000 281 185 325 418 2.425642 325 418 197 135 3.177348 
197 135 281 185 1.000000 281 185 324 436 2.605055 324 436 197 135 3.341990 
585 211 515 193 1.000000 515 193 197 135 4.472307 197 135 585 211 5.470231 
581 223 515 193 1.000000 515 193 197 135 4.458672 197 135 581 223 5.433982 
197 135 284 251 1.000000 284 251 515 193 1.642552 515 193 197 135 2.229283 
515 193 350 294 1.000000 350 294 197 135 1.140600 197 135 515 193 1.670885 
515 193 455 305 1.000000 455 305 197 135 2.431724 197 135 515 193 2.544062 
515 193 447 322 1.000000 447 322 197 135 2.140921 197 135 515 193 2.216667 
515 193 325 418 1.000000 325 418 197 135 1.054704 197 135 515 193 1.097643 
324 436 515 193 1.000000 515 193 197 135 1.045835 197 135 324 436 1.056996 
585 211 581 223 1.000000 581 223 197 135 31.144823 197 135 585 211 31.256999 
197 135 284 251 1.000000 284 251 585 211 2.094112 585 211 197 135 2.726712 
197 135 350 294 1.000000 350 294 585 211 1.129470 585 211 197 135 1.791791 
585 211 455 305 1.000000 455 305 197 135 1.925969 197 135 585 211 2.464545 
585 211 447 322 1.000000 447 322 197 135 1.762831 197 135 585 211 2.232465 
197 135 325 418 1.000000 325 418 585 211 1.069986 585 211 197 135 1.272930 
197 135 324 436 1.000000 324 436 585 211 1.054791 585 211 197 135 1.210219 
197 135 284 251 1.000000 284 251 581 223 2.057358 581 223 197 135 2.716926 
197 135 350 294 1.000000 350 294 581 223 1.095201 581 223 197 135 1.785361 
581 223 455 305 1.000000 455 305 197 135 2.055254 197 135 581 223 2.620545 
581 223 447 322 1.000000 447 322 197 135 1.873903 197 135 581 223 2.364610 
197 135 325 418 1.000000 325 418 581 223 1.036085 581 223 197 135 1.268361 
197 135 324 436 1.000000 324 436 581 223 1.021726 581 223 197 135 1.205876 
350 294 284 251 1.000000 284 251 197 135 1.840760 197 135 350 294 2.801231 
197 135 284 251 1.000000 284 251 455 305 1.236715 455 305 197 135 2.130845 
197 135 284 251 1.000000 284 251 447 322 1.226152 447 322 197 135 2.153105 
197 135 284 251 1.000000 284 251 325 418 1.185926 325 418 197 135 2.142076 
197 135 284 251 1.000000 284 251 324 436 1.305344 324 436 197 135 2.253073 
455 305 350 294 1.000000 350 294 197 135 2.090068 197 135 455 305 2.926579 
447 322 350 294 1.000000 350 294 197 135 2.185591 197 135 447 322 3.092304 
325 418 350 294 1.000000 350 294 197 135 1.744401 197 135 325 418 2.455440 
324 436 350 294 1.000000 350 294 197 135 1.528520 197 135 324 436 2.263051 
447 322 455 305 1.000000 455 305 197 135 16.444946 197 135 447 322 16.616743 
325 418 455 305 1.000000 455 305 197 135 1.793777 197 135 325 418 1.803231 
324 436 455 305 1.000000 455 305 197 135 1.667760 197 135 324 436 1.763425 
447 322 325 418 1.000000 325 418 197 135 2.000757 197 135 447 322 2.011059 
324 436 447 322 1.000000 447 322 197 135 1.861603 197 135 324 436 1.948036 
324 436 325 418 1.000000 325 418 197 135 17.229045 197 135 324 436 18.121810 
366 163 256 142 1.000000 256 142 84 159 1.543382 84 159 366 163 2.518412 
281 185 256 142 1.000000 256 142 84 159 3.474878 84 159 281 185 3.994995 
84 159 256 142 1.000000 256 142 515 193 1.527288 515 193 84 159 2.501411 
84 159 256 142 1.000000 256 142 585 211 1.944929 585 211 84 159 2.914239 
84 159 256 142 1.000000 256 142 581 223 1.937894 581 223 84 159 2.899267 
284 251 256 142 1.000000 256 142 84 159 1.535808 84 159 284 251 1.956172 
84 159 256 142 1.000000 256 142 350 294 1.034018 350 294 84 159 1.725875 
84 159 256 142 1.000000 256 142 455 305 1.488302 455 305 84 159 2.306749 
84 159 256 142 1.000000 256 142 447 322 1.518484 447 322 84 159 2.302254 
84 159 256 142 1.000000 256 142 325 418 1.646016 325 418 84 159 2.046901 
84 159 256 142 1.000000 256 142 324 436 1.745920 324 436 84 159 2.120535 
256 142 281 185 1.000000 281 185 366 163 1.765221 366 163 256 142 2.251470 
256 142 366 163 1.000000 366 163 515 193 1.357217 515 193 256 142 2.357188 
256 142 366 163 1.000000 366 163 585 211 2.002012 585 211 256 142 3.001767 
256 142 366 163 1.000000 366 163 581 223 1.993231 581 223 256 142 2.990909 
366 163 256 142 1.000000 256 142 284 251 1.004932 284 251 366 163 1.074084 
256 142 366 163 1.000000 366 163 350 294 1.178476 350 294 256 142 1.595884 
256 142 366 163 1.000000 366 163 455 305 1.496481 455 305 256 142 2.297018 
256 142 366 163 1.000000 366 163 447 322 1.593434 447 322 256 142 2.343601 
256 142 366 163 1.000000 366 163 325 418 2.306303 325 418 256 142 2.540431 
256 142 366 163 1.000000 366 163 324 436 2.466472 324 436 256 142 2.694621 
256 142 281 185 1.000000 281 185 515 193 4.707276 515 193 256 142 5.307139 
256 142 281 185 1.000000 281 185 585 211 6.134177 585 211 256 142 6.758389 
256 142 281 185 1.000000 281 185 581 223 6.079639 581 223 256 142 6.733944 
256 142 281 185 1.000000 281 185 284 251 1.328288 284 251 256 142 2.262574 
256 142 281 185 1.000000 281 185 350 294 2.593599 350 294 256 142 3.593086 
256 142 281 185 1.000000 281 185 455 305 4.249495 455 305 256 142 5.171669 
256 142 281 185 1.000000 281 185 447 322 4.327209 447 322 256 142 5.276548 
256 142 281 185 1.000000 281 185 325 418 4.767217 325 418 256 142 5.719706 
256 142 281 185 1.000000 281 185 324 436 5.119825 324 436 256 142 6.066860 
585 211 515 193 1.000000 515 193 256 142 3.652235 256 142 585 211 4.650948 
581 223 515 193 1.000000 515 193 256 142 3.641100 256 142 581 223 4.619997 
256 142 284 251 1.000000 284 251 515 193 2.116336 515 193 256 142 2.345620 
256 142 350 294 1.000000 350 294 515 193 1.082478 515 193 256 142 1.477042 
515 193 455 305 1.000000 455 305 256 142 2.024534 256 142 515 193 2.077566 
515 193 447 322 1.000000 447 322 256 142 1.799770 256 142 515 193 1.810204 
515 193 256 142 1.000000 256 142 325 418 1.077738 325 418 515 193 1.115609 
515 193 256 142 1.000000 256 142 324 436 1.143151 324 436 515 193 1.170872 
585 211 581 223 1.000000 581 223 256 142 26.479473 256 142 585 211 26.575600 
256 142 284 251 1.000000 284 251 585 211 2.698145 585 211 256 142 2.987036 
256 142 350 294 1.000000 350 294 585 211 1.394528 585 211 256 142 1.880943 
585 211 455 305 1.000000 455 305 256 142 1.603467 256 142 585 211 2.095427 
585 211 447 322 1.000000 447 322 256 142 1.481928 256 142 585 211 1.898106 
256 142 325 418 1.000000 325 418 585 211 1.168173 585 211 256 142 1.181597 
324 436 256 142 1.000000 256 142 585 211 1.113985 585 211 324 436 1.141946 
256 142 284 251 1.000000 284 251 581 223 2.650790 581 223 256 142 2.976232 
256 142 350 294 1.000000 350 294 581 223 1.352217 581 223 256 142 1.874139 
581 223 455 305 1.000000 455 305 256 142 1.711104 256 142 581 223 2.228000 
581 223 447 322 1.000000 447 322 256 142 1.575301 256 142 581 223 2.010403 
256 142 325 418 1.000000 325 418 581 223 1.131161 581 223 256 142 1.177323 
256 142 324 436 1.000000 324 436 581 223 1.106150 581 223 256 142 1.109955 
350 294 284 251 1.000000 284 251 256 142 1.428669 256 142 350 294 2.268802 
256 142 284 251 1.000000 284 251 455 305 1.593438 455 305 256 142 2.285746 
256 142 284 251 1.000000 284 251 447 322 1.579827 447 322 256 142 2.332100 
256 142 284 251 1.000000 284 251 325 418 1.527999 325 418 256 142 2.527964 
256 142 284 251 1.000000 284 251 324 436 1.681863 324 436 256 142 2.681398 
455 305 350 294 1.000000 350 294 256 142 1.692809 256 142 455 305 2.436526 
447 322 350 294 1.000000 350 294 256 142 1.770176 256 142 447 322 2.599553 
325 418 350 294 1.000000 350 294 256 142 1.412843 256 142 325 418 2.249055 
324 436 350 294 1.000000 350 294 256 142 1.237994 256 142 324 436 2.090331 
447 322 455 305 1.000000 455 305 256 142 13.691254 256 142 447 322 13.968905 
325 418 455 305 1.000000 455 305 256 142 1.493410 256 142 325 418 1.651665 
324 436 455 305 1.000000 455 305 256 142 1.388495 256 142 324 436 1.628837 
325 418 447 322 1.000000 447 322 256 142 1.690601 256 142 325 418 1.832589 
324 436 447 322 1.000000 447 322 256 142 1.564961 256 142 324 436 1.799358 
324 436 325 418 1.000000 325 418 256 142 15.780904 256 142 324 436 16.738716 
366 163 281 185 1.000000 281 185 84 159 2.263169 84 159 366 163 3.212135 
515 193 366 163 1.000000 366 163 84 159 1.855570 84 159 515 193 2.844520 
585 211 366 163 1.000000 366 163 84 159 1.257940 84 159 585 211 2.246631 
581 223 366 163 1.000000 366 163 84 159 1.263482 84 159 581 223 2.244936 
366 163 284 251 1.000000 284 251 84 159 1.830229 84 159 366 163 2.344707 
350 294 366 163 1.000000 366 163 84 159 2.137008 84 159 350 294 2.260279 
455 305 366 163 1.000000 366 163 84 159 1.682889 84 159 455 305 2.379045 
447 322 366 163 1.000000 366 163 84 159 1.580493 84 159 447 322 2.229936 
325 418 366 163 1.000000 366 163 84 159 1.091969 84 159 325 418 1.369789 
324 436 366 163 1.000000 366 163 84 159 1.021058 84 159 324 436 1.326913 
84 159 281 185 1.000000 281 185 515 193 1.178293 515 193 84 159 2.175747 
84 159 281 185 1.000000 281 185 585 211 1.535466 585 211 84 159 2.534828 
84 159 281 185 1.000000 281 185 581 223 1.521814 581 223 84 159 2.521806 
284 251 281 185 1.000000 281 185 84 159 3.007627 84 159 284 251 3.332096 
350 294 281 185 1.000000 281 185 84 159 1.540328 84 159 350 294 2.312309 
84 159 281 185 1.000000 281 185 455 305 1.063705 455 305 84 159 2.006429 
84 159 281 185 1.000000 281 185 447 322 1.083158 447 322 84 159 2.002518 
84 159 281 185 1.000000 281 185 325 418 1.193297 325 418 84 159 1.780411 
84 159 281 185 1.000000 281 185 324 436 1.281560 324 436 84 159 1.844458 
585 211 515 193 1.000000 515 193 84 159 5.981675 84 159 585 211 6.968879 
581 223 515 193 1.000000 515 193 84 159 5.963438 84 159 581 223 6.911941 
84 159 284 251 1.000000 284 251 515 193 1.081876 515 193 84 159 1.963879 
515 193 350 294 1.000000 350 294 84 159 1.541920 84 159 515 193 2.234795 
515 193 455 305 1.000000 455 305 84 159 3.137865 84 159 515 193 3.402662 
515 193 447 322 1.000000 447 322 84 159 2.728726 84 159 515 193 2.964775 
515 193 325 418 1.000000 325 418 84 159 1.201335 84 159 515 193 1.468089 
515 193 324 436 1.000000 324 436 84 159 1.185810 84 159 515 193 1.398796 
585 211 581 223 1.000000 581 223 84 159 39.615732 84 159 585 211 39.820299 
84 159 284 251 1.000000 284 251 585 211 1.379298 585 211 84 159 2.287994 
585 211 350 294 1.000000 350 294 84 159 1.196889 84 159 585 211 2.021016 
585 211 455 305 1.000000 455 305 84 159 2.485246 84 159 585 211 3.139742 
585 211 447 322 1.000000 447 322 84 159 2.246829 84 159 585 211 2.844080 
585 211 325 418 1.000000 325 418 84 159 1.064524 84 159 585 211 1.515597 
585 211 324 436 1.000000 324 436 84 159 1.063593 84 159 585 211 1.461689 
84 159 284 251 1.000000 284 251 581 223 1.355090 581 223 84 159 2.276240 
581 223 350 294 1.000000 350 294 84 159 1.234340 84 159 581 223 2.073547 
581 223 455 305 1.000000 455 305 84 159 2.652074 84 159 581 223 3.333293 
581 223 447 322 1.000000 447 322 84 159 2.388396 84 159 581 223 3.007748 
581 223 325 418 1.000000 325 418 84 159 1.099355 84 159 581 223 1.557147 
581 223 324 436 1.000000 324 436 84 159 1.098012 84 159 581 223 1.501240 
350 294 284 251 1.000000 284 251 84 159 2.794723 84 159 350 294 3.786847 
455 305 284 251 1.000000 284 251 84 159 1.227642 84 159 455 305 2.223320 
447 322 284 251 1.000000 284 251 84 159 1.238219 84 159 447 322 2.238104 
325 418 284 251 1.000000 284 251 84 159 1.280218 84 159 325 418 2.057361 
324 436 284 251 1.000000 284 251 84 159 1.163099 84 159 324 436 1.936385 
455 305 350 294 1.000000 350 294 84 159 2.825460 84 159 455 305 3.776420 
447 322 350 294 1.000000 350 294 84 159 2.954593 84 159 447 322 3.941319 
325 418 350 294 1.000000 350 294 84 159 2.358170 84 159 325 418 2.796808 
324 436 350 294 1.000000 350 294 84 159 2.066330 84 159 324 436 2.538844 
455 305 447 322 1.000000 447 322 84 159 21.178989 84 159 455 305 21.220347 
455 305 325 418 1.000000 325 418 84 159 2.053926 84 159 455 305 2.314666 
455 305 324 436 1.000000 324 436 84 159 1.978329 84 159 455 305 2.152056 
447 322 325 418 1.000000 325 418 84 159 2.278913 84 159 447 322 2.563209 
447 322 324 436 1.000000 324 436 84 159 2.185439 84 159 447 322 2.372719 
324 436 325 418 1.000000 325 418 84 159 19.624318 84 159 324 436 20.330273 
281 185 366 163 1.000000 366 163 515 193 1.731077 515 193 281 185 2.666677 
281 185 366 163 1.000000 366 163 585 211 2.553488 585 211 281 185 3.475019 
281 185 366 163 1.000000 366 163 581 223 2.542287 581 223 281 185 3.444122 
284 251 281 185 1.000000 281 185 366 163 1.328945 366 163 284 251 1.820590 
366 163 281 185 1.000000 281 185 350 294 1.469277 350 294 366 163 1.503099 
281 185 366 163 1.000000 366 163 455 305 1.908702 455 305 281 185 2.407344 
281 185 366 163 1.000000 366 163 447 322 2.032362 447 322 281 185 2.451369 
366 163 281 185 1.000000 281 185 325 418 2.700634 325 418 366 163 2.941599 
366 163 281 185 1.000000 281 185 324 436 2.900387 324 436 366 163 3.145888 
585 211 515 193 1.000000 515 193 366 163 2.102877 366 163 585 211 3.101925 
581 223 515 193 1.000000 515 193 366 163 2.096465 366 163 581 223 3.078903 
284 251 366 163 1.000000 366 163 515 193 1.263604 515 193 284 251 1.980081 
350 294 366 163 1.000000 366 163 515 193 1.151672 515 193 350 294 1.465885 
455 305 515 193 1.000000 515 193 366 163 1.196217 366 163 455 305 1.318960 
447 322 515 193 1.000000 515 193 366 163 1.042276 366 163 447 322 1.223679 
515 193 366 163 1.000000 366 163 325 418 1.699288 325 418 515 193 1.937567 
515 193 366 163 1.000000 366 163 324 436 1.817301 324 436 515 193 2.033548 
585 211 581 223 1.000000 581 223 366 163 17.646706 366 163 585 211 17.724453 
284 251 366 163 1.000000 366 163 585 211 1.863926 585 211 284 251 2.524431 
350 294 366 163 1.000000 366 163 585 211 1.698815 585 211 350 294 1.888461 
585 211 455 305 1.000000 455 305 366 163 1.044640 366 163 585 211 1.397534 
585 211 447 322 1.000000 447 322 366 163 1.007575 366 163 585 211 1.265931 
585 211 366 163 1.000000 366 163 325 418 1.151992 325 418 585 211 1.482341 
585 211 366 163 1.000000 366 163 324 436 1.231997 324 436 585 211 1.537010 
284 251 366 163 1.000000 366 163 581 223 1.855750 581 223 284 251 2.480126 
350 294 366 163 1.000000 366 163 581 223 1.691364 581 223 350 294 1.831164 
581 223 455 305 1.000000 455 305 366 163 1.114764 366 163 581 223 1.484805 
581 223 447 322 1.000000 447 322 366 163 1.071060 366 163 581 223 1.339792 
581 223 366 163 1.000000 366 163 325 418 1.157068 325 418 581 223 1.441699 
581 223 366 163 1.000000 366 163 324 436 1.237424 324 436 581 223 1.495388 
350 294 284 251 1.000000 284 251 366 163 1.526980 366 163 350 294 1.675389 
284 251 366 163 1.000000 366 163 455 305 1.393263 455 305 284 251 1.490849 
366 163 284 251 1.000000 284 251 447 322 1.478114 447 322 366 163 1.483529 
366 163 284 251 1.000000 284 251 325 418 1.429623 325 418 366 163 2.147228 
366 163 284 251 1.000000 284 251 324 436 1.573580 324 436 366 163 2.296350 
455 305 350 294 1.000000 350 294 366 163 1.250049 366 163 455 305 1.587368 
447 322 350 294 1.000000 350 294 366 163 1.307181 366 163 447 322 1.767458 
325 418 350 294 1.000000 350 294 366 163 1.043309 366 163 325 418 2.041780 
366 163 350 294 1.000000 350 294 324 436 1.093861 324 436 366 163 2.092935 
447 322 455 305 1.000000 455 305 366 163 8.919692 366 163 447 322 9.497577 
366 163 455 305 1.000000 455 305 325 418 1.027813 325 418 366 163 1.541151 
366 163 455 305 1.000000 455 305 324 436 1.105475 324 436 366 163 1.648182 
325 418 447 322 1.000000 447 322 366 163 1.149454 366 163 325 418 1.663696 
324 436 447 322 1.000000 447 322 366 163 1.064030 366 163 324 436 1.647009 
324 436 325 418 1.000000 325 418 366 163 14.326522 366 163 324 436 15.321478 
585 211 515 193 1.000000 515 193 281 185 3.239425 281 185 585 211 4.221381 
581 223 515 193 1.000000 515 193 281 185 3.229549 281 185 581 223 4.171094 
284 251 281 185 1.000000 281 185 515 193 3.543867 515 193 284 251 3.604916 
281 185 350 294 1.000000 350 294 515 193 1.499629 515 193 281 185 1.814959 
515 193 455 305 1.000000 455 305 281 185 1.663534 281 185 515 193 1.842739 
515 193 447 322 1.000000 447 322 281 185 1.475961 281 185 515 193 1.605598 
515 193 281 185 1.000000 281 185 325 418 1.012734 325 418 515 193 1.257774 
515 193 281 185 1.000000 281 185 324 436 1.087641 324 436 515 193 1.320080 
585 211 581 223 1.000000 581 223 281 185 23.906589 281 185 585 211 24.121049 
281 185 284 251 1.000000 284 251 585 211 4.595954 585 211 281 185 4.618108 
281 185 350 294 1.000000 350 294 585 211 1.931933 585 211 281 185 2.365121 
585 211 455 305 1.000000 455 305 281 185 1.317549 281 185 585 211 1.901891 
585 211 447 322 1.000000 447 322 281 185 1.215304 281 185 585 211 1.722795 
325 418 281 185 1.000000 281 185 585 211 1.286742 585 211 325 418 1.401574 
324 436 281 185 1.000000 281 185 585 211 1.198122 585 211 324 436 1.353177 
281 185 284 251 1.000000 284 251 581 223 4.515292 581 223 281 185 4.577048 
281 185 350 294 1.000000 350 294 581 223 1.873316 581 223 281 185 2.344093 
581 223 455 305 1.000000 455 305 281 185 1.405992 281 185 581 223 2.011516 
581 223 447 322 1.000000 447 322 281 185 1.291878 281 185 581 223 1.815061 
325 418 281 185 1.000000 281 185 581 223 1.275302 581 223 325 418 1.357167 
324 436 281 185 1.000000 281 185 581 223 1.187470 581 223 324 436 1.310759 
281 185 284 251 1.000000 284 251 350 294 1.192281 350 294 281 185 1.952588 
281 185 284 251 1.000000 284 251 455 305 2.714224 455 305 281 185 3.199227 
281 185 284 251 1.000000 284 251 447 322 2.691040 447 322 281 185 3.257734 
281 185 284 251 1.000000 284 251 325 418 2.602756 325 418 281 185 3.588993 
281 185 284 251 1.000000 284 251 324 436 2.864844 324 436 281 185 3.854454 
455 305 350 294 1.000000 350 294 281 185 1.221921 281 185 455 305 2.002062 
447 322 350 294 1.000000 350 294 281 185 1.277767 281 185 447 322 2.131850 
325 418 350 294 1.000000 350 294 281 185 1.019833 281 185 325 418 1.874525 
281 185 350 294 1.000000 350 294 324 436 1.119041 324 436 281 185 1.974023 
447 322 455 305 1.000000 455 305 281 185 11.249929 281 185 447 322 11.455666 
325 418 455 305 1.000000 455 305 281 185 1.227116 281 185 325 418 1.376617 
324 436 455 305 1.000000 455 305 281 185 1.140909 281 185 324 436 1.374576 
325 418 447 322 1.000000 447 322 281 185 1.386434 281 185 325 418 1.527412 
324 436 447 322 1.000000 447 322 281 185 1.283398 281 185 324 436 1.518479 
324 436 325 418 1.000000 325 418 281 185 13.152946 281 185 324 436 14.125808 
581 223 585 211 1.000000 585 211 515 193 5.714018 515 193 581 223 5.731492 
585 211 515 193 1.000000 515 193 284 251 3.295230 284 251 585 211 4.201131 
585 211 515 193 1.000000 515 193 350 294 2.676610 350 294 585 211 3.448206 
585 211 515 193 1.000000 515 193 455 305 1.757940 455 305 585 211 2.219570 
585 211 515 193 1.000000 515 193 447 322 2.017582 447 322 585 211 2.450310 
585 211 515 193 1.000000 515 193 325 418 4.074465 325 418 585 211 4.598110 
585 211 515 193 1.000000 515 193 324 436 4.276301 324 436 585 211 4.767689 
581 223 515 193 1.000000 515 193 284 251 3.285183 284 251 581 223 4.114814 
581 223 515 193 1.000000 515 193 350 294 2.668450 350 294 581 223 3.333390 
581 223 515 193 1.000000 515 193 455 305 1.752580 455 305 581 223 2.073607 
581 223 515 193 1.000000 515 193 447 322 2.011430 447 322 581 223 2.298045 
581 223 515 193 1.000000 515 193 325 418 4.062043 325 418 581 223 4.438850 
581 223 515 193 1.000000 515 193 324 436 4.263264 324 436 581 223 4.604156 
284 251 350 294 1.000000 350 294 515 193 2.455929 515 193 284 251 3.023544 
515 193 455 305 1.000000 455 305 284 251 1.411342 284 251 515 193 1.874484 
515 193 447 322 1.000000 447 322 284 251 1.219213 284 251 515 193 1.633257 
325 418 284 251 1.000000 284 251 515 193 1.385038 515 193 325 418 1.712563 
324 436 284 251 1.000000 284 251 515 193 1.258329 515 193 324 436 1.632965 
350 294 455 305 1.000000 455 305 515 193 1.203500 515 193 350 294 1.832429 
350 294 447 322 1.000000 447 322 515 193 1.444381 515 193 350 294 1.916177 
325 418 350 294 1.000000 350 294 515 193 1.529372 515 193 325 418 2.328084 
324 436 350 294 1.000000 350 294 515 193 1.340102 515 193 324 436 2.141022 
447 322 455 305 1.000000 455 305 515 193 6.762670 515 193 447 322 7.761494 
515 193 455 305 1.000000 455 305 325 418 1.355645 325 418 515 193 2.317750 
515 193 455 305 1.000000 455 305 324 436 1.458078 324 436 515 193 2.432564 
515 193 447 322 1.000000 447 322 325 418 1.064574 325 418 515 193 2.019480 
515 193 447 322 1.000000 447 322 324 436 1.150042 324 436 515 193 2.119518 
324 436 325 418 1.000000 325 418 515 193 16.335426 515 193 324 436 17.144634 
585 211 581 223 1.000000 581 223 284 251 23.584025 284 251 585 211 24.005338 
585 211 581 223 1.000000 581 223 350 294 19.105300 350 294 585 211 19.703109 
585 211 581 223 1.000000 581 223 455 305 11.884864 455 305 585 211 12.682665 
585 211 581 223 1.000000 581 223 447 322 13.171228 447 322 585 211 14.001116 
585 211 581 223 1.000000 581 223 325 418 25.441231 325 418 585 211 26.273680 
585 211 581 223 1.000000 581 223 324 436 26.388681 324 436 585 211 27.242660 
284 251 350 294 1.000000 350 294 585 211 3.163908 585 211 284 251 3.854756 
585 211 455 305 1.000000 455 305 284 251 1.117808 284 251 585 211 1.892768 
585 211 447 322 1.000000 447 322 284 251 1.003898 284 251 585 211 1.714530 
325 418 284 251 1.000000 284 251 585 211 1.765803 585 211 325 418 1.932659 
324 436 284 251 1.000000 284 251 585 211 1.604260 585 211 324 436 1.820608 
350 294 455 305 1.000000 455 305 585 211 1.519536 585 211 350 294 2.360670 
350 294 447 322 1.000000 447 322 585 211 1.754170 585 211 350 294 2.468560 
325 418 350 294 1.000000 350 294 585 211 1.970249 585 211 325 418 2.627286 
324 436 350 294 1.000000 350 294 585 211 1.726418 585 211 324 436 2.387045 
447 322 455 305 1.000000 455 305 585 211 8.538531 585 211 447 322 9.426171 
585 211 455 305 1.000000 455 305 325 418 1.073695 325 418 585 211 2.071621 
585 211 455 305 1.000000 455 305 324 436 1.154824 324 436 585 211 2.148023 
325 418 447 322 1.000000 447 322 585 211 1.140812 585 211 325 418 2.140782 
324 436 447 322 1.000000 447 322 585 211 1.056030 585 211 324 436 2.054770 
324 436 325 418 1.000000 325 418 585 211 18.434833 585 211 324 436 19.114714 
284 251 350 294 1.000000 350 294 581 223 3.067912 581 223 284 251 3.787102 
581 223 455 305 1.000000 455 305 284 251 1.192844 284 251 581 223 1.984375 
581 223 447 322 1.000000 447 322 284 251 1.067151 284 251 581 223 1.790571 
325 418 284 251 1.000000 284 251 581 223 1.734811 581 223 325 418 1.871425 
324 436 284 251 1.000000 284 251 581 223 1.576104 581 223 324 436 1.763537 
350 294 455 305 1.000000 455 305 581 223 1.423950 581 223 350 294 2.289045 
350 294 447 322 1.000000 447 322 581 223 1.650195 581 223 350 294 2.393662 
325 418 350 294 1.000000 350 294 581 223 1.910470 581 223 325 418 2.544044 
324 436 350 294 1.000000 350 294 581 223 1.674037 581 223 324 436 2.312218 
447 322 455 305 1.000000 455 305 581 223 8.001416 581 223 447 322 8.867453 
581 223 455 305 1.000000 455 305 325 418 1.145769 325 418 581 223 2.140641 
581 223 455 305 1.000000 455 305 324 436 1.232344 324 436 581 223 2.220360 
325 418 447 322 1.000000 447 322 581 223 1.073193 581 223 325 418 2.072954 
581 223 447 322 1.000000 447 322 324 436 1.006607 324 436 581 223 2.003510 
324 436 325 418 1.000000 325 418 581 223 17.850749 581 223 324 436 18.515524 
284 251 350 294 1.000000 350 294 455 305 1.340259 455 305 284 251 2.276496 
284 251 350 294 1.000000 350 294 447 322 1.281682 447 322 284 251 2.257051 
284 251 350 294 1.000000 350 294 325 418 1.605841 325 418 284 251 2.183005 
284 251 350 294 1.000000 350 294 324 436 1.832643 324 436 284 251 2.402825 
455 305 447 322 1.000000 447 322 284 251 9.462914 284 251 455 305 9.544439 
284 251 325 418 1.000000 325 418 455 305 1.001673 455 305 284 251 1.042827 
284 251 455 305 1.000000 455 305 324 436 1.033115 324 436 284 251 1.055493 
447 322 325 418 1.000000 325 418 284 251 1.107687 284 251 447 322 1.145259 
324 436 447 322 1.000000 447 322 284 251 1.060147 284 251 324 436 1.128618 
324 436 325 418 1.000000 325 418 284 251 9.538586 284 251 324 436 10.499084 
455 305 447 322 1.000000 447 322 350 294 5.373579 350 294 455 305 5.619170 
455 305 350 294 1.000000 350 294 325 418 1.198158 325 418 455 305 1.631518 
455 305 350 294 1.000000 350 294 324 436 1.367380 324 436 455 305 1.754797 
447 322 350 294 1.000000 350 294 325 418 1.252918 325 418 447 322 1.537650 
447 322 350 294 1.000000 350 294 324 436 1.429874 324 436 447 322 1.661098 
324 436 325 418 1.000000 325 418 350 294 7.016683 350 294 324 436 8.007689 
455 305 447 322 1.000000 447 322 325 418 8.262684 325 418 455 305 9.167778 
455 305 447 322 1.000000 447 322 324 436 8.926042 324 436 455 305 9.860500 
324 436 325 418 1.000000 325 418 455 305 9.554540 455 305 324 436 10.276485 
324 436 325 418 1.000000 325 418 447 322 8.611263 447 322 324 436 9.302605 