Centaurus
18 18 816
0 327 61 
1 187 75 
2 152 107 
3 251 145 
4 204 146 
5 228 155 
6 253 156 
7 127 180 
8 234 195 
9 64 201 
10 248 231 
11 436 245 
12 467 266 
13 512 279 
14 501 303 
15 300 317 
16 267 427 
17 201 451
0 3
1 2
1 3
2 4
4 5
3 6
5 7
5 8
6 10
7 9
8 10
10 11
10 15
11 12
12 13
12 14
15 16
16 17 
152 107 187 75 1.000000 187 75 327 61 2.966839 327 61 152 107 3.815498 
187 75 251 145 1.000000 251 145 327 61 1.194325 327 61 187 75 1.483420 
204 146 187 75 1.000000 187 75 327 61 1.927193 327 61 204 146 2.047925 
187 75 228 155 1.000000 228 155 327 61 1.518642 327 61 187 75 1.565151 
187 75 253 156 1.000000 253 156 327 61 1.152517 327 61 187 75 1.346595 
127 180 187 75 1.000000 187 75 327 61 1.163431 327 61 127 180 1.924400 
234 195 187 75 1.000000 187 75 327 61 1.091734 327 61 234 195 1.265639 
327 61 187 75 1.000000 187 75 64 201 1.251489 64 201 327 61 2.117590 
327 61 187 75 1.000000 187 75 248 231 1.190507 248 231 327 61 1.332350 
187 75 327 61 1.000000 327 61 436 245 1.520005 436 245 187 75 2.142869 
187 75 327 61 1.000000 327 61 467 266 1.764370 467 266 187 75 2.408992 
187 75 327 61 1.000000 327 61 512 279 2.032135 512 279 187 75 2.727254 
187 75 327 61 1.000000 327 61 501 303 2.118437 501 303 187 75 2.758004 
187 75 327 61 1.000000 327 61 300 317 1.829588 300 317 187 75 1.898264 
327 61 187 75 1.000000 187 75 267 427 2.565607 267 427 327 61 2.636034 
327 61 187 75 1.000000 187 75 201 451 2.674237 201 451 327 61 2.912963 
152 107 251 145 1.000000 251 145 327 61 1.068237 327 61 152 107 1.706343 
152 107 204 146 1.000000 204 146 327 61 2.300193 327 61 152 107 2.783765 
152 107 228 155 1.000000 228 155 327 61 1.518736 327 61 152 107 2.012984 
152 107 253 156 1.000000 253 156 327 61 1.072702 327 61 152 107 1.611856 
127 180 152 107 1.000000 152 107 327 61 2.344993 327 61 127 180 3.016053 
152 107 234 195 1.000000 234 195 327 61 1.356055 327 61 152 107 1.504325 
64 201 152 107 1.000000 152 107 327 61 1.405250 327 61 64 201 2.313867 
248 231 152 107 1.000000 152 107 327 61 1.153849 327 61 248 231 1.195391 
152 107 327 61 1.000000 327 61 436 245 1.181919 436 245 152 107 1.745025 
152 107 327 61 1.000000 327 61 467 266 1.371932 467 266 152 107 1.950065 
152 107 327 61 1.000000 327 61 512 279 1.580139 512 279 152 107 2.204975 
152 107 327 61 1.000000 327 61 501 303 1.647245 501 303 152 107 2.212118 
327 61 152 107 1.000000 152 107 300 317 1.419839 300 317 327 61 1.422644 
327 61 152 107 1.000000 152 107 267 427 1.879230 267 427 327 61 2.049717 
327 61 152 107 1.000000 152 107 201 451 1.920323 201 451 327 61 2.265049 
204 146 251 145 1.000000 251 145 327 61 2.409634 327 61 204 146 3.180398 
228 155 251 145 1.000000 251 145 327 61 4.516706 327 61 228 155 5.443305 
253 156 251 145 1.000000 251 145 327 61 10.131930 327 61 253 156 10.770701 
327 61 251 145 1.000000 251 145 127 180 1.137418 127 180 327 61 2.054453 
234 195 251 145 1.000000 251 145 327 61 2.144978 327 61 234 195 3.088569 
327 61 251 145 1.000000 251 145 64 201 1.723232 64 201 327 61 2.630168 
248 231 251 145 1.000000 251 145 327 61 1.316390 327 61 248 231 2.178435 
327 61 251 145 1.000000 251 145 436 245 1.856465 436 245 327 61 1.887933 
327 61 251 145 1.000000 251 145 467 266 2.185609 467 266 327 61 2.191449 
251 145 327 61 1.000000 327 61 512 279 2.524027 512 279 251 145 2.589980 
327 61 251 145 1.000000 251 145 501 303 2.610763 501 303 327 61 2.631220 
327 61 251 145 1.000000 251 145 300 317 1.578796 300 317 327 61 2.272453 
327 61 251 145 1.000000 251 145 267 427 2.493445 267 427 327 61 3.274105 
327 61 251 145 1.000000 251 145 201 451 2.737133 201 451 327 61 3.618066 
204 146 228 155 1.000000 228 155 327 61 5.326051 327 61 204 146 5.833040 
204 146 253 156 1.000000 253 156 327 61 2.407920 327 61 204 146 2.989653 
127 180 204 146 1.000000 204 146 327 61 1.776265 327 61 127 180 2.764862 
234 195 204 146 1.000000 204 146 327 61 2.602285 327 61 234 195 2.838957 
327 61 204 146 1.000000 204 146 64 201 1.006043 64 201 327 61 1.992751 
248 231 204 146 1.000000 204 146 327 61 1.562090 327 61 248 231 1.958554 
204 146 327 61 1.000000 327 61 436 245 1.430396 436 245 204 146 1.687082 
204 146 327 61 1.000000 327 61 467 266 1.660355 467 266 204 146 1.933504 
204 146 327 61 1.000000 327 61 512 279 1.912333 512 279 204 146 2.243887 
204 146 327 61 1.000000 327 61 501 303 1.993548 501 303 204 146 2.246925 
327 61 204 146 1.000000 204 146 300 317 1.311626 300 317 327 61 1.721728 
327 61 204 146 1.000000 204 146 267 427 1.926097 267 427 327 61 2.480631 
327 61 204 146 1.000000 204 146 201 451 2.040061 201 451 327 61 2.741233 
228 155 253 156 1.000000 253 156 327 61 4.812955 327 61 228 155 5.456333 
127 180 228 155 1.000000 228 155 327 61 1.312061 327 61 127 180 2.236708 
234 195 228 155 1.000000 228 155 327 61 3.375175 327 61 234 195 4.032645 
327 61 228 155 1.000000 228 155 64 201 1.247673 64 201 327 61 2.182442 
248 231 228 155 1.000000 228 155 327 61 1.737138 327 61 248 231 2.385357 
228 155 327 61 1.000000 327 61 436 245 1.566556 436 245 228 155 1.660127 
228 155 327 61 1.000000 327 61 467 266 1.818404 467 266 228 155 1.930292 
228 155 327 61 1.000000 327 61 512 279 2.094369 512 279 228 155 2.269969 
228 155 327 61 1.000000 327 61 501 303 2.183314 501 303 228 155 2.274704 
327 61 228 155 1.000000 228 155 300 317 1.298585 300 317 327 61 1.885620 
327 61 228 155 1.000000 228 155 267 427 2.012796 267 427 327 61 2.716763 
327 61 228 155 1.000000 228 155 201 451 2.177223 201 451 327 61 3.002172 
327 61 253 156 1.000000 253 156 127 180 1.065149 127 180 327 61 1.932611 
234 195 253 156 1.000000 253 156 327 61 2.775806 327 61 234 195 3.759861 
327 61 253 156 1.000000 253 156 64 201 1.613379 64 201 327 61 2.474182 
248 231 253 156 1.000000 253 156 327 61 1.602045 327 61 248 231 2.493922 
327 61 253 156 1.000000 253 156 436 245 1.689871 436 245 327 61 1.775967 
327 61 253 156 1.000000 253 156 467 266 1.998137 467 266 327 61 2.061482 
253 156 327 61 1.000000 327 61 512 279 2.374336 512 279 253 156 2.381022 
327 61 253 156 1.000000 253 156 501 303 2.394063 501 303 327 61 2.475172 
327 61 253 156 1.000000 253 156 300 317 1.392791 300 317 327 61 2.137682 
327 61 253 156 1.000000 253 156 267 427 2.253456 267 427 327 61 3.079930 
327 61 253 156 1.000000 253 156 201 451 2.487525 201 451 327 61 3.403491 
127 180 234 195 1.000000 234 195 327 61 1.509634 327 61 127 180 2.153939 
64 201 127 180 1.000000 127 180 327 61 3.504484 327 61 64 201 4.486538 
127 180 248 231 1.000000 248 231 327 61 1.427622 327 61 127 180 1.772350 
436 245 327 61 1.000000 327 61 127 180 1.088202 127 180 436 245 1.476477 
127 180 327 61 1.000000 327 61 467 266 1.066682 467 266 127 180 1.506961 
127 180 327 61 1.000000 327 61 512 279 1.228564 512 279 127 180 1.708130 
127 180 327 61 1.000000 327 61 501 303 1.280740 501 303 127 180 1.691724 
300 317 127 180 1.000000 127 180 327 61 1.054600 327 61 300 317 1.166505 
327 61 127 180 1.000000 127 180 267 427 1.219968 267 427 327 61 1.593663 
327 61 127 180 1.000000 127 180 201 451 1.207096 201 451 327 61 1.761085 
327 61 234 195 1.000000 234 195 64 201 1.042888 64 201 327 61 1.826623 
248 231 234 195 1.000000 234 195 327 61 4.222768 327 61 248 231 4.853138 
327 61 234 195 1.000000 234 195 436 245 1.275799 436 245 327 61 1.311149 
327 61 234 195 1.000000 234 195 467 266 1.493329 467 266 327 61 1.521938 
234 195 327 61 1.000000 327 61 512 279 1.752910 512 279 234 195 1.780472 
327 61 234 195 1.000000 234 195 501 303 1.765771 501 303 327 61 1.827354 
300 317 234 195 1.000000 234 195 327 61 1.175924 327 61 300 317 1.855836 
327 61 234 195 1.000000 234 195 267 427 1.436666 267 427 327 61 2.273831 
327 61 234 195 1.000000 234 195 201 451 1.582475 201 451 327 61 2.512708 
64 201 248 231 1.000000 248 231 327 61 1.005523 327 61 64 201 1.598143 
436 245 327 61 1.000000 327 61 64 201 1.393147 64 201 436 245 1.751564 
467 266 327 61 1.000000 327 61 64 201 1.200196 64 201 467 266 1.644384 
512 279 327 61 1.000000 327 61 64 201 1.042052 64 201 512 279 1.590455 
64 201 327 61 1.000000 327 61 501 303 1.000400 501 303 64 201 1.506156 
327 61 300 317 1.000000 300 317 64 201 1.021552 64 201 327 61 1.157414 
327 61 64 201 1.000000 64 201 267 427 1.019612 267 427 327 61 1.244827 
201 451 64 201 1.000000 64 201 327 61 1.045125 327 61 201 451 1.437676 
327 61 248 231 1.000000 248 231 436 245 1.005661 436 245 327 61 1.140845 
327 61 248 231 1.000000 248 231 467 266 1.183079 467 266 327 61 1.324254 
327 61 248 231 1.000000 248 231 512 279 1.431394 512 279 327 61 1.525226 
327 61 248 231 1.000000 248 231 501 303 1.403214 501 303 327 61 1.590000 
300 317 248 231 1.000000 248 231 327 61 1.865290 327 61 300 317 2.561424 
327 61 248 231 1.000000 248 231 267 427 1.050461 267 427 327 61 1.978485 
327 61 248 231 1.000000 248 231 201 451 1.200071 201 451 327 61 2.186334 
467 266 436 245 1.000000 436 245 327 61 5.711627 327 61 467 266 6.629862 
512 279 436 245 1.000000 436 245 327 61 2.568648 327 61 512 279 3.434092 
501 303 436 245 1.000000 436 245 327 61 2.454944 327 61 501 303 3.421464 
300 317 436 245 1.000000 436 245 327 61 1.389770 327 61 300 317 1.672828 
327 61 436 245 1.000000 436 245 267 427 1.161331 267 427 327 61 1.734227 
327 61 436 245 1.000000 436 245 201 451 1.461257 201 451 327 61 1.916416 
512 279 467 266 1.000000 467 266 327 61 5.299808 327 61 512 279 6.104118 
501 303 467 266 1.000000 467 266 327 61 4.940237 327 61 501 303 5.931624 
300 317 467 266 1.000000 467 266 327 61 1.421673 327 61 300 317 1.474224 
327 61 467 266 1.000000 467 266 267 427 1.034269 267 427 327 61 1.494037 
327 61 467 266 1.000000 467 266 201 451 1.305199 201 451 327 61 1.650993 
501 303 512 279 1.000000 512 279 327 61 10.829910 327 61 501 303 11.289843 
512 279 300 317 1.000000 300 317 327 61 1.195196 327 61 512 279 1.327512 
327 61 512 279 1.000000 512 279 267 427 1.001100 267 427 327 61 1.297175 
327 61 512 279 1.000000 512 279 201 451 1.242994 201 451 327 61 1.433449 
501 303 300 317 1.000000 300 317 327 61 1.277601 327 61 501 303 1.479304 
267 427 501 303 1.000000 501 303 327 61 1.125502 327 61 267 427 1.400495 
327 61 501 303 1.000000 501 303 201 451 1.122325 201 451 327 61 1.375053 
267 427 300 317 1.000000 300 317 327 61 2.241487 327 61 267 427 3.229489 
201 451 300 317 1.000000 300 317 327 61 1.545097 327 61 201 451 2.460013 
201 451 267 427 1.000000 267 427 327 61 5.281147 327 61 201 451 5.835957 
152 107 187 75 1.000000 187 75 251 145 2.000000 251 145 152 107 2.236068 
187 75 152 107 1.000000 152 107 204 146 1.370625 204 146 187 75 1.539462 
187 75 152 107 1.000000 152 107 228 155 1.895444 228 155 187 75 1.895561 
152 107 187 75 1.000000 187 75 253 156 2.203215 253 156 152 107 2.367146 
187 75 152 107 1.000000 152 107 127 180 1.627083 127 180 187 75 2.550077 
187 75 152 107 1.000000 152 107 234 195 2.536352 234 195 187 75 2.717547 
187 75 152 107 1.000000 152 107 64 201 2.715173 64 201 187 75 3.712967 
187 75 152 107 1.000000 152 107 248 231 3.306756 248 231 187 75 3.532042 
152 107 187 75 1.000000 187 75 436 245 6.357547 436 245 152 107 6.658139 
152 107 187 75 1.000000 187 75 467 266 7.147092 467 266 152 107 7.440471 
152 107 187 75 1.000000 187 75 512 279 8.091325 512 279 152 107 8.413079 
152 107 187 75 1.000000 187 75 501 303 8.182555 501 303 152 107 8.440333 
187 75 152 107 1.000000 152 107 300 317 5.417394 300 317 187 75 5.631843 
187 75 152 107 1.000000 152 107 267 427 7.170198 267 427 187 75 7.611744 
187 75 152 107 1.000000 152 107 201 451 7.326988 201 451 187 75 7.934032 
251 145 204 146 1.000000 204 146 187 75 1.552986 187 75 251 145 2.017570 
251 145 228 155 1.000000 228 155 187 75 3.584324 187 75 251 145 3.781807 
253 156 251 145 1.000000 251 145 187 75 8.483396 187 75 253 156 9.345373 
251 145 187 75 1.000000 187 75 127 180 1.275038 127 180 251 145 1.358446 
234 195 251 145 1.000000 251 145 187 75 1.795976 187 75 234 195 2.440324 
251 145 187 75 1.000000 187 75 64 201 1.856484 64 201 251 145 2.058099 
248 231 251 145 1.000000 251 145 187 75 1.102205 187 75 248 231 1.946516 
187 75 251 145 1.000000 251 145 436 245 2.217222 436 245 187 75 3.178774 
187 75 251 145 1.000000 251 145 467 266 2.610327 467 266 187 75 3.573546 
187 75 251 145 1.000000 251 145 512 279 3.093277 512 279 187 75 4.045663 
187 75 251 145 1.000000 251 145 501 303 3.118099 501 303 187 75 4.091277 
187 75 251 145 1.000000 251 145 300 317 1.885595 300 317 187 75 2.815921 
187 75 251 145 1.000000 251 145 267 427 2.977984 267 427 187 75 3.805872 
187 75 251 145 1.000000 251 145 201 451 3.269025 201 451 187 75 3.967016 
228 155 204 146 1.000000 204 146 187 75 2.848268 187 75 228 155 3.507114 
253 156 204 146 1.000000 204 146 187 75 1.459845 187 75 253 156 2.089271 
187 75 204 146 1.000000 204 146 127 180 1.152939 127 180 187 75 1.656473 
234 195 204 146 1.000000 204 146 187 75 1.270694 187 75 234 195 2.243102 
187 75 204 146 1.000000 204 146 64 201 2.060301 64 201 187 75 2.411861 
187 75 204 146 1.000000 204 146 248 231 1.311016 248 231 187 75 2.294336 
187 75 204 146 1.000000 204 146 436 245 3.455018 436 245 187 75 4.129721 
187 75 204 146 1.000000 204 146 467 266 3.959670 467 266 187 75 4.642592 
187 75 204 146 1.000000 204 146 512 279 4.595311 512 279 187 75 5.255945 
187 75 204 146 1.000000 204 146 501 303 4.601533 501 303 187 75 5.315205 
187 75 204 146 1.000000 204 146 300 317 2.686112 300 317 187 75 3.658320 
187 75 204 146 1.000000 204 146 267 427 3.944502 267 427 187 75 4.944419 
187 75 204 146 1.000000 204 146 201 451 4.177892 201 451 187 75 5.153771 
253 156 228 155 1.000000 228 155 187 75 3.592902 187 75 253 156 4.176038 
187 75 228 155 1.000000 228 155 127 180 1.157448 127 180 187 75 1.345288 
234 195 228 155 1.000000 228 155 187 75 2.222496 187 75 234 195 3.186252 
187 75 228 155 1.000000 228 155 64 201 1.894769 64 201 187 75 1.958769 
248 231 228 155 1.000000 228 155 187 75 1.143876 187 75 248 231 2.131410 
187 75 228 155 1.000000 228 155 436 245 2.521139 436 245 187 75 3.353913 
187 75 228 155 1.000000 228 155 467 266 2.931423 467 266 187 75 3.770436 
187 75 228 155 1.000000 228 155 512 279 3.447271 512 279 187 75 4.268564 
187 75 228 155 1.000000 228 155 501 303 3.454461 501 303 187 75 4.316692 
187 75 228 155 1.000000 228 155 300 317 1.972086 300 317 187 75 2.971069 
187 75 228 155 1.000000 228 155 267 427 3.056717 267 427 187 75 4.015562 
187 75 228 155 1.000000 228 155 201 451 3.306423 201 451 187 75 4.185585 
253 156 187 75 1.000000 187 75 127 180 1.157434 127 180 253 156 1.227602 
234 195 253 156 1.000000 253 156 187 75 2.408473 187 75 234 195 2.970721 
253 156 187 75 1.000000 187 75 64 201 1.685250 64 201 253 156 1.859447 
248 231 253 156 1.000000 253 156 187 75 1.390040 187 75 248 231 2.228417 
187 75 253 156 1.000000 253 156 436 245 1.947605 436 245 187 75 2.885577 
187 75 253 156 1.000000 253 156 467 266 2.302887 467 266 187 75 3.243937 
187 75 253 156 1.000000 253 156 512 279 2.744168 512 279 187 75 3.672508 
187 75 253 156 1.000000 253 156 501 303 2.759198 501 303 187 75 3.713915 
187 75 253 156 1.000000 253 156 300 317 1.605215 300 317 187 75 2.556193 
187 75 253 156 1.000000 253 156 267 427 2.597146 267 427 187 75 3.454834 
187 75 253 156 1.000000 253 156 201 451 2.866915 201 451 187 75 3.601115 
234 195 127 180 1.000000 127 180 187 75 1.119278 187 75 234 195 1.192784 
64 201 127 180 1.000000 127 180 187 75 1.821078 187 75 64 201 2.651530 
187 75 127 180 1.000000 127 180 248 231 1.085790 248 231 187 75 1.385073 
127 180 187 75 1.000000 187 75 436 245 2.493081 436 245 127 180 2.611035 
127 180 187 75 1.000000 187 75 467 266 2.802697 467 266 127 180 2.899997 
127 180 187 75 1.000000 187 75 512 279 3.172973 512 279 127 180 3.287126 
127 180 187 75 1.000000 187 75 501 303 3.208749 501 303 127 180 3.255554 
187 75 127 180 1.000000 127 180 300 317 1.824768 300 317 187 75 2.208500 
187 75 127 180 1.000000 127 180 267 427 2.347707 267 427 187 75 2.984908 
187 75 127 180 1.000000 127 180 201 451 2.322937 201 451 187 75 3.111292 
187 75 234 195 1.000000 234 195 64 201 1.319920 64 201 187 75 1.366294 
248 231 234 195 1.000000 234 195 187 75 3.336471 187 75 248 231 4.336469 
187 75 234 195 1.000000 234 195 436 245 1.614702 436 245 187 75 2.339444 
187 75 234 195 1.000000 234 195 467 266 1.890016 467 266 187 75 2.629979 
187 75 234 195 1.000000 234 195 512 279 2.253435 512 279 187 75 2.977437 
187 75 234 195 1.000000 234 195 501 303 2.234829 501 303 187 75 3.011008 
187 75 234 195 1.000000 234 195 300 317 1.076294 300 317 187 75 2.072400 
187 75 234 195 1.000000 234 195 267 427 1.818301 267 427 187 75 2.800961 
187 75 234 195 1.000000 234 195 201 451 2.002843 201 451 187 75 2.919557 
248 231 187 75 1.000000 187 75 64 201 1.051224 64 201 248 231 1.112998 
64 201 187 75 1.000000 187 75 436 245 1.712255 436 245 64 201 2.127374 
64 201 187 75 1.000000 187 75 467 266 1.924900 467 266 64 201 2.318280 
64 201 187 75 1.000000 187 75 512 279 2.179207 512 279 64 201 2.582538 
64 201 187 75 1.000000 187 75 501 303 2.203778 501 303 64 201 2.548501 
187 75 64 201 1.000000 64 201 300 317 1.493436 300 317 187 75 1.516804 
187 75 64 201 1.000000 64 201 267 427 1.725241 267 427 187 75 2.050043 
187 75 64 201 1.000000 64 201 201 451 1.618999 201 451 187 75 2.136844 
187 75 248 231 1.000000 248 231 436 245 1.125481 436 245 187 75 1.799964 
187 75 248 231 1.000000 248 231 467 266 1.324037 467 266 187 75 2.023501 
187 75 248 231 1.000000 248 231 512 279 1.601938 512 279 187 75 2.290835 
187 75 248 231 1.000000 248 231 501 303 1.570401 501 303 187 75 2.316664 
300 317 248 231 1.000000 248 231 187 75 1.666710 187 75 300 317 2.657569 
187 75 248 231 1.000000 248 231 267 427 1.175619 267 427 187 75 2.155055 
187 75 248 231 1.000000 248 231 201 451 1.343053 201 451 187 75 2.246302 
467 266 436 245 1.000000 436 245 187 75 8.052122 187 75 467 266 9.052116 
512 279 436 245 1.000000 436 245 187 75 3.621221 187 75 512 279 4.608771 
501 303 436 245 1.000000 436 245 187 75 3.460924 187 75 501 303 4.454422 
436 245 300 317 1.000000 300 317 187 75 1.735619 187 75 436 245 1.959266 
267 427 436 245 1.000000 436 245 187 75 1.213933 187 75 267 427 1.453413 
187 75 436 245 1.000000 436 245 201 451 1.036517 201 451 187 75 1.247971 
512 279 467 266 1.000000 467 266 187 75 7.236121 187 75 512 279 8.192116 
501 303 467 266 1.000000 467 266 187 75 6.745178 187 75 501 303 7.722412 
467 266 300 317 1.000000 300 317 187 75 1.529560 187 75 467 266 1.941089 
267 427 467 266 1.000000 467 266 187 75 1.320116 187 75 267 427 1.405941 
201 451 467 266 1.000000 467 266 187 75 1.046089 187 75 201 451 1.161270 
501 303 512 279 1.000000 512 279 187 75 14.534430 187 75 501 303 14.698305 
512 279 300 317 1.000000 300 317 187 75 1.240059 187 75 512 279 1.781606 
512 279 267 427 1.000000 267 427 187 75 1.261131 187 75 512 279 1.340589 
512 279 201 451 1.000000 201 451 187 75 1.058713 187 75 512 279 1.079703 
501 303 300 317 1.000000 300 317 187 75 1.325557 187 75 501 303 1.925913 
501 303 267 427 1.000000 267 427 187 75 1.363078 187 75 501 303 1.465297 
501 303 201 451 1.000000 201 451 187 75 1.124776 187 75 501 303 1.160008 
267 427 300 317 1.000000 300 317 187 75 2.325623 187 75 267 427 3.143207 
201 451 300 317 1.000000 300 317 187 75 1.603094 187 75 201 451 2.258408 
201 451 267 427 1.000000 267 427 187 75 5.140050 187 75 201 451 5.357685 
251 145 204 146 1.000000 204 146 152 107 1.382666 152 107 251 145 2.255712 
251 145 228 155 1.000000 228 155 152 107 3.584102 152 107 251 145 4.228189 
253 156 251 145 1.000000 251 145 152 107 9.484725 152 107 253 156 10.040717 
127 180 152 107 1.000000 152 107 251 145 1.374280 251 145 127 180 1.669793 
234 195 251 145 1.000000 251 145 152 107 2.007962 152 107 234 195 2.277613 
251 145 152 107 1.000000 152 107 64 201 1.214262 64 201 251 145 1.840820 
248 231 251 145 1.000000 251 145 152 107 1.232302 152 107 248 231 1.822361 
152 107 251 145 1.000000 251 145 436 245 1.983144 436 245 152 107 2.977610 
152 107 251 145 1.000000 251 145 467 266 2.334747 467 266 152 107 3.327480 
152 107 251 145 1.000000 251 145 512 279 2.766711 512 279 152 107 3.762443 
152 107 251 145 1.000000 251 145 501 303 2.788913 501 303 152 107 3.774632 
152 107 251 145 1.000000 251 145 300 317 1.686528 300 317 152 107 2.422732 
152 107 251 145 1.000000 251 145 267 427 2.663589 267 427 152 107 3.206610 
152 107 251 145 1.000000 251 145 201 451 2.923905 201 451 152 107 3.276729 
228 155 204 146 1.000000 204 146 152 107 2.535892 152 107 228 155 3.506897 
253 156 204 146 1.000000 204 146 152 107 1.299740 152 107 253 156 2.244724 
204 146 152 107 1.000000 152 107 127 180 1.187110 127 180 204 146 1.294961 
234 195 204 146 1.000000 204 146 152 107 1.131333 152 107 234 195 2.093541 
204 146 152 107 1.000000 152 107 64 201 1.980975 64 201 204 146 2.314094 
152 107 204 146 1.000000 204 146 248 231 1.472509 248 231 152 107 2.412590 
152 107 204 146 1.000000 204 146 436 245 3.880615 436 245 152 107 4.857740 
152 107 204 146 1.000000 204 146 467 266 4.447431 467 266 152 107 5.428524 
152 107 204 146 1.000000 204 146 512 279 5.161372 512 279 152 107 6.138134 
152 107 204 146 1.000000 204 146 501 303 5.168361 501 303 152 107 6.158018 
152 107 204 146 1.000000 204 146 300 317 3.016993 300 317 152 107 3.952499 
152 107 204 146 1.000000 204 146 267 427 4.430395 267 427 152 107 5.231335 
152 107 204 146 1.000000 204 146 201 451 4.692535 201 451 152 107 5.345728 
253 156 228 155 1.000000 228 155 152 107 3.592680 152 107 253 156 4.486757 
127 180 152 107 1.000000 152 107 228 155 1.164934 228 155 127 180 1.348434 
234 195 228 155 1.000000 228 155 152 107 2.222358 152 107 234 195 2.973806 
228 155 152 107 1.000000 152 107 64 201 1.432473 64 201 228 155 1.894886 
248 231 228 155 1.000000 228 155 152 107 1.143805 152 107 248 231 1.995461 
152 107 228 155 1.000000 228 155 436 245 2.521295 436 245 152 107 3.512707 
152 107 228 155 1.000000 228 155 467 266 2.931605 467 266 152 107 3.925450 
152 107 228 155 1.000000 228 155 512 279 3.447484 512 279 152 107 4.438580 
152 107 228 155 1.000000 228 155 501 303 3.454675 501 303 152 107 4.452958 
152 107 228 155 1.000000 228 155 300 317 1.972208 300 317 152 107 2.858113 
152 107 228 155 1.000000 228 155 267 427 3.056907 267 427 152 107 3.782859 
152 107 228 155 1.000000 228 155 201 451 3.306628 201 451 152 107 3.865579 
127 180 152 107 1.000000 152 107 253 156 1.454840 253 156 127 180 1.662283 
234 195 253 156 1.000000 253 156 152 107 2.587676 152 107 234 195 2.772646 
253 156 152 107 1.000000 152 107 64 201 1.147024 64 201 253 156 1.730676 
248 231 253 156 1.000000 253 156 152 107 1.493467 152 107 248 231 2.086281 
152 107 253 156 1.000000 253 156 436 245 1.812729 436 245 152 107 2.812729 
152 107 253 156 1.000000 253 156 467 266 2.143406 467 266 152 107 3.143225 
152 107 253 156 1.000000 253 156 512 279 2.554128 512 279 152 107 3.554103 
152 107 253 156 1.000000 253 156 501 303 2.568117 501 303 152 107 3.565616 
152 107 253 156 1.000000 253 156 300 317 1.494050 300 317 152 107 2.288576 
152 107 253 156 1.000000 253 156 267 427 2.417287 267 427 152 107 3.029048 
152 107 253 156 1.000000 253 156 201 451 2.668374 201 451 152 107 3.095284 
152 107 127 180 1.000000 127 180 234 195 1.400250 234 195 152 107 1.558834 
64 201 127 180 1.000000 127 180 152 107 1.161944 152 107 64 201 1.938978 
152 107 127 180 1.000000 127 180 248 231 1.701725 248 231 152 107 2.032322 
127 180 152 107 1.000000 152 107 436 245 4.092071 436 245 127 180 4.092194 
152 107 127 180 1.000000 127 180 467 266 4.545075 467 266 152 107 4.572890 
152 107 127 180 1.000000 127 180 512 279 5.151810 512 279 152 107 5.170652 
152 107 127 180 1.000000 127 180 501 303 5.102329 501 303 152 107 5.187402 
152 107 127 180 1.000000 127 180 300 317 2.859902 300 317 152 107 3.329513 
152 107 127 180 1.000000 127 180 267 427 3.679488 267 427 152 107 4.406781 
152 107 127 180 1.000000 127 180 201 451 3.640666 201 451 152 107 4.503143 
234 195 152 107 1.000000 152 107 64 201 1.070503 64 201 234 195 1.414214 
248 231 234 195 1.000000 234 195 152 107 3.114009 152 107 248 231 4.059874 
152 107 234 195 1.000000 234 195 436 245 1.730054 436 245 152 107 2.625085 
152 107 234 195 1.000000 234 195 467 266 2.025037 467 266 152 107 2.933532 
152 107 234 195 1.000000 234 195 512 279 2.414418 512 279 152 107 3.317000 
152 107 234 195 1.000000 234 195 501 303 2.394483 501 303 152 107 3.327745 
152 107 234 195 1.000000 234 195 300 317 1.153183 300 317 152 107 2.135900 
152 107 234 195 1.000000 234 195 267 427 1.948199 267 427 152 107 2.826973 
152 107 234 195 1.000000 234 195 201 451 2.145924 201 451 152 107 2.888790 
64 201 152 107 1.000000 152 107 248 231 1.217880 248 231 64 201 1.447847 
64 201 152 107 1.000000 152 107 436 245 2.452197 436 245 64 201 2.909159 
64 201 152 107 1.000000 152 107 467 266 2.740330 467 266 64 201 3.170221 
64 201 152 107 1.000000 152 107 512 279 3.098542 512 279 64 201 3.531591 
64 201 152 107 1.000000 152 107 501 303 3.108580 501 303 64 201 3.485045 
64 201 152 107 1.000000 152 107 300 317 1.995230 300 317 64 201 2.042256 
152 107 64 201 1.000000 64 201 267 427 2.359246 267 427 152 107 2.640788 
152 107 64 201 1.000000 64 201 201 451 2.213962 201 451 152 107 2.698534 
152 107 248 231 1.000000 248 231 436 245 1.202159 436 245 152 107 2.013495 
152 107 248 231 1.000000 248 231 467 266 1.414242 467 266 152 107 2.250081 
152 107 248 231 1.000000 248 231 512 279 1.711076 512 279 152 107 2.544209 
152 107 248 231 1.000000 248 231 501 303 1.677390 501 303 152 107 2.552451 
300 317 248 231 1.000000 248 231 152 107 1.560401 152 107 300 317 2.556374 
152 107 248 231 1.000000 248 231 267 427 1.255712 267 427 152 107 2.168348 
152 107 248 231 1.000000 248 231 201 451 1.434554 201 451 152 107 2.215763 
467 266 436 245 1.000000 436 245 152 107 8.432834 152 107 467 266 9.423693 
512 279 436 245 1.000000 436 245 152 107 3.792436 152 107 512 279 4.792040 
501 303 436 245 1.000000 436 245 152 107 3.624560 152 107 501 303 4.594751 
436 245 300 317 1.000000 300 317 152 107 1.669530 152 107 436 245 2.051903 
267 427 436 245 1.000000 436 245 152 107 1.271329 152 107 267 427 1.369103 
201 451 436 245 1.000000 436 245 152 107 1.010385 152 107 201 451 1.111884 
512 279 467 266 1.000000 467 266 152 107 7.533154 152 107 512 279 8.517878 
501 303 467 266 1.000000 467 266 152 107 7.022059 152 107 501 303 7.965694 
467 266 300 317 1.000000 300 317 152 107 1.471318 152 107 467 266 2.020768 
467 266 267 427 1.000000 267 427 152 107 1.324384 152 107 467 266 1.374305 
467 266 201 451 1.000000 201 451 152 107 1.072420 152 107 467 266 1.089030 
501 303 512 279 1.000000 512 279 152 107 15.112396 152 107 501 303 15.161351 
512 279 300 317 1.000000 300 317 152 107 1.192840 152 107 512 279 1.852452 
512 279 267 427 1.000000 267 427 152 107 1.187974 152 107 512 279 1.393898 
152 107 201 451 1.000000 201 451 512 279 1.022798 512 279 152 107 1.148232 
501 303 300 317 1.000000 300 317 152 107 1.275082 152 107 501 303 1.986586 
501 303 267 427 1.000000 267 427 152 107 1.284008 152 107 501 303 1.511458 
501 303 201 451 1.000000 201 451 152 107 1.038717 152 107 501 303 1.196552 
267 427 300 317 1.000000 300 317 152 107 2.237068 152 107 267 427 2.960874 
201 451 300 317 1.000000 300 317 152 107 1.542051 152 107 201 451 2.085614 
201 451 267 427 1.000000 267 427 152 107 4.841884 152 107 201 451 4.947760 
251 145 228 155 1.000000 228 155 204 146 1.022015 204 146 251 145 1.874437 
253 156 251 145 1.000000 251 145 204 146 4.204759 204 146 253 156 4.473030 
251 145 204 146 1.000000 204 146 127 180 1.790498 127 180 251 145 2.740760 
204 146 251 145 1.000000 251 145 234 195 1.123384 234 195 204 146 1.222156 
251 145 204 146 1.000000 204 146 64 201 3.199618 64 201 251 145 4.152359 
204 146 251 145 1.000000 251 145 248 231 1.830486 248 231 204 146 2.035988 
204 146 251 145 1.000000 251 145 436 245 4.473401 436 245 204 146 5.365593 
204 146 251 145 1.000000 251 145 467 266 5.266517 467 266 204 146 6.149311 
204 146 251 145 1.000000 251 145 512 279 6.240903 512 279 204 146 7.136453 
204 146 251 145 1.000000 251 145 501 303 6.290983 501 303 204 146 7.146116 
204 146 251 145 1.000000 251 145 300 317 3.804320 300 317 204 146 4.171493 
204 146 251 145 1.000000 251 145 267 427 6.008290 267 427 204 146 6.125756 
251 145 204 146 1.000000 204 146 201 451 6.488207 201 451 251 145 6.595487 
251 145 253 156 1.000000 253 156 228 155 2.237856 228 155 251 145 2.243212 
251 145 228 155 1.000000 228 155 127 180 4.148668 127 180 251 145 5.137381 
251 145 228 155 1.000000 228 155 234 195 1.612747 234 195 251 145 2.105712 
251 145 228 155 1.000000 228 155 64 201 6.791466 64 201 251 145 7.783334 
251 145 228 155 1.000000 228 155 248 231 3.133490 248 231 251 145 3.431130 
228 155 251 145 1.000000 251 145 436 245 8.385107 436 245 228 155 9.036580 
228 155 251 145 1.000000 251 145 467 266 9.871753 467 266 228 155 10.507171 
228 155 251 145 1.000000 251 145 512 279 11.698178 512 279 228 155 12.356136 
228 155 251 145 1.000000 251 145 501 303 11.792051 501 303 228 155 12.381906 
251 145 228 155 1.000000 228 155 300 317 7.068594 300 317 251 145 7.130958 
251 145 228 155 1.000000 228 155 267 427 10.956265 267 427 251 145 11.262160 
251 145 228 155 1.000000 228 155 201 451 11.851291 201 451 251 145 12.362824 
251 145 253 156 1.000000 253 156 127 180 11.472402 127 180 251 145 11.524235 
251 145 253 156 1.000000 253 156 234 195 3.880206 234 195 251 145 4.723558 
251 145 253 156 1.000000 253 156 64 201 17.377226 64 201 251 145 17.459668 
251 145 253 156 1.000000 253 156 248 231 6.723095 248 231 251 145 7.696753 
251 145 253 156 1.000000 253 156 436 245 18.201099 436 245 251 145 18.809572 
251 145 253 156 1.000000 253 156 467 266 21.521338 467 266 251 145 22.144435 
251 145 253 156 1.000000 253 156 512 279 25.645272 512 279 251 145 26.241494 
251 145 253 156 1.000000 253 156 501 303 25.785732 501 303 251 145 26.452070 
251 145 253 156 1.000000 253 156 300 317 15.001333 300 317 251 145 15.996250 
251 145 253 156 1.000000 253 156 267 427 24.271300 267 427 251 145 25.263412 
251 145 253 156 1.000000 253 156 201 451 26.792387 201 451 251 145 27.732436 
251 145 234 195 1.000000 234 195 127 180 2.045906 127 180 251 145 2.439736 
64 201 127 180 1.000000 127 180 251 145 1.940206 251 145 64 201 2.939488 
248 231 251 145 1.000000 251 145 127 180 1.497285 127 180 248 231 1.525918 
127 180 251 145 1.000000 251 145 436 245 1.632175 436 245 127 180 2.450719 
127 180 251 145 1.000000 251 145 467 266 1.921554 467 266 127 180 2.721939 
127 180 251 145 1.000000 251 145 512 279 2.277070 512 279 127 180 3.085298 
127 180 251 145 1.000000 251 145 501 303 2.295343 501 303 127 180 3.055665 
127 180 251 145 1.000000 251 145 300 317 1.388053 300 317 127 180 1.712728 
127 180 251 145 1.000000 251 145 267 427 2.192199 267 427 127 180 2.203559 
251 145 127 180 1.000000 127 180 201 451 2.180310 201 451 251 145 2.406445 
251 145 234 195 1.000000 234 195 64 201 3.221032 64 201 251 145 3.696296 
248 231 234 195 1.000000 234 195 251 145 1.367225 251 145 248 231 2.227810 
251 145 234 195 1.000000 234 195 436 245 3.940395 436 245 251 145 3.982077 
251 145 234 195 1.000000 234 195 467 266 4.612251 467 266 251 145 4.688084 
251 145 234 195 1.000000 234 195 512 279 5.499112 512 279 251 145 5.555451 
251 145 234 195 1.000000 234 195 501 303 5.453707 501 303 251 145 5.600031 
251 145 234 195 1.000000 234 195 300 317 2.626505 300 317 251 145 3.386483 
251 145 234 195 1.000000 234 195 267 427 4.437244 267 427 251 145 5.348386 
251 145 234 195 1.000000 234 195 201 451 4.887585 201 451 251 145 5.871090 
251 145 248 231 1.000000 248 231 64 201 2.166468 64 201 251 145 2.268446 
64 201 251 145 1.000000 251 145 436 245 1.077316 436 245 64 201 1.918973 
64 201 251 145 1.000000 251 145 467 266 1.268319 467 266 64 201 2.091177 
64 201 251 145 1.000000 251 145 512 279 1.502978 512 279 64 201 2.329548 
64 201 251 145 1.000000 251 145 501 303 1.515039 501 303 64 201 2.298845 
300 317 251 145 1.000000 251 145 64 201 1.091485 64 201 300 317 1.470379 
64 201 251 145 1.000000 251 145 267 427 1.446958 267 427 64 201 1.556233 
251 145 64 201 1.000000 64 201 201 451 1.460399 201 451 251 145 1.588371 
251 145 248 231 1.000000 248 231 436 245 2.190767 436 245 251 145 2.443832 
251 145 248 231 1.000000 248 231 467 266 2.577260 467 266 251 145 2.877114 
251 145 248 231 1.000000 248 231 512 279 3.118198 512 279 251 145 3.409424 
251 145 248 231 1.000000 248 231 501 303 3.056811 501 303 251 145 3.436783 
251 145 248 231 1.000000 248 231 300 317 1.167880 300 317 251 145 2.078312 
251 145 248 231 1.000000 248 231 267 427 2.288361 267 427 251 145 3.282347 
251 145 248 231 1.000000 248 231 201 451 2.614275 201 451 251 145 3.603135 
467 266 436 245 1.000000 436 245 251 145 5.616424 251 145 467 266 6.612194 
512 279 436 245 1.000000 436 245 251 145 2.525833 251 145 512 279 3.523825 
501 303 436 245 1.000000 436 245 251 145 2.414024 251 145 501 303 3.394864 
436 245 300 317 1.000000 300 317 251 145 1.162204 251 145 436 245 1.366605 
251 145 436 245 1.000000 436 245 267 427 1.181016 267 427 251 145 1.343115 
436 245 251 145 1.000000 251 145 201 451 1.474379 201 451 436 245 1.486027 
512 279 467 266 1.000000 467 266 251 145 5.285685 251 145 512 279 6.263618 
501 303 467 266 1.000000 467 266 251 145 4.927072 251 145 501 303 5.885508 
467 266 300 317 1.000000 300 317 251 145 1.024223 251 145 467 266 1.417885 
251 145 467 266 1.000000 467 266 267 427 1.037032 267 427 251 145 1.140847 
467 266 251 145 1.000000 251 145 201 451 1.252343 201 451 467 266 1.308687 
501 303 512 279 1.000000 512 279 251 145 11.112894 251 145 501 303 11.202070 
251 145 300 317 1.000000 300 317 512 279 1.204286 512 279 251 145 1.640478 
251 145 267 427 1.000000 267 427 512 279 1.013379 512 279 251 145 1.038715 
512 279 251 145 1.000000 251 145 201 451 1.056816 201 451 512 279 1.211342 
251 145 300 317 1.000000 300 317 501 303 1.126610 501 303 251 145 1.653642 
501 303 267 427 1.000000 267 427 251 145 1.066569 251 145 501 303 1.116752 
501 303 251 145 1.000000 251 145 201 451 1.048403 201 451 501 303 1.131119 
267 427 300 317 1.000000 300 317 251 145 1.557282 251 145 267 427 2.459467 
201 451 300 317 1.000000 300 317 251 145 1.073463 251 145 201 451 1.861045 
201 451 267 427 1.000000 267 427 251 145 4.021939 251 145 201 451 4.415008 
253 156 228 155 1.000000 228 155 204 146 1.024461 204 146 253 156 1.998802 
228 155 204 146 1.000000 204 146 127 180 3.283880 127 180 228 155 4.059302 
204 146 228 155 1.000000 228 155 234 195 1.578007 234 195 204 146 2.241507 
228 155 204 146 1.000000 204 146 64 201 5.868291 64 201 228 155 6.645171 
204 146 228 155 1.000000 228 155 248 231 3.065992 248 231 204 146 3.734124 
204 146 228 155 1.000000 228 155 436 245 8.841923 436 245 204 146 9.840818 
204 146 228 155 1.000000 228 155 467 266 10.280836 467 266 204 146 11.278203 
204 146 228 155 1.000000 228 155 512 279 12.089972 512 279 204 146 13.088680 
204 146 228 155 1.000000 228 155 501 303 12.115188 501 303 204 146 13.106402 
204 146 228 155 1.000000 228 155 300 317 6.916330 300 317 204 146 7.650768 
204 146 228 155 1.000000 228 155 267 427 10.720256 267 427 204 146 11.235002 
204 146 228 155 1.000000 228 155 201 451 11.596003 201 451 204 146 11.899759 
253 156 204 146 1.000000 204 146 127 180 1.683112 127 180 253 156 2.564794 
234 195 253 156 1.000000 253 156 204 146 1.152782 204 146 234 195 1.324381 
253 156 204 146 1.000000 204 146 64 201 3.007720 64 201 253 156 3.884889 
204 146 253 156 1.000000 253 156 248 231 1.503029 248 231 204 146 1.913880 
204 146 253 156 1.000000 253 156 436 245 4.069076 436 245 204 146 5.043791 
204 146 253 156 1.000000 253 156 467 266 4.811355 467 266 204 146 5.780505 
204 146 253 156 1.000000 253 156 512 279 5.733311 512 279 204 146 6.708442 
204 146 253 156 1.000000 253 156 501 303 5.764712 501 303 204 146 6.717526 
204 146 253 156 1.000000 253 156 300 317 3.353729 300 317 204 146 3.921307 
204 146 253 156 1.000000 253 156 267 427 5.426143 267 427 204 146 5.758362 
204 146 253 156 1.000000 253 156 201 451 5.989762 201 451 204 146 6.099075 
234 195 204 146 1.000000 204 146 127 180 1.465032 127 180 234 195 1.880560 
64 201 127 180 1.000000 127 180 204 146 1.267508 204 146 64 201 2.265035 
127 180 204 146 1.000000 204 146 248 231 1.137107 248 231 127 180 1.559997 
127 180 204 146 1.000000 204 146 436 245 2.996705 436 245 127 180 3.751377 
127 180 204 146 1.000000 204 146 467 266 3.434414 467 266 127 180 4.166540 
127 180 204 146 1.000000 204 146 512 279 3.985737 512 279 127 180 4.722743 
127 180 204 146 1.000000 204 146 501 303 3.991133 501 303 127 180 4.677383 
127 180 204 146 1.000000 204 146 300 317 2.329795 300 317 127 180 2.621716 
204 146 127 180 1.000000 127 180 267 427 3.373043 267 427 204 146 3.421259 
204 146 127 180 1.000000 127 180 201 451 3.337455 201 451 204 146 3.623689 
234 195 204 146 1.000000 204 146 64 201 2.618011 64 201 234 195 2.960714 
248 231 234 195 1.000000 234 195 204 146 1.487436 204 146 248 231 2.477919 
204 146 234 195 1.000000 234 195 436 245 3.621940 436 245 204 146 4.390269 
204 146 234 195 1.000000 234 195 467 266 4.239498 467 266 204 146 5.031527 
204 146 234 195 1.000000 234 195 512 279 5.054684 512 279 204 146 5.839233 
204 146 234 195 1.000000 234 195 501 303 5.012949 501 303 204 146 5.847139 
204 146 234 195 1.000000 234 195 300 317 2.414236 300 317 204 146 3.413225 
204 146 234 195 1.000000 234 195 267 427 4.078635 267 427 204 146 5.012254 
204 146 234 195 1.000000 234 195 201 451 4.492580 201 451 204 146 5.308821 
248 231 204 146 1.000000 204 146 64 201 1.571531 64 201 248 231 1.947796 
64 201 204 146 1.000000 204 146 436 245 1.676948 436 245 64 201 2.490379 
64 201 204 146 1.000000 204 146 467 266 1.921889 467 266 64 201 2.713860 
64 201 204 146 1.000000 204 146 512 279 2.230408 512 279 64 201 3.023210 
64 201 204 146 1.000000 204 146 501 303 2.233428 501 303 64 201 2.983365 
64 201 204 146 1.000000 204 146 300 317 1.303747 300 317 64 201 1.748268 
64 201 204 146 1.000000 204 146 267 427 1.914527 267 427 64 201 2.019627 
204 146 64 201 1.000000 64 201 201 451 1.895257 201 451 204 146 2.027807 
204 146 248 231 1.000000 248 231 436 245 1.969642 436 245 204 146 2.635375 
204 146 248 231 1.000000 248 231 467 266 2.317124 467 266 204 146 3.020308 
204 146 248 231 1.000000 248 231 512 279 2.803463 512 279 204 146 3.505154 
204 146 248 231 1.000000 248 231 501 303 2.748272 501 303 204 146 3.509900 
204 146 248 231 1.000000 248 231 300 317 1.050000 300 317 204 146 2.048879 
204 146 248 231 1.000000 248 231 267 427 2.057385 267 427 204 146 3.008738 
204 146 248 231 1.000000 248 231 201 451 2.350404 201 451 204 146 3.186760 
467 266 436 245 1.000000 436 245 204 146 6.736587 204 146 467 266 7.720556 
512 279 436 245 1.000000 436 245 204 146 3.029595 204 146 512 279 4.029482 
501 303 436 245 1.000000 436 245 204 146 2.895487 204 146 501 303 3.856327 
436 245 300 317 1.000000 300 317 204 146 1.274374 204 146 436 245 1.639166 
267 427 436 245 1.000000 436 245 204 146 1.015603 204 146 267 427 1.159487 
436 245 204 146 1.000000 204 146 201 451 1.209225 201 451 436 245 1.238930 
512 279 467 266 1.000000 467 266 204 146 6.171693 204 146 512 279 7.162427 
501 303 467 266 1.000000 467 266 204 146 5.752967 204 146 501 303 6.685524 
467 266 300 317 1.000000 300 317 204 146 1.123076 204 146 467 266 1.655556 
467 266 267 427 1.000000 267 427 204 146 1.121615 204 146 467 266 1.125928 
467 266 204 146 1.000000 204 146 201 451 1.055111 201 451 467 266 1.120812 
501 303 512 279 1.000000 512 279 204 146 12.707559 204 146 501 303 12.724765 
204 146 300 317 1.000000 300 317 512 279 1.098285 512 279 204 146 1.710767 
512 279 267 427 1.000000 267 427 204 146 1.006090 204 146 512 279 1.172087 
201 451 204 146 1.000000 204 146 512 279 1.099911 512 279 201 451 1.165170 
204 146 300 317 1.000000 300 317 501 303 1.027447 501 303 204 146 1.713083 
501 303 267 427 1.000000 267 427 204 146 1.087421 204 146 501 303 1.268551 
204 146 201 451 1.000000 201 451 501 303 1.096736 501 303 204 146 1.101401 
267 427 300 317 1.000000 300 317 204 146 1.707583 204 146 267 427 2.507552 
201 451 300 317 1.000000 300 317 204 146 1.177068 204 146 201 451 1.830773 
201 451 267 427 1.000000 267 427 204 146 4.100571 204 146 201 451 4.343195 
253 156 228 155 1.000000 228 155 127 180 4.158597 127 180 253 156 5.126514 
253 156 228 155 1.000000 228 155 234 195 1.616607 234 195 253 156 1.733894 
253 156 228 155 1.000000 228 155 64 201 6.807720 64 201 253 156 7.765122 
228 155 253 156 1.000000 253 156 248 231 3.004257 248 231 228 155 3.140989 
228 155 253 156 1.000000 253 156 436 245 8.133275 436 245 228 155 9.058207 
228 155 253 156 1.000000 253 156 467 266 9.616945 467 266 228 155 10.532318 
228 155 253 156 1.000000 253 156 512 279 11.459750 512 279 228 155 12.385708 
228 155 253 156 1.000000 253 156 501 303 11.522516 501 303 228 155 12.411540 
228 155 253 156 1.000000 253 156 300 317 6.703440 300 317 228 155 7.085511 
228 155 253 156 1.000000 253 156 267 427 10.845782 267 427 228 155 10.982487 
253 156 228 155 1.000000 228 155 201 451 11.879655 201 451 253 156 11.972346 
234 195 228 155 1.000000 228 155 127 180 2.572423 127 180 234 195 2.671273 
64 201 127 180 1.000000 127 180 228 155 1.566804 228 155 64 201 2.564895 
248 231 228 155 1.000000 228 155 127 180 1.323977 127 180 248 231 1.670860 
127 180 228 155 1.000000 228 155 436 245 2.178188 436 245 127 180 3.034776 
127 180 228 155 1.000000 228 155 467 266 2.532661 467 266 127 180 3.370633 
127 180 228 155 1.000000 228 155 512 279 2.978338 512 279 127 180 3.820588 
127 180 228 155 1.000000 228 155 501 303 2.984550 501 303 127 180 3.783893 
127 180 228 155 1.000000 228 155 300 317 1.703823 300 317 127 180 2.120907 
127 180 228 155 1.000000 228 155 267 427 2.640911 267 427 127 180 2.728712 
228 155 127 180 1.000000 127 180 201 451 2.699922 201 451 228 155 2.856650 
228 155 234 195 1.000000 234 195 64 201 4.205596 64 201 228 155 4.211116 
248 231 234 195 1.000000 234 195 228 155 1.047146 228 155 248 231 2.034554 
228 155 234 195 1.000000 234 195 436 245 5.144846 436 245 228 155 5.603221 
228 155 234 195 1.000000 234 195 467 266 6.022066 467 266 228 155 6.515076 
228 155 234 195 1.000000 234 195 512 279 7.180012 512 279 228 155 7.661545 
228 155 234 195 1.000000 234 195 501 303 7.120728 501 303 228 155 7.677524 
228 155 234 195 1.000000 234 195 300 317 3.429343 300 317 228 155 4.382952 
228 155 234 195 1.000000 234 195 267 427 5.793566 267 427 228 155 6.793541 
228 155 234 195 1.000000 234 195 201 451 6.381562 201 451 228 155 7.348511 
248 231 228 155 1.000000 228 155 64 201 2.167381 64 201 248 231 2.372254 
64 201 228 155 1.000000 228 155 436 245 1.330579 436 245 64 201 2.199232 
64 201 228 155 1.000000 228 155 467 266 1.547114 467 266 64 201 2.396586 
64 201 228 155 1.000000 228 155 512 279 1.819362 512 279 64 201 2.669770 
64 201 228 155 1.000000 228 155 501 303 1.823157 501 303 64 201 2.634582 
64 201 228 155 1.000000 228 155 300 317 1.040805 300 317 64 201 1.543880 
64 201 228 155 1.000000 228 155 267 427 1.613240 267 427 64 201 1.783515 
228 155 64 201 1.000000 64 201 201 451 1.673685 201 451 228 155 1.745027 
228 155 248 231 1.000000 248 231 436 245 2.398861 436 245 228 155 2.883871 
228 155 248 231 1.000000 248 231 467 266 2.822066 467 266 228 155 3.353185 
228 155 248 231 1.000000 248 231 512 279 3.414386 512 279 228 155 3.943250 
228 155 248 231 1.000000 248 231 501 303 3.347167 501 303 228 155 3.951475 
228 155 248 231 1.000000 248 231 300 317 1.278813 300 317 228 155 2.255821 
228 155 248 231 1.000000 248 231 267 427 2.505725 267 427 228 155 3.496505 
228 155 248 231 1.000000 248 231 201 451 2.862597 201 451 228 155 3.782138 
467 266 436 245 1.000000 436 245 228 155 6.052787 228 155 467 266 7.037803 
512 279 436 245 1.000000 436 245 228 155 2.722075 228 155 512 279 3.722020 
501 303 436 245 1.000000 436 245 228 155 2.601580 228 155 501 303 3.564680 
436 245 300 317 1.000000 300 317 228 155 1.152040 228 155 436 245 1.472782 
228 155 436 245 1.000000 436 245 267 427 1.095873 267 427 228 155 1.212435 
436 245 228 155 1.000000 228 155 201 451 1.311480 201 451 436 245 1.378895 
512 279 467 266 1.000000 467 266 228 155 5.625910 228 155 512 279 6.615911 
501 303 467 266 1.000000 467 266 228 155 5.244214 228 155 501 303 6.179910 
467 266 300 317 1.000000 300 317 228 155 1.015266 228 155 467 266 1.509150 
267 427 467 266 1.000000 467 266 228 155 1.026359 228 155 267 427 1.070227 
467 266 228 155 1.000000 228 155 201 451 1.127924 201 451 467 266 1.229544 
501 303 512 279 1.000000 512 279 228 155 11.737932 228 155 501 303 11.762414 
228 155 300 317 1.000000 300 317 512 279 1.214911 512 279 228 155 1.748033 
228 155 267 427 1.000000 267 427 512 279 1.041672 512 279 228 155 1.127769 
201 451 228 155 1.000000 228 155 512 279 1.042598 512 279 201 451 1.195692 
228 155 300 317 1.000000 300 317 501 303 1.136550 501 303 228 155 1.751679 
501 303 267 427 1.000000 267 427 228 155 1.037599 228 155 501 303 1.172613 
201 451 228 155 1.000000 228 155 501 303 1.044773 501 303 201 451 1.125465 
267 427 300 317 1.000000 300 317 228 155 1.543663 228 155 267 427 2.392665 
201 451 300 317 1.000000 300 317 228 155 1.064075 228 155 201 451 1.784041 
201 451 267 427 1.000000 267 427 228 155 3.912698 228 155 201 451 4.232329 
253 156 234 195 1.000000 234 195 127 180 2.490577 127 180 253 156 2.956647 
64 201 127 180 1.000000 127 180 253 156 1.931479 253 156 64 201 2.925608 
248 231 253 156 1.000000 253 156 127 180 1.706417 127 180 248 231 1.746906 
127 180 253 156 1.000000 253 156 436 245 1.586512 436 245 127 180 2.461792 
127 180 253 156 1.000000 253 156 467 266 1.875923 467 266 127 180 2.734237 
127 180 253 156 1.000000 253 156 512 279 2.235388 512 279 127 180 3.099238 
127 180 253 156 1.000000 253 156 501 303 2.247632 501 303 127 180 3.069471 
127 180 253 156 1.000000 253 156 300 317 1.307602 300 317 127 180 1.720466 
127 180 253 156 1.000000 253 156 267 427 2.115625 267 427 127 180 2.213515 
253 156 127 180 1.000000 127 180 201 451 2.190160 201 451 253 156 2.335377 
253 156 234 195 1.000000 234 195 64 201 3.921114 64 201 253 156 4.478429 
248 231 234 195 1.000000 234 195 253 156 1.123118 253 156 248 231 1.945986 
234 195 253 156 1.000000 253 156 436 245 4.690756 436 245 234 195 4.796829 
234 195 253 156 1.000000 253 156 467 266 5.546442 467 266 234 195 5.614710 
234 195 253 156 1.000000 253 156 512 279 6.609255 512 279 234 195 6.694328 
253 156 234 195 1.000000 234 195 501 303 6.639055 501 303 253 156 6.645454 
253 156 234 195 1.000000 234 195 300 317 3.197369 300 317 253 156 3.866118 
253 156 234 195 1.000000 234 195 267 427 5.401667 267 427 253 156 6.255157 
253 156 234 195 1.000000 234 195 201 451 5.949888 201 451 253 156 6.904887 
253 156 248 231 1.000000 248 231 64 201 2.480223 64 201 253 156 2.584707 
64 201 253 156 1.000000 253 156 436 245 1.047411 436 245 64 201 1.928077 
64 201 253 156 1.000000 253 156 467 266 1.238479 467 266 64 201 2.101098 
64 201 253 156 1.000000 253 156 512 279 1.475798 512 279 64 201 2.340600 
64 201 253 156 1.000000 253 156 501 303 1.483881 501 303 64 201 2.309751 
300 317 253 156 1.000000 253 156 64 201 1.158379 64 201 300 317 1.567897 
64 201 253 156 1.000000 253 156 267 427 1.396730 267 427 64 201 1.563616 
253 156 64 201 1.000000 64 201 201 451 1.467327 201 451 253 156 1.541810 
253 156 248 231 1.000000 248 231 436 245 2.508040 436 245 253 156 2.707250 
253 156 248 231 1.000000 248 231 467 266 2.950506 467 266 253 156 3.201106 
253 156 248 231 1.000000 248 231 512 279 3.569785 512 279 253 156 3.814504 
253 156 248 231 1.000000 248 231 501 303 3.499507 501 303 253 156 3.835396 
253 156 248 231 1.000000 248 231 300 317 1.337016 300 317 253 156 2.231314 
253 156 248 231 1.000000 248 231 267 427 2.619768 267 427 253 156 3.610138 
253 156 248 231 1.000000 248 231 201 451 2.992882 201 451 253 156 3.985127 
467 266 436 245 1.000000 436 245 253 156 5.434738 253 156 467 266 6.426141 
512 279 436 245 1.000000 436 245 253 156 2.444125 253 156 512 279 3.443761 
501 303 436 245 1.000000 436 245 253 156 2.335933 253 156 501 303 3.309346 
436 245 300 317 1.000000 300 317 253 156 1.089918 253 156 436 245 1.322397 
253 156 436 245 1.000000 436 245 267 427 1.220498 267 427 253 156 1.333507 
436 245 253 156 1.000000 253 156 201 451 1.472020 201 451 436 245 1.535706 
512 279 467 266 1.000000 467 266 253 156 5.136957 253 156 512 279 6.121305 
501 303 467 266 1.000000 467 266 253 156 4.788435 253 156 501 303 5.737250 
253 156 300 317 1.000000 300 317 467 266 1.041103 467 266 253 156 1.434628 
253 156 467 266 1.000000 467 266 267 427 1.067057 267 427 253 156 1.127778 
467 266 253 156 1.000000 253 156 201 451 1.244922 201 451 467 266 1.346577 
501 303 512 279 1.000000 512 279 253 156 10.860403 253 156 501 303 10.919886 
253 156 300 317 1.000000 300 317 512 279 1.284157 512 279 253 156 1.709533 
253 156 267 427 1.000000 267 427 512 279 1.054802 512 279 253 156 1.056609 
512 279 253 156 1.000000 253 156 201 451 1.044730 201 451 512 279 1.239504 
253 156 300 317 1.000000 300 317 501 303 1.201329 501 303 253 156 1.718896 
501 303 267 427 1.000000 267 427 253 156 1.024684 253 156 501 303 1.088620 
501 303 253 156 1.000000 253 156 201 451 1.039039 201 451 501 303 1.160348 
267 427 300 317 1.000000 300 317 253 156 1.460424 253 156 267 427 2.362882 
201 451 300 317 1.000000 300 317 253 156 1.006697 253 156 201 451 1.797961 
201 451 267 427 1.000000 267 427 253 156 3.863995 253 156 201 451 4.265352 
64 201 127 180 1.000000 127 180 234 195 1.627011 234 195 64 201 2.561533 
248 231 234 195 1.000000 234 195 127 180 2.797212 127 180 248 231 3.399456 
127 180 234 195 1.000000 234 195 436 245 1.925991 436 245 127 180 2.922475 
127 180 234 195 1.000000 234 195 467 266 2.254381 467 266 127 180 3.245904 
127 180 234 195 1.000000 234 195 512 279 2.687862 512 279 127 180 3.679209 
127 180 234 195 1.000000 234 195 501 303 2.665669 501 303 127 180 3.643871 
127 180 234 195 1.000000 234 195 300 317 1.283786 300 317 127 180 2.042423 
127 180 234 195 1.000000 234 195 267 427 2.168841 267 427 127 180 2.627737 
127 180 234 195 1.000000 234 195 201 451 2.388959 201 451 127 180 2.600013 
64 201 127 180 1.000000 127 180 248 231 1.977309 248 231 64 201 2.807344 
64 201 127 180 1.000000 127 180 436 245 4.754900 436 245 64 201 5.640797 
64 201 127 180 1.000000 127 180 467 266 5.281122 467 266 64 201 6.146990 
64 201 127 180 1.000000 127 180 512 279 5.986114 512 279 64 201 6.847679 
64 201 127 180 1.000000 127 180 501 303 5.928619 501 303 64 201 6.757426 
64 201 127 180 1.000000 127 180 300 317 3.323045 300 317 64 201 3.959890 
64 201 127 180 1.000000 127 180 267 427 4.275358 267 427 64 201 4.574528 
64 201 127 180 1.000000 127 180 201 451 4.230250 201 451 64 201 4.292825 
127 180 248 231 1.000000 248 231 436 245 1.435704 436 245 127 180 2.404733 
127 180 248 231 1.000000 248 231 467 266 1.688989 467 266 127 180 2.670863 
127 180 248 231 1.000000 248 231 512 279 2.043490 512 279 127 180 3.027405 
127 180 248 231 1.000000 248 231 501 303 2.003260 501 303 127 180 2.998327 
300 317 248 231 1.000000 248 231 127 180 1.306571 127 180 300 317 2.195811 
127 180 248 231 1.000000 248 231 267 427 1.499662 267 427 127 180 2.162210 
127 180 248 231 1.000000 248 231 201 451 1.713247 201 451 127 180 2.139397 
467 266 436 245 1.000000 436 245 127 180 8.433088 127 180 467 266 9.366374 
512 279 436 245 1.000000 436 245 127 180 3.792550 127 180 512 279 4.774578 
501 303 436 245 1.000000 436 245 127 180 3.624669 127 180 501 303 4.519398 
436 245 300 317 1.000000 300 317 127 180 1.434051 127 180 436 245 2.051964 
436 245 267 427 1.000000 267 427 127 180 1.143147 127 180 436 245 1.271367 
127 180 201 451 1.000000 201 451 436 245 1.112437 436 245 127 180 1.124023 
512 279 467 266 1.000000 467 266 127 180 7.487334 127 180 512 279 8.486839 
501 303 467 266 1.000000 467 266 127 180 6.979347 127 180 501 303 7.835057 
467 266 300 317 1.000000 300 317 127 180 1.263796 127 180 467 266 2.008477 
467 266 267 427 1.000000 267 427 127 180 1.105808 127 180 467 266 1.365946 
127 180 201 451 1.000000 201 451 467 266 1.153374 467 266 127 180 1.248419 
512 279 501 303 1.000000 501 303 127 180 14.912706 127 180 512 279 15.057327 
512 279 300 317 1.000000 300 317 127 180 1.024596 127 180 512 279 1.845701 
127 180 267 427 1.000000 267 427 512 279 1.008154 512 279 127 180 1.400143 
127 180 201 451 1.000000 201 451 512 279 1.265100 512 279 127 180 1.415073 
501 303 300 317 1.000000 300 317 127 180 1.095238 127 180 501 303 1.954006 
501 303 267 427 1.000000 267 427 127 180 1.072096 127 180 501 303 1.486671 
127 180 201 451 1.000000 201 451 501 303 1.190796 501 303 127 180 1.401482 
267 427 300 317 1.000000 300 317 127 180 1.921541 127 180 267 427 2.472213 
201 451 300 317 1.000000 300 317 127 180 1.324553 127 180 201 451 1.686161 
267 427 201 451 1.000000 201 451 127 180 4.000127 127 180 267 427 4.042781 
248 231 234 195 1.000000 234 195 64 201 4.403874 64 201 248 231 4.826480 
64 201 234 195 1.000000 234 195 436 245 1.223333 436 245 64 201 2.202118 
64 201 234 195 1.000000 234 195 467 266 1.431917 467 266 64 201 2.399731 
64 201 234 195 1.000000 234 195 512 279 1.707252 512 279 64 201 2.673274 
64 201 234 195 1.000000 234 195 501 303 1.693155 501 303 64 201 2.638040 
300 317 234 195 1.000000 234 195 64 201 1.226356 64 201 300 317 1.895832 
64 201 234 195 1.000000 234 195 267 427 1.377585 267 427 64 201 1.785855 
64 201 234 195 1.000000 234 195 201 451 1.517397 201 451 64 201 1.675881 
234 195 248 231 1.000000 248 231 436 245 4.880612 436 245 234 195 5.387405 
234 195 248 231 1.000000 248 231 467 266 5.741645 467 266 234 195 6.305983 
234 195 248 231 1.000000 248 231 512 279 6.946753 512 279 234 195 7.518520 
234 195 248 231 1.000000 248 231 501 303 6.809993 501 303 234 195 7.456442 
234 195 248 231 1.000000 248 231 300 317 2.601814 300 317 234 195 3.591022 
234 195 248 231 1.000000 248 231 267 427 5.098034 267 427 234 195 6.066709 
234 195 248 231 1.000000 248 231 201 451 5.824109 201 451 234 195 6.682427 
467 266 436 245 1.000000 436 245 234 195 5.557635 234 195 467 266 6.505238 
512 279 436 245 1.000000 436 245 234 195 2.499394 234 195 512 279 3.488089 
501 303 436 245 1.000000 436 245 234 195 2.388756 234 195 501 303 3.306159 
234 195 300 317 1.000000 300 317 436 245 1.109400 436 245 234 195 1.500243 
436 245 234 195 1.000000 234 195 267 427 1.126091 267 427 436 245 1.193509 
436 245 234 195 1.000000 234 195 201 451 1.240380 201 451 436 245 1.501746 
512 279 467 266 1.000000 467 266 234 195 5.200186 234 195 512 279 6.200097 
501 303 467 266 1.000000 467 266 234 195 4.847373 234 195 501 303 5.731725 
234 195 300 317 1.000000 300 317 467 266 1.258856 467 266 234 195 1.756041 
267 427 234 195 1.000000 234 195 467 266 1.039440 467 266 267 427 1.095656 
467 266 234 195 1.000000 234 195 201 451 1.059696 201 451 467 266 1.330204 
512 279 501 303 1.000000 501 303 234 195 10.909370 234 195 512 279 11.000196 
234 195 300 317 1.000000 300 317 512 279 1.552746 512 279 234 195 2.093699 
234 195 267 427 1.000000 267 427 512 279 1.221466 512 279 234 195 1.239308 
201 451 234 195 1.000000 234 195 512 279 1.125118 512 279 201 451 1.376866 
234 195 300 317 1.000000 300 317 501 303 1.452595 501 303 234 195 2.076412 
234 195 267 427 1.000000 267 427 501 303 1.130110 501 303 234 195 1.229075 
201 451 234 195 1.000000 234 195 501 303 1.115828 501 303 201 451 1.295998 
267 427 300 317 1.000000 300 317 234 195 1.207804 234 195 267 427 2.040477 
234 195 300 317 1.000000 300 317 201 451 1.201113 201 451 234 195 1.860870 
201 451 267 427 1.000000 267 427 234 195 3.336768 234 195 201 451 3.675421 
64 201 248 231 1.000000 248 231 436 245 1.011216 436 245 64 201 2.009301 
64 201 248 231 1.000000 248 231 467 266 1.189613 467 266 64 201 2.189611 
64 201 248 231 1.000000 248 231 512 279 1.439300 512 279 64 201 2.439202 
64 201 248 231 1.000000 248 231 501 303 1.410965 501 303 64 201 2.407053 
300 317 248 231 1.000000 248 231 64 201 1.855044 64 201 300 317 2.616626 
64 201 248 231 1.000000 248 231 267 427 1.056263 267 427 64 201 1.629486 
64 201 248 231 1.000000 248 231 201 451 1.206699 201 451 64 201 1.529141 
467 266 436 245 1.000000 436 245 64 201 10.004279 64 201 467 266 10.902041 
512 279 436 245 1.000000 436 245 64 201 4.499150 64 201 512 279 5.461770 
501 303 436 245 1.000000 436 245 64 201 4.299991 64 201 501 303 5.151199 
436 245 300 317 1.000000 300 317 64 201 1.708880 64 201 436 245 2.434271 
436 245 267 427 1.000000 267 427 64 201 1.223139 64 201 436 245 1.508238 
64 201 201 451 1.000000 201 451 436 245 1.096221 436 245 64 201 1.314006 
512 279 467 266 1.000000 467 266 64 201 8.714922 64 201 512 279 9.708326 
501 303 467 266 1.000000 467 266 64 201 8.123648 64 201 501 303 8.930380 
467 266 300 317 1.000000 300 317 64 201 1.505995 64 201 467 266 2.337777 
467 266 267 427 1.000000 267 427 64 201 1.183188 64 201 467 266 1.589900 
64 201 201 451 1.000000 201 451 467 266 1.136561 467 266 64 201 1.431922 
512 279 501 303 1.000000 501 303 64 201 16.997468 64 201 512 279 17.224486 
512 279 300 317 1.000000 300 317 64 201 1.220955 64 201 512 279 2.111348 
512 279 267 427 1.000000 267 427 64 201 1.061321 64 201 512 279 1.588707 
64 201 201 451 1.000000 201 451 512 279 1.246659 512 279 64 201 1.595145 
501 303 300 317 1.000000 300 317 64 201 1.305135 64 201 501 303 2.227171 
501 303 267 427 1.000000 267 427 64 201 1.147116 64 201 501 303 1.694504 
64 201 201 451 1.000000 201 451 501 303 1.173439 501 303 64 201 1.574121 
267 427 300 317 1.000000 300 317 64 201 2.289794 64 201 267 427 2.645207 
201 451 300 317 1.000000 300 317 64 201 1.578397 64 201 201 451 1.711103 
267 427 201 451 1.000000 201 451 64 201 4.059298 64 201 267 427 4.325676 
467 266 436 245 1.000000 436 245 248 231 5.034829 248 231 467 266 5.923068 
512 279 436 245 1.000000 436 245 248 231 2.264276 248 231 512 279 3.222827 
501 303 436 245 1.000000 436 245 248 231 2.164046 248 231 501 303 3.019526 
248 231 300 317 1.000000 300 317 436 245 1.531194 436 245 248 231 1.875850 
436 245 248 231 1.000000 248 231 267 427 1.044548 267 427 436 245 1.317441 
436 245 248 231 1.000000 248 231 201 451 1.193315 201 451 436 245 1.657684 
512 279 467 266 1.000000 467 266 248 231 4.734809 248 231 512 279 5.728593 
501 303 467 266 1.000000 467 266 248 231 4.413570 248 231 501 303 5.234804 
248 231 300 317 1.000000 300 317 467 266 1.737473 467 266 248 231 2.206785 
267 427 248 231 1.000000 248 231 467 266 1.126247 467 266 267 427 1.303841 
467 266 248 231 1.000000 248 231 201 451 1.014362 201 451 467 266 1.460947 
512 279 501 303 1.000000 501 303 248 231 9.963563 248 231 512 279 10.163654 
248 231 300 317 1.000000 300 317 512 279 2.143099 512 279 248 231 2.669965 
267 427 248 231 1.000000 248 231 512 279 1.362634 512 279 267 427 1.453556 
201 451 248 231 1.000000 248 231 512 279 1.192758 512 279 201 451 1.579779 
248 231 300 317 1.000000 300 317 501 303 2.004870 501 303 248 231 2.617402 
267 427 248 231 1.000000 248 231 501 303 1.335808 501 303 267 427 1.344841 
201 451 248 231 1.000000 248 231 501 303 1.169276 501 303 201 451 1.486993 
248 231 300 317 1.000000 300 317 267 427 1.142734 267 427 248 231 1.959415 
248 231 300 317 1.000000 300 317 201 451 1.657775 201 451 248 231 2.238480 
201 451 267 427 1.000000 267 427 248 231 2.803984 248 231 201 451 3.203335 
436 245 467 266 1.000000 467 266 512 279 1.250963 512 279 436 245 2.223593 
436 245 467 266 1.000000 467 266 501 303 1.342013 501 303 436 245 2.326581 
467 266 436 245 1.000000 436 245 300 317 4.109764 300 317 467 266 4.663422 
467 266 436 245 1.000000 436 245 267 427 6.633088 267 427 467 266 6.857059 
467 266 436 245 1.000000 436 245 201 451 8.346158 201 451 467 266 8.653292 
501 303 512 279 1.000000 512 279 436 245 3.153646 436 245 501 303 3.299711 
512 279 436 245 1.000000 436 245 300 317 1.848254 300 317 512 279 2.586864 
512 279 436 245 1.000000 436 245 267 427 2.983050 267 427 512 279 3.437871 
512 279 436 245 1.000000 436 245 201 451 3.753456 201 451 512 279 4.268556 
501 303 436 245 1.000000 436 245 300 317 1.766439 300 317 501 303 2.312888 
501 303 436 245 1.000000 436 245 267 427 2.851002 267 427 501 303 3.039946 
501 303 436 245 1.000000 436 245 201 451 3.587305 201 451 501 303 3.839994 
267 427 300 317 1.000000 300 317 436 245 1.339939 436 245 267 427 2.162638 
436 245 300 317 1.000000 300 317 201 451 1.082668 201 451 436 245 2.030812 
201 451 267 427 1.000000 267 427 436 245 3.536537 436 245 201 451 4.449888 
501 303 512 279 1.000000 512 279 467 266 1.774197 467 266 501 303 1.903331 
512 279 467 266 1.000000 467 266 300 317 3.727867 300 317 512 279 4.598165 
512 279 467 266 1.000000 467 266 267 427 5.481426 267 427 512 279 6.110834 
512 279 467 266 1.000000 467 266 201 451 6.917307 201 451 512 279 7.587382 
501 303 467 266 1.000000 467 266 300 317 3.474946 300 317 501 303 4.009741 
501 303 467 266 1.000000 467 266 267 427 5.109533 267 427 501 303 5.270204 
501 303 467 266 1.000000 467 266 201 451 6.447995 201 451 501 303 6.657208 
267 427 300 317 1.000000 300 317 467 266 1.520452 467 266 267 427 2.235661 
201 451 300 317 1.000000 300 317 467 266 1.048075 467 266 201 451 1.944774 
201 451 267 427 1.000000 267 427 467 266 3.655951 467 266 201 451 4.613641 
512 279 501 303 1.000000 501 303 300 317 7.631863 300 317 512 279 8.158051 
512 279 501 303 1.000000 501 303 267 427 10.030942 267 427 512 279 10.841826 
512 279 501 303 1.000000 501 303 201 451 12.670869 201 451 512 279 13.461513 
267 427 300 317 1.000000 300 317 512 279 1.875413 512 279 267 427 2.492372 
201 451 300 317 1.000000 300 317 512 279 1.292756 512 279 201 451 2.133163 
201 451 267 427 1.000000 267 427 512 279 4.075748 512 279 201 451 5.060562 
267 427 300 317 1.000000 300 317 501 303 1.754450 501 303 267 427 2.305962 
201 451 300 317 1.000000 300 317 501 303 1.209374 501 303 201 451 2.007874 
201 451 267 427 1.000000 267 427 501 303 3.770914 501 303 201 451 4.763337 
201 451 267 427 1.000000 267 427 300 317 1.635289 300 317 201 451 2.372328 