Draco
11 11 165
0 693 58 
1 647 122 
2 599 260 
3 325 271 
4 384 343 
5 205 354 
6 492 376 
7 422 387 
8 234 395 
9 163 417 
10 223 434 
0 1
1 2
2 6
3 4
3 5
4 7
5 8
5 9
6 7
8 10
9 10
693 58 647 122 1.000000 647 122 599 260 1.853800 599 260 693 58 2.826833 
693 58 647 122 1.000000 647 122 325 271 4.501645 325 271 693 58 5.394797 
693 58 647 122 1.000000 647 122 384 343 4.358567 384 343 693 58 5.333471 
693 58 647 122 1.000000 647 122 205 354 6.333559 205 354 693 58 7.241577 
693 58 647 122 1.000000 647 122 492 376 3.775344 492 376 693 58 4.773104 
693 58 647 122 1.000000 647 122 422 387 4.410701 422 387 693 58 5.408044 
693 58 647 122 1.000000 647 122 234 395 6.281367 234 395 693 58 7.224774 
693 58 647 122 1.000000 647 122 163 417 7.191621 163 417 693 58 8.121948 
693 58 647 122 1.000000 647 122 223 434 6.679104 223 434 693 58 7.636671 
693 58 599 260 1.000000 599 260 325 271 1.230791 325 271 693 58 1.908424 
693 58 599 260 1.000000 599 260 384 343 1.034400 384 343 693 58 1.886730 
693 58 599 260 1.000000 599 260 205 354 1.818031 205 354 693 58 2.561728 
492 376 599 260 1.000000 599 260 693 58 1.411798 693 58 492 376 2.383819 
422 387 599 260 1.000000 599 260 693 58 1.022730 693 58 422 387 1.956596 
693 58 599 260 1.000000 599 260 234 395 1.746702 234 395 693 58 2.555784 
693 58 599 260 1.000000 599 260 163 417 2.079915 163 417 693 58 2.873161 
693 58 599 260 1.000000 599 260 223 434 1.859553 223 434 693 58 2.701493 
325 271 384 343 1.000000 384 343 693 58 4.515869 693 58 325 271 4.567794 
205 354 325 271 1.000000 325 271 693 58 2.914159 693 58 205 354 3.911751 
325 271 492 376 1.000000 492 376 693 58 1.907057 693 58 325 271 2.155450 
422 387 325 271 1.000000 325 271 693 58 2.811935 693 58 422 387 2.818839 
234 395 325 271 1.000000 325 271 693 58 2.764464 693 58 234 395 3.702202 
163 417 325 271 1.000000 325 271 693 58 1.949709 693 58 163 417 2.935317 
223 434 325 271 1.000000 325 271 693 58 2.211304 693 58 223 434 3.130239 
205 354 384 343 1.000000 384 343 693 58 2.343981 693 58 205 354 3.182566 
384 343 492 376 1.000000 492 376 693 58 3.331274 693 58 384 343 3.722369 
422 387 384 343 1.000000 384 343 693 58 7.230483 693 58 422 387 7.331580 
234 395 384 343 1.000000 384 343 693 58 2.647835 693 58 234 395 3.586784 
163 417 384 343 1.000000 384 343 693 58 1.803673 693 58 163 417 2.746680 
223 434 384 343 1.000000 384 343 693 58 2.273002 693 58 223 434 3.254573 
205 354 492 376 1.000000 492 376 693 58 1.306961 693 58 205 354 1.982872 
205 354 422 387 1.000000 422 387 693 58 1.941921 693 58 205 354 2.600306 
205 354 234 395 1.000000 234 395 693 58 11.338809 693 58 205 354 11.365180 
163 417 205 354 1.000000 205 354 693 58 7.538031 693 58 163 417 8.454442 
223 434 205 354 1.000000 205 354 693 58 6.960413 693 58 223 434 7.340167 
422 387 492 376 1.000000 492 376 693 58 5.309107 693 58 422 387 6.015349 
234 395 492 376 1.000000 492 376 693 58 1.454194 693 58 234 395 2.201131 
163 417 492 376 1.000000 492 376 693 58 1.134682 693 58 163 417 1.930784 
223 434 492 376 1.000000 492 376 693 58 1.367089 693 58 223 434 2.187259 
234 395 422 387 1.000000 422 387 693 58 2.265193 693 58 234 395 3.026142 
163 417 422 387 1.000000 422 387 693 58 1.634791 693 58 163 417 2.455173 
223 434 422 387 1.000000 422 387 693 58 2.084567 693 58 223 434 2.943606 
163 417 234 395 1.000000 234 395 693 58 7.660795 693 58 163 417 8.612114 
223 434 234 395 1.000000 234 395 693 58 14.052494 693 58 223 434 14.853651 
163 417 223 434 1.000000 223 434 693 58 9.651633 693 58 163 417 10.264952 
647 122 599 260 1.000000 599 260 325 271 1.876816 325 271 647 122 2.428334 
647 122 599 260 1.000000 599 260 384 343 1.577342 384 343 647 122 2.351153 
647 122 599 260 1.000000 599 260 205 354 2.772290 205 354 647 122 3.416528 
647 122 599 260 1.000000 599 260 492 376 1.080102 492 376 647 122 2.036543 
647 122 599 260 1.000000 599 260 422 387 1.490995 422 387 647 122 2.379275 
647 122 599 260 1.000000 599 260 234 395 2.663520 234 395 647 122 3.388374 
647 122 599 260 1.000000 599 260 163 417 3.171633 163 417 647 122 3.879394 
647 122 599 260 1.000000 599 260 223 434 2.835606 223 434 647 122 3.602926 
325 271 384 343 1.000000 384 343 647 122 3.690414 647 122 325 271 3.811560 
205 354 325 271 1.000000 325 271 647 122 2.431696 647 122 205 354 3.421259 
325 271 492 376 1.000000 492 376 647 122 1.508410 647 122 325 271 1.798598 
325 271 422 387 1.000000 422 387 647 122 2.298993 647 122 325 271 2.346396 
234 395 325 271 1.000000 325 271 647 122 2.306785 647 122 234 395 3.218771 
163 417 325 271 1.000000 325 271 647 122 1.626920 647 122 163 417 2.599092 
223 434 325 271 1.000000 325 271 647 122 1.845205 647 122 223 434 2.737736 
205 354 384 343 1.000000 384 343 647 122 1.915525 647 122 205 354 2.783505 
384 343 492 376 1.000000 492 376 647 122 2.634911 647 122 384 343 3.041958 
422 387 384 343 1.000000 384 343 647 122 5.908824 647 122 422 387 5.979501 
234 395 384 343 1.000000 384 343 647 122 2.163838 647 122 234 395 3.118424 
163 417 384 343 1.000000 384 343 647 122 1.473980 647 122 163 417 2.432062 
223 434 384 343 1.000000 384 343 647 122 1.857521 647 122 223 434 2.846480 
205 354 492 376 1.000000 492 376 647 122 1.033756 647 122 205 354 1.734241 
205 354 422 387 1.000000 422 387 647 122 1.583795 647 122 205 354 2.274255 
205 354 234 395 1.000000 234 395 647 122 9.858194 647 122 205 354 9.940106 
163 417 205 354 1.000000 205 354 647 122 6.592841 647 122 163 417 7.486030 
223 434 205 354 1.000000 205 354 647 122 6.087650 647 122 223 434 6.419779 
422 387 492 376 1.000000 492 376 647 122 4.199302 647 122 422 387 4.906008 
234 395 492 376 1.000000 492 376 647 122 1.150212 647 122 234 395 1.913708 
647 122 492 376 1.000000 492 376 163 417 1.114218 163 417 647 122 1.904892 
223 434 492 376 1.000000 492 376 647 122 1.081316 647 122 223 434 1.912997 
234 395 422 387 1.000000 422 387 647 122 1.847450 647 122 234 395 2.630990 
163 417 422 387 1.000000 422 387 647 122 1.333305 647 122 163 417 2.173946 
223 434 422 387 1.000000 422 387 647 122 1.700134 647 122 223 434 2.574506 
163 417 234 395 1.000000 234 395 647 122 6.660453 647 122 163 417 7.625641 
223 434 234 395 1.000000 234 395 647 122 12.217527 647 122 223 434 12.991143 
163 417 223 434 1.000000 223 434 647 122 8.441409 647 122 163 417 9.089156 
325 271 384 343 1.000000 384 343 599 260 2.475827 599 260 325 271 2.945886 
205 354 325 271 1.000000 325 271 599 260 1.879415 599 260 205 354 2.776129 
599 260 492 376 1.000000 492 376 325 271 1.249999 325 271 599 260 1.737629 
325 271 422 387 1.000000 422 387 599 260 1.440685 599 260 325 271 1.813488 
234 395 325 271 1.000000 325 271 599 260 1.782873 599 260 234 395 2.530200 
163 417 325 271 1.000000 325 271 599 260 1.257417 599 260 163 417 2.124910 
223 434 325 271 1.000000 325 271 599 260 1.426126 599 260 223 434 2.154677 
205 354 384 343 1.000000 384 343 599 260 1.285088 599 260 205 354 2.258633 
384 343 492 376 1.000000 492 376 599 260 1.397453 599 260 384 343 2.040790 
384 343 422 387 1.000000 422 387 599 260 3.747109 599 260 384 343 3.964114 
234 395 384 343 1.000000 384 343 599 260 1.451676 599 260 234 395 2.451319 
599 260 384 343 1.000000 384 343 163 417 1.011261 163 417 599 260 2.010745 
223 434 384 343 1.000000 384 343 599 260 1.246174 599 260 223 434 2.240261 
599 260 492 376 1.000000 492 376 205 354 1.823941 205 354 599 260 2.566693 
599 260 422 387 1.000000 422 387 205 354 1.007557 205 354 599 260 1.859356 
205 354 234 395 1.000000 234 395 599 260 7.749293 599 260 205 354 8.065749 
163 417 205 354 1.000000 205 354 599 260 5.349661 599 260 163 417 6.120270 
223 434 205 354 1.000000 205 354 599 260 4.939732 599 260 223 434 5.052550 
422 387 492 376 1.000000 492 376 599 260 2.227143 599 260 422 387 3.074395 
599 260 492 376 1.000000 492 376 234 395 1.639272 234 395 599 260 2.465990 
599 260 492 376 1.000000 492 376 163 417 2.100869 163 417 599 260 2.936421 
599 260 492 376 1.000000 492 376 223 434 1.743718 223 434 599 260 2.625313 
234 395 422 387 1.000000 422 387 599 260 1.157721 599 260 234 395 2.068159 
599 260 422 387 1.000000 422 387 163 417 1.196848 163 417 599 260 2.127193 
223 434 422 387 1.000000 422 387 599 260 1.065405 599 260 223 434 2.026210 
163 417 234 395 1.000000 234 395 599 260 5.235625 599 260 163 417 6.234410 
223 434 234 395 1.000000 234 395 599 260 9.603910 599 260 223 434 10.224401 
163 417 223 434 1.000000 223 434 599 260 6.643630 599 260 163 417 7.430920 
384 343 325 271 1.000000 325 271 205 354 1.567449 205 354 384 343 1.926581 
325 271 384 343 1.000000 384 343 492 376 1.213171 492 376 325 271 2.119184 
422 387 384 343 1.000000 384 343 325 271 1.601128 325 271 422 387 2.600922 
384 343 325 271 1.000000 325 271 234 395 1.652325 234 395 384 343 1.705495 
384 343 325 271 1.000000 325 271 163 417 2.342808 163 417 384 343 2.503708 
325 271 384 343 1.000000 384 343 223 434 1.986742 223 434 325 271 2.065656 
205 354 325 271 1.000000 325 271 492 376 1.351996 492 376 205 354 1.972770 
205 354 325 271 1.000000 325 271 422 387 1.036354 422 387 205 354 1.504343 
234 395 205 354 1.000000 205 354 325 271 2.905394 325 271 234 395 3.062720 
163 417 205 354 1.000000 205 354 325 271 1.927022 325 271 163 417 2.880248 
223 434 205 354 1.000000 205 354 325 271 1.779360 325 271 223 434 2.344922 
492 376 422 387 1.000000 422 387 325 271 2.133981 325 271 492 376 2.783927 
234 395 325 271 1.000000 325 271 492 376 1.282546 492 376 234 395 1.681955 
492 376 325 271 1.000000 325 271 163 417 1.105524 163 417 492 376 1.680697 
223 434 325 271 1.000000 325 271 492 376 1.025913 492 376 223 434 1.431124 
422 387 325 271 1.000000 325 271 234 395 1.017172 234 395 422 387 1.244415 
422 387 325 271 1.000000 325 271 163 417 1.442233 163 417 422 387 1.724282 
422 387 325 271 1.000000 325 271 223 434 1.271618 223 434 422 387 1.352242 
163 417 234 395 1.000000 234 395 325 271 2.069253 325 271 163 417 2.933964 
223 434 234 395 1.000000 234 395 325 271 3.795712 325 271 223 434 4.745214 
163 417 223 434 1.000000 223 434 325 271 3.083354 325 271 163 417 3.497051 
492 376 384 343 1.000000 384 343 205 354 1.588054 205 354 492 376 2.548871 
422 387 384 343 1.000000 384 343 205 354 3.084702 205 354 422 387 3.775427 
205 354 234 395 1.000000 234 395 384 343 3.161274 384 343 205 354 3.571075 
163 417 205 354 1.000000 205 354 384 343 2.368539 384 343 163 417 3.078059 
223 434 205 354 1.000000 205 354 384 343 2.187045 384 343 223 434 2.255339 
384 343 422 387 1.000000 422 387 492 376 1.218812 492 376 384 343 1.942441 
492 376 384 343 1.000000 384 343 234 395 1.405816 234 395 492 376 2.290804 
492 376 384 343 1.000000 384 343 163 417 2.063772 163 417 492 376 2.935865 
492 376 384 343 1.000000 384 343 223 434 1.637644 223 434 492 376 2.436764 
422 387 384 343 1.000000 384 343 234 395 2.730715 234 395 422 387 3.236625 
422 387 384 343 1.000000 384 343 163 417 4.008755 163 417 422 387 4.484721 
422 387 384 343 1.000000 384 343 223 434 3.181027 223 434 422 387 3.517076 
163 417 234 395 1.000000 234 395 384 343 2.135839 384 343 163 417 3.135463 
223 434 234 395 1.000000 234 395 384 343 3.917853 384 343 223 434 4.563932 
163 417 223 434 1.000000 223 434 384 343 2.965560 384 343 163 417 3.737222 
492 376 422 387 1.000000 422 387 205 354 3.097628 205 354 492 376 4.062179 
205 354 234 395 1.000000 234 395 492 376 5.151357 492 376 205 354 5.731675 
163 417 205 354 1.000000 205 354 492 376 3.801571 492 376 163 417 4.378762 
205 354 223 434 1.000000 223 434 492 376 3.355875 492 376 205 354 3.510268 
205 354 234 395 1.000000 234 395 422 387 3.746952 422 387 205 354 4.370708 
163 417 205 354 1.000000 205 354 422 387 2.898901 422 387 163 417 3.443522 
205 354 223 434 1.000000 223 434 422 387 2.493597 422 387 205 354 2.676767 
205 354 234 395 1.000000 234 395 163 417 1.480109 163 417 205 354 1.507712 
223 434 234 395 1.000000 234 395 205 354 1.239327 205 354 223 434 2.023612 
223 434 163 417 1.000000 163 417 205 354 1.214149 205 354 223 434 1.314907 
492 376 422 387 1.000000 422 387 234 395 2.655557 234 395 492 376 3.650893 
492 376 422 387 1.000000 422 387 163 417 3.679584 163 417 492 376 4.678937 
492 376 422 387 1.000000 422 387 223 434 2.885659 223 434 492 376 3.883511 
163 417 234 395 1.000000 234 395 492 376 3.480391 492 376 163 417 4.460424 
223 434 234 395 1.000000 234 395 492 376 6.384217 492 376 223 434 6.790990 
163 417 223 434 1.000000 223 434 492 376 4.412662 492 376 163 417 5.316470 
163 417 234 395 1.000000 234 395 422 387 2.531539 422 387 163 417 3.507742 
223 434 234 395 1.000000 234 395 422 387 4.643700 422 387 223 434 5.046073 
163 417 223 434 1.000000 223 434 422 387 3.278847 422 387 163 417 4.180948 
234 395 223 434 1.000000 223 434 163 417 1.538978 163 417 234 395 1.834339 