Puppis
9 8 84
0 209 38 
1 277 43 
2 316 73 
3 299 108 
4 389 238 
5 244 288 
6 504 345 
7 396 360 
8 456 460 
0 1
0 5
1 2
2 4
4 6
5 7
6 8
7 8
316 73 277 43 1.000000 277 43 209 38 1.385742 209 38 316 73 2.288018 
209 38 277 43 1.000000 277 43 299 108 1.006432 299 108 209 38 1.672214 
209 38 277 43 1.000000 277 43 389 238 3.298089 389 238 209 38 3.946295 
209 38 277 43 1.000000 277 43 244 288 3.625689 244 288 209 38 3.702330 
209 38 277 43 1.000000 277 43 504 345 5.540927 504 345 209 38 6.244361 
209 38 277 43 1.000000 277 43 396 360 4.966006 396 360 209 38 5.461160 
209 38 277 43 1.000000 277 43 456 460 6.655490 456 460 209 38 7.171395 
299 108 316 73 1.000000 316 73 209 38 2.893303 209 38 299 108 2.930277 
209 38 316 73 1.000000 316 73 389 238 1.602675 389 238 209 38 2.390080 
209 38 316 73 1.000000 316 73 244 288 2.014015 244 288 209 38 2.242322 
209 38 316 73 1.000000 316 73 504 345 2.937033 504 345 209 38 3.781908 
209 38 316 73 1.000000 316 73 396 360 2.646512 396 360 209 38 3.307560 
209 38 316 73 1.000000 316 73 456 460 3.655612 456 460 209 38 4.343368 
209 38 299 108 1.000000 299 108 389 238 1.386750 389 238 209 38 2.359922 
209 38 299 108 1.000000 299 108 244 288 1.650757 244 288 209 38 2.214029 
209 38 299 108 1.000000 299 108 504 345 2.748342 504 345 209 38 3.734187 
209 38 299 108 1.000000 299 108 396 360 2.368268 396 360 209 38 3.265825 
209 38 299 108 1.000000 299 108 456 460 3.380407 456 460 209 38 4.288563 
389 238 244 288 1.000000 244 288 209 38 1.645849 209 38 389 238 1.754302 
504 345 389 238 1.000000 389 238 209 38 1.712969 209 38 504 345 2.710491 
396 360 389 238 1.000000 389 238 209 38 2.201891 209 38 396 360 3.047131 
456 460 389 238 1.000000 389 238 209 38 1.160345 209 38 456 460 2.108634 
209 38 244 288 1.000000 244 288 504 345 1.054416 504 345 209 38 1.686603 
396 360 244 288 1.000000 244 288 209 38 1.500907 209 38 396 360 2.213928 
209 38 244 288 1.000000 244 288 456 460 1.081446 456 460 209 38 1.936995 
504 345 396 360 1.000000 396 360 209 38 3.415010 209 38 504 345 3.904767 
456 460 504 345 1.000000 504 345 209 38 3.416615 209 38 456 460 3.923844 
456 460 396 360 1.000000 396 360 209 38 3.192973 209 38 456 460 4.192895 
299 108 316 73 1.000000 316 73 277 43 1.264545 277 43 299 108 1.763605 
277 43 316 73 1.000000 316 73 389 238 3.666948 389 238 277 43 4.570301 
277 43 316 73 1.000000 316 73 244 288 4.608103 244 288 277 43 5.024270 
277 43 316 73 1.000000 316 73 504 345 6.719985 504 345 277 43 7.678295 
277 43 316 73 1.000000 316 73 396 360 6.055267 396 360 277 43 6.881603 
277 43 316 73 1.000000 316 73 456 460 8.364107 456 460 277 43 9.222792 
277 43 299 108 1.000000 299 108 389 238 2.304123 389 238 277 43 3.277011 
277 43 299 108 1.000000 299 108 244 288 2.742778 244 288 277 43 3.602517 
277 43 299 108 1.000000 299 108 504 345 4.566444 504 345 277 43 5.505514 
277 43 299 108 1.000000 299 108 396 360 3.934940 396 360 277 43 4.934267 
277 43 299 108 1.000000 299 108 456 460 5.616637 456 460 277 43 6.612953 
244 288 389 238 1.000000 389 238 277 43 1.466146 277 43 244 288 1.611779 
504 345 389 238 1.000000 389 238 277 43 1.431602 277 43 504 345 2.405151 
396 360 389 238 1.000000 389 238 277 43 1.840215 277 43 396 360 2.770853 
277 43 389 238 1.000000 389 238 456 460 1.031193 456 460 277 43 2.017984 
277 43 244 288 1.000000 244 288 504 345 1.076704 504 345 277 43 1.528241 
396 360 244 288 1.000000 244 288 277 43 1.469837 277 43 396 360 2.013195 
277 43 244 288 1.000000 244 288 456 460 1.104306 456 460 277 43 1.835648 
504 345 396 360 1.000000 396 360 277 43 3.105377 277 43 504 345 3.464891 
456 460 504 345 1.000000 504 345 277 43 3.031730 277 43 456 460 3.641565 
456 460 396 360 1.000000 396 360 277 43 2.903472 277 43 456 460 3.891261 
316 73 299 108 1.000000 299 108 389 238 4.063564 389 238 316 73 4.637023 
316 73 299 108 1.000000 299 108 244 288 4.837177 244 288 316 73 5.827156 
316 73 299 108 1.000000 299 108 504 345 8.053405 504 345 316 73 8.497727 
316 73 299 108 1.000000 299 108 396 360 6.939682 396 360 316 73 7.657160 
316 73 299 108 1.000000 299 108 456 460 9.905531 456 460 316 73 10.576793 
244 288 389 238 1.000000 389 238 316 73 1.176352 316 73 244 288 1.478273 
504 345 389 238 1.000000 389 238 316 73 1.148636 316 73 504 345 2.104970 
396 360 389 238 1.000000 389 238 316 73 1.476484 316 73 396 360 2.438132 
316 73 389 238 1.000000 389 238 456 460 1.285227 456 460 316 73 2.280945 
316 73 244 288 1.000000 244 288 504 345 1.173944 504 345 316 73 1.458297 
396 360 244 288 1.000000 244 288 316 73 1.348089 316 73 396 360 1.771453 
316 73 244 288 1.000000 244 288 456 460 1.204038 456 460 316 73 1.815087 
504 345 396 360 1.000000 396 360 316 73 2.732486 316 73 504 345 3.032446 
456 460 504 345 1.000000 504 345 316 73 2.653346 316 73 456 460 3.302518 
456 460 396 360 1.000000 396 360 316 73 2.554825 316 73 456 460 3.528966 
244 288 389 238 1.000000 389 238 299 108 1.030873 299 108 244 288 1.227129 
504 345 389 238 1.000000 389 238 299 108 1.006584 299 108 504 345 1.994907 
396 360 389 238 1.000000 389 238 299 108 1.293887 299 108 396 360 2.209678 
299 108 389 238 1.000000 389 238 456 460 1.466602 456 460 299 108 2.437646 
299 108 244 288 1.000000 244 288 504 345 1.414204 504 345 299 108 1.664898 
396 360 244 288 1.000000 244 288 299 108 1.119061 299 108 396 360 1.605467 
299 108 244 288 1.000000 244 288 456 460 1.450457 456 460 299 108 2.047792 
504 345 396 360 1.000000 396 360 299 108 2.476451 299 108 504 345 2.873888 
456 460 504 345 1.000000 504 345 299 108 2.514611 299 108 456 460 3.092922 
456 460 396 360 1.000000 396 360 299 108 2.315437 299 108 456 460 3.304998 
244 288 389 238 1.000000 389 238 504 345 1.024130 504 345 244 288 1.735410 
396 360 389 238 1.000000 389 238 244 288 1.255137 244 288 396 360 1.376346 
244 288 389 238 1.000000 389 238 456 460 1.511880 456 460 244 288 1.779897 
504 345 396 360 1.000000 396 360 389 238 1.120730 389 238 504 345 1.440612 
456 460 504 345 1.000000 504 345 389 238 1.260515 389 238 456 460 1.860846 
456 460 396 360 1.000000 396 360 389 238 1.047862 389 238 456 460 1.988441 
504 345 396 360 1.000000 396 360 244 288 1.542512 244 288 504 345 2.441148 
456 460 504 345 1.000000 504 345 244 288 2.135970 244 288 456 460 2.190726 
456 460 396 360 1.000000 396 360 244 288 1.442221 244 288 456 460 2.340940 
504 345 396 360 1.000000 396 360 456 460 1.069539 456 460 504 345 1.142876 