Dorado
7 7 35
0 537 32 
1 448 121 
2 323 185 
3 235 331 
4 173 359 
5 215 427 
6 207 462 
0 1
1 2
1 3
2 3
3 4
3 5
4 5
537 32 448 121 1.000000 448 121 323 185 1.115731 323 185 537 32 2.090084 
537 32 448 121 1.000000 448 121 235 331 2.376464 235 331 537 32 3.376447 
537 32 448 121 1.000000 448 121 173 359 2.889509 173 359 537 32 3.887584 
537 32 448 121 1.000000 448 121 215 427 3.055736 215 427 537 32 4.048913 
537 32 448 121 1.000000 448 121 207 462 3.317576 207 462 537 32 4.306465 
235 331 323 185 1.000000 323 185 537 32 1.543195 537 32 235 331 2.492970 
173 359 323 185 1.000000 323 185 537 32 1.145119 537 32 173 359 2.129936 
537 32 323 185 1.000000 323 185 215 427 1.007364 215 427 537 32 1.937201 
537 32 323 185 1.000000 323 185 207 462 1.141559 207 462 537 32 2.060427 
173 359 235 331 1.000000 235 331 537 32 6.246953 537 32 173 359 7.192636 
215 427 235 331 1.000000 235 331 537 32 4.333788 537 32 215 427 5.196923 
207 462 235 331 1.000000 235 331 537 32 3.172438 537 32 207 462 4.046264 
215 427 173 359 1.000000 173 359 537 32 6.122126 537 32 215 427 6.376187 
207 462 173 359 1.000000 173 359 537 32 4.511166 537 32 207 462 4.997237 
207 462 215 427 1.000000 215 427 537 32 14.194400 537 32 207 462 15.097305 
448 121 323 185 1.000000 323 185 235 331 1.213901 235 331 448 121 2.129962 
448 121 323 185 1.000000 323 185 173 359 1.635889 173 359 448 121 2.589790 
448 121 323 185 1.000000 323 185 215 427 1.887082 215 427 448 121 2.738775 
448 121 323 185 1.000000 323 185 207 462 2.138468 207 462 448 121 2.973456 
173 359 235 331 1.000000 235 331 448 121 4.396829 448 121 173 359 5.346042 
215 427 235 331 1.000000 235 331 448 121 3.050275 448 121 215 427 3.922144 
207 462 235 331 1.000000 235 331 448 121 2.232876 448 121 207 462 3.117125 
215 427 173 359 1.000000 173 359 448 121 4.550369 448 121 215 427 4.812141 
207 462 173 359 1.000000 173 359 448 121 3.352996 448 121 207 462 3.849727 
207 462 215 427 1.000000 215 427 448 121 10.712586 448 121 207 462 11.630529 
173 359 235 331 1.000000 235 331 323 185 2.505827 323 185 173 359 3.376926 
215 427 235 331 1.000000 235 331 323 185 1.738403 323 185 215 427 2.702452 
207 462 235 331 1.000000 235 331 323 185 1.272554 323 185 207 462 2.241793 
215 427 173 359 1.000000 173 359 323 185 2.874324 323 185 215 427 3.315681 
207 462 173 359 1.000000 173 359 323 185 2.117982 323 185 207 462 2.768670 
207 462 215 427 1.000000 215 427 323 185 7.381229 323 185 207 462 8.364514 
235 331 173 359 1.000000 173 359 215 427 1.174859 215 427 235 331 1.441453 
235 331 173 359 1.000000 173 359 207 462 1.594407 207 462 235 331 1.969133 
207 462 215 427 1.000000 215 427 235 331 2.731309 235 331 207 462 3.731172 
207 462 215 427 1.000000 215 427 173 359 2.226158 173 359 207 462 3.021131 