15 455
0 267 118 
1 245 120 
2 346 122 
3 292 137 
4 460 195 
5 116 203 
6 189 222 
7 308 223 
8 108 227 
9 106 246 
10 102 252 
11 201 302 
12 185 332 
13 96 394 
14 141 406 
245 120 267 118 1.000000 267 118 346 122 3.580743 346 122 245 120 4.572951 
245 120 267 118 1.000000 267 118 292 137 1.421440 292 137 245 120 2.262488 
245 120 267 118 1.000000 267 118 460 195 9.406355 460 195 245 120 10.307764 
267 118 245 120 1.000000 245 120 116 203 6.943862 116 203 267 118 7.844022 
267 118 245 120 1.000000 245 120 189 222 5.267438 189 222 267 118 5.884823 
245 120 267 118 1.000000 267 118 308 223 5.102635 308 223 245 120 5.465615 
267 118 245 120 1.000000 245 120 108 227 7.869062 108 227 267 118 8.726491 
267 118 245 120 1.000000 245 120 106 246 8.492644 106 246 267 118 9.310777 
267 118 245 120 1.000000 245 120 102 252 8.809575 102 252 267 118 9.622059 
267 118 245 120 1.000000 245 120 201 302 8.476099 201 302 267 118 8.848914 
267 118 245 120 1.000000 245 120 185 332 9.973736 185 332 267 118 10.374148 
267 118 245 120 1.000000 245 120 96 394 14.118715 96 394 267 118 14.697566 
267 118 245 120 1.000000 245 120 141 406 13.776019 141 406 267 118 14.230249 
267 118 292 137 1.000000 292 137 346 122 1.784824 346 122 267 118 2.519095 
267 118 346 122 1.000000 346 122 460 195 1.711350 460 195 267 118 2.626928 
346 122 267 118 1.000000 267 118 116 203 2.190613 116 203 346 122 3.082713 
346 122 267 118 1.000000 267 118 189 222 1.643464 189 222 346 122 2.353219 
267 118 346 122 1.000000 346 122 308 223 1.364227 308 223 267 118 1.425021 
346 122 267 118 1.000000 267 118 108 227 2.437061 108 227 346 122 3.288606 
346 122 267 118 1.000000 267 118 106 246 2.600236 106 246 346 122 3.415128 
346 122 267 118 1.000000 267 118 102 252 2.687168 102 252 346 122 3.495151 
346 122 267 118 1.000000 267 118 201 302 2.471251 201 302 346 122 2.922060 
346 122 267 118 1.000000 267 118 185 332 2.897205 185 332 346 122 3.345269 
346 122 267 118 1.000000 267 118 96 394 4.104613 96 394 346 122 4.670440 
346 122 267 118 1.000000 267 118 141 406 3.974105 141 406 346 122 4.427979 
267 118 292 137 1.000000 292 137 460 195 5.660080 460 195 267 118 6.617483 
292 137 267 118 1.000000 267 118 116 203 5.518363 116 203 292 137 5.986123 
292 137 267 118 1.000000 267 118 189 222 4.140043 189 222 292 137 4.252907 
267 118 292 137 1.000000 292 137 308 223 2.785794 308 223 267 118 3.589765 
292 137 267 118 1.000000 267 118 108 227 6.139190 108 227 292 137 6.523168 
292 137 267 118 1.000000 267 118 106 246 6.550243 106 246 292 137 6.865633 
292 137 267 118 1.000000 267 118 102 252 6.769233 102 252 292 137 7.072860 
267 118 292 137 1.000000 292 137 201 302 6.000845 201 302 267 118 6.225316 
267 118 292 137 1.000000 292 137 185 332 7.083535 185 332 267 118 7.298337 
267 118 292 137 1.000000 292 137 96 394 10.293118 96 394 267 118 10.339913 
267 118 292 137 1.000000 292 137 141 406 9.824112 141 406 267 118 10.011150 
116 203 267 118 1.000000 267 118 460 195 1.199175 460 195 116 203 1.985762 
189 222 267 118 1.000000 267 118 460 195 1.598409 460 195 189 222 2.094936 
267 118 308 223 1.000000 308 223 460 195 1.371152 460 195 267 118 1.843431 
108 227 267 118 1.000000 267 118 460 195 1.077908 460 195 108 227 1.833498 
106 246 267 118 1.000000 267 118 460 195 1.010265 460 195 106 246 1.738875 
460 195 267 118 1.000000 267 118 102 252 1.022932 102 252 460 195 1.744568 
201 302 267 118 1.000000 267 118 460 195 1.062995 460 195 201 302 1.433567 
460 195 267 118 1.000000 267 118 185 332 1.102887 185 332 460 195 1.478567 
460 195 267 118 1.000000 267 118 96 394 1.562515 96 394 460 195 1.996436 
460 195 267 118 1.000000 267 118 141 406 1.512834 141 406 460 195 1.840620 
116 203 189 222 1.000000 189 222 267 118 1.723404 267 118 116 203 2.297167 
308 223 267 118 1.000000 267 118 116 203 1.537249 116 203 308 223 1.712538 
108 227 116 203 1.000000 116 203 267 118 6.849498 267 118 108 227 7.620080 
106 246 116 203 1.000000 116 203 267 118 3.925029 267 118 106 246 4.658970 
102 252 116 203 1.000000 116 203 267 118 3.400265 267 118 102 252 4.171017 
201 302 116 203 1.000000 116 203 267 118 1.327983 267 118 201 302 1.498110 
185 332 116 203 1.000000 116 203 267 118 1.184463 267 118 185 332 1.566517 
267 118 116 203 1.000000 116 203 96 394 1.108288 96 394 267 118 1.873728 
267 118 116 203 1.000000 116 203 141 406 1.180364 141 406 267 118 1.814152 
267 118 308 223 1.000000 308 223 189 222 1.055742 189 222 267 118 1.153291 
108 227 189 222 1.000000 189 222 267 118 1.601889 267 118 108 227 2.375411 
106 246 189 222 1.000000 189 222 267 118 1.504626 267 118 106 246 2.380570 
102 252 189 222 1.000000 189 222 267 118 1.412626 267 118 102 252 2.309733 
201 302 189 222 1.000000 189 222 267 118 1.607022 267 118 201 302 2.416452 
185 332 189 222 1.000000 189 222 267 118 1.181038 267 118 185 332 2.082010 
267 118 189 222 1.000000 189 222 96 394 1.504097 96 394 267 118 2.497537 
267 118 189 222 1.000000 189 222 141 406 1.462753 141 406 267 118 2.418127 
308 223 267 118 1.000000 267 118 108 227 1.710193 108 227 308 223 1.774649 
267 118 308 223 1.000000 308 223 106 246 1.803616 106 246 267 118 1.824700 
267 118 308 223 1.000000 308 223 102 252 1.845543 102 252 267 118 1.885704 
267 118 308 223 1.000000 308 223 201 302 1.179939 201 302 267 118 1.734185 
267 118 308 223 1.000000 308 223 185 332 1.458001 185 332 267 118 2.033096 
267 118 308 223 1.000000 308 223 96 394 2.416315 96 394 267 118 2.880387 
267 118 308 223 1.000000 308 223 141 406 2.197870 141 406 267 118 2.788804 
106 246 108 227 1.000000 108 227 267 118 10.090277 267 118 106 246 10.765877 
102 252 108 227 1.000000 108 227 267 118 7.498058 267 118 102 252 8.267557 
201 302 108 227 1.000000 108 227 267 118 1.613529 267 118 201 302 1.636165 
185 332 108 227 1.000000 108 227 267 118 1.480517 267 118 185 332 1.760055 
96 394 108 227 1.000000 108 227 267 118 1.151370 267 118 96 394 1.939191 
141 406 108 227 1.000000 108 227 267 118 1.059105 267 118 141 406 1.727077 
102 252 106 246 1.000000 106 246 267 118 28.522933 267 118 102 252 29.476523 
106 246 201 302 1.000000 201 302 267 118 1.772618 267 118 106 246 1.865139 
185 332 106 246 1.000000 106 246 267 118 1.761313 267 118 185 332 1.962470 
96 394 106 246 1.000000 106 246 267 118 1.386580 267 118 96 394 2.188792 
141 406 106 246 1.000000 106 246 267 118 1.255816 267 118 141 406 1.919343 
102 252 201 302 1.000000 201 302 267 118 1.762502 267 118 102 252 1.916495 
185 332 102 252 1.000000 102 252 267 118 1.843876 267 118 185 332 1.987999 
96 394 102 252 1.000000 102 252 267 118 1.495554 267 118 96 394 2.284439 
141 406 102 252 1.000000 102 252 267 118 1.338009 267 118 141 406 1.978808 
185 332 201 302 1.000000 201 302 267 118 5.749379 267 118 185 332 6.740365 
96 394 201 302 1.000000 201 302 267 118 1.400248 267 118 96 394 2.325737 
141 406 201 302 1.000000 201 302 267 118 1.628087 267 118 141 406 2.618183 
96 394 185 332 1.000000 185 332 267 118 2.112839 267 118 96 394 2.993363 
141 406 185 332 1.000000 185 332 267 118 2.661918 267 118 141 406 3.651361 
96 394 141 406 1.000000 141 406 267 118 6.749827 267 118 96 394 6.971489 
245 120 292 137 1.000000 292 137 346 122 1.121341 346 122 245 120 2.021205 
245 120 346 122 1.000000 346 122 460 195 1.340033 460 195 245 120 2.254072 
346 122 245 120 1.000000 245 120 116 203 1.518464 116 203 346 122 2.413846 
346 122 245 120 1.000000 245 120 189 222 1.151868 189 222 346 122 1.842633 
245 120 346 122 1.000000 346 122 308 223 1.068226 308 223 245 120 1.195205 
346 122 245 120 1.000000 245 120 108 227 1.720784 108 227 346 122 2.575066 
346 122 245 120 1.000000 245 120 106 246 1.857147 106 246 346 122 2.674136 
346 122 245 120 1.000000 245 120 102 252 1.926453 102 252 346 122 2.736796 
346 122 245 120 1.000000 245 120 201 302 1.853529 201 302 346 122 2.288051 
346 122 245 120 1.000000 245 120 185 332 2.181028 185 332 346 122 2.619435 
346 122 245 120 1.000000 245 120 96 394 3.087440 96 394 346 122 3.657079 
346 122 245 120 1.000000 245 120 141 406 3.012500 141 406 346 122 3.467226 
245 120 292 137 1.000000 292 137 460 195 3.556025 460 195 245 120 4.555942 
292 137 245 120 1.000000 245 120 116 203 3.069126 116 203 292 137 3.760866 
292 137 245 120 1.000000 245 120 189 222 2.328162 189 222 292 137 2.671949 
245 120 292 137 1.000000 292 137 308 223 1.750214 308 223 245 120 2.415754 
292 137 245 120 1.000000 245 120 108 227 3.478057 108 227 292 137 4.098272 
292 137 245 120 1.000000 245 120 106 246 3.753674 106 246 292 137 4.313431 
292 137 245 120 1.000000 245 120 102 252 3.893755 102 252 292 137 4.443624 
292 137 245 120 1.000000 245 120 201 302 3.746362 201 302 292 137 3.770116 
292 137 245 120 1.000000 245 120 185 332 4.408304 185 332 292 137 4.450331 
292 137 245 120 1.000000 245 120 96 394 6.240349 96 394 292 137 6.466796 
292 137 245 120 1.000000 245 120 141 406 6.088880 141 406 292 137 6.172137 
116 203 245 120 1.000000 245 120 460 195 1.484443 460 195 116 203 2.243184 
189 222 245 120 1.000000 245 120 460 195 1.956884 460 195 189 222 2.340479 
245 120 308 223 1.000000 308 223 460 195 1.280091 460 195 245 120 1.885929 
108 227 245 120 1.000000 245 120 460 195 1.309910 460 195 108 227 2.033279 
106 246 245 120 1.000000 245 120 460 195 1.213729 460 195 106 246 1.906388 
102 252 245 120 1.000000 245 120 460 195 1.170064 460 195 102 252 1.862749 
201 302 245 120 1.000000 245 120 460 195 1.216098 460 195 201 302 1.496621 
185 332 245 120 1.000000 245 120 460 195 1.033491 460 195 185 332 1.394455 
460 195 245 120 1.000000 245 120 96 394 1.369717 96 394 460 195 1.821849 
460 195 245 120 1.000000 245 120 141 406 1.336470 141 406 460 195 1.679659 
116 203 189 222 1.000000 189 222 245 120 1.542600 245 120 116 203 2.033550 
308 223 245 120 1.000000 245 120 116 203 1.270463 116 203 308 223 1.598806 
108 227 116 203 1.000000 116 203 245 120 6.063466 245 120 108 227 6.871363 
106 246 116 203 1.000000 116 203 245 120 3.474602 245 120 106 246 4.249589 
102 252 116 203 1.000000 116 203 245 120 3.010059 245 120 102 252 3.818817 
201 302 116 203 1.000000 116 203 245 120 1.175587 245 120 201 302 1.434993 
185 332 116 203 1.000000 116 203 245 120 1.048537 245 120 185 332 1.506054 
245 120 116 203 1.000000 116 203 96 394 1.251960 96 394 245 120 2.033266 
245 120 116 203 1.000000 116 203 141 406 1.333379 141 406 245 120 1.983913 
245 120 189 222 1.000000 189 222 308 223 1.022711 308 223 245 120 1.037623 
108 227 189 222 1.000000 189 222 245 120 1.433833 245 120 108 227 2.142012 
106 246 189 222 1.000000 189 222 245 120 1.346773 245 120 106 246 2.171390 
102 252 189 222 1.000000 189 222 245 120 1.264426 245 120 102 252 2.114700 
201 302 189 222 1.000000 189 222 245 120 1.438427 245 120 201 302 2.314645 
185 332 189 222 1.000000 189 222 245 120 1.057133 245 120 185 332 2.001650 
245 120 189 222 1.000000 189 222 96 394 1.680389 96 394 245 120 2.680376 
245 120 189 222 1.000000 189 222 141 406 1.634199 141 406 245 120 2.615317 
308 223 245 120 1.000000 245 120 108 227 1.439739 108 227 308 223 1.656792 
308 223 245 120 1.000000 245 120 106 246 1.553831 106 246 308 223 1.683835 
308 223 245 120 1.000000 245 120 102 252 1.611818 102 252 308 223 1.722977 
245 120 308 223 1.000000 308 223 201 302 1.101577 201 302 245 120 1.550804 
245 120 308 223 1.000000 308 223 185 332 1.361173 185 332 245 120 1.824815 
245 120 308 223 1.000000 308 223 96 394 2.255844 96 394 245 120 2.583189 
245 120 308 223 1.000000 308 223 141 406 2.051906 141 406 245 120 2.520488 
106 246 108 227 1.000000 108 227 245 120 9.098848 245 120 106 246 9.819885 
102 252 108 227 1.000000 108 227 245 120 6.761330 245 120 102 252 7.569447 
201 302 108 227 1.000000 108 227 245 120 1.454990 245 120 201 302 1.567231 
185 332 108 227 1.000000 108 227 245 120 1.335048 245 120 185 332 1.692122 
96 394 108 227 1.000000 108 227 245 120 1.038241 245 120 96 394 1.862817 
245 120 108 227 1.000000 108 227 141 406 1.047075 141 406 245 120 1.750656 
102 252 106 246 1.000000 106 246 245 120 26.016637 245 120 102 252 26.987533 
106 246 201 302 1.000000 201 302 245 120 1.697936 245 120 106 246 1.701250 
185 332 106 246 1.000000 106 246 245 120 1.606547 245 120 185 332 1.886724 
96 394 106 246 1.000000 106 246 245 120 1.264742 245 120 96 394 2.102588 
141 406 106 246 1.000000 106 246 245 120 1.145468 245 120 141 406 1.858077 
102 252 201 302 1.000000 201 302 245 120 1.688246 245 120 102 252 1.754667 
185 332 102 252 1.000000 102 252 245 120 1.688180 245 120 185 332 1.911268 
96 394 102 252 1.000000 102 252 245 120 1.369270 245 120 96 394 2.194469 
141 406 102 252 1.000000 102 252 245 120 1.225028 245 120 141 406 1.915644 
185 332 201 302 1.000000 201 302 245 120 5.507152 245 120 185 332 6.480207 
96 394 201 302 1.000000 201 302 245 120 1.341254 245 120 96 394 2.234140 
141 406 201 302 1.000000 201 302 245 120 1.559494 245 120 141 406 2.534611 
96 394 185 332 1.000000 185 332 245 120 2.031289 245 120 96 394 2.875472 
141 406 185 332 1.000000 185 332 245 120 2.559176 245 120 141 406 3.534809 
96 394 141 406 1.000000 141 406 245 120 6.534372 245 120 96 394 6.696923 
292 137 346 122 1.000000 346 122 460 195 2.415394 460 195 292 137 3.171225 
346 122 292 137 1.000000 292 137 116 203 3.353900 116 203 346 122 4.350930 
346 122 292 137 1.000000 292 137 189 222 2.382815 189 222 346 122 3.321325 
346 122 292 137 1.000000 292 137 308 223 1.560822 308 223 346 122 1.925466 
346 122 292 137 1.000000 292 137 108 227 3.654795 108 227 346 122 4.641527 
346 122 292 137 1.000000 292 137 106 246 3.846671 106 246 346 122 4.820100 
346 122 292 137 1.000000 292 137 102 252 3.962776 102 252 346 122 4.933044 
346 122 292 137 1.000000 292 137 201 302 3.362149 201 302 346 122 4.124187 
346 122 292 137 1.000000 292 137 185 332 3.968757 185 332 346 122 4.721502 
346 122 292 137 1.000000 292 137 96 394 5.767020 96 394 346 122 6.591844 
346 122 292 137 1.000000 292 137 141 406 5.504246 141 406 346 122 6.249635 
460 195 346 122 1.000000 346 122 116 203 1.801333 116 203 460 195 2.541873 
460 195 346 122 1.000000 346 122 189 222 1.375065 189 222 460 195 2.011834 
308 223 346 122 1.000000 346 122 460 195 1.254447 460 195 308 223 1.432254 
460 195 346 122 1.000000 346 122 108 227 1.921644 108 227 460 195 2.611006 
460 195 346 122 1.000000 346 122 106 246 1.995575 106 246 460 195 2.642057 
460 195 346 122 1.000000 346 122 102 252 2.042335 102 252 460 195 2.677917 
460 195 346 122 1.000000 346 122 201 302 1.707459 201 302 460 195 2.070121 
460 195 346 122 1.000000 346 122 185 332 1.954754 185 332 460 195 2.269605 
460 195 346 122 1.000000 346 122 96 394 2.729096 96 394 460 195 3.064536 
460 195 346 122 1.000000 346 122 141 406 2.587418 141 406 460 195 2.825358 
116 203 189 222 1.000000 189 222 346 122 2.467682 346 122 116 203 3.232660 
346 122 308 223 1.000000 308 223 116 203 1.788854 116 203 346 122 2.259677 
108 227 116 203 1.000000 116 203 346 122 9.638870 346 122 108 227 10.282646 
106 246 116 203 1.000000 116 203 346 122 5.523447 346 122 106 246 6.119051 
102 252 116 203 1.000000 116 203 346 122 4.784980 346 122 102 252 5.425166 
116 203 201 302 1.000000 201 302 346 122 1.771397 346 122 116 203 1.868787 
185 332 116 203 1.000000 116 203 346 122 1.666821 346 122 185 332 1.808785 
96 394 116 203 1.000000 116 203 346 122 1.269740 346 122 96 394 1.923710 
141 406 116 203 1.000000 116 203 346 122 1.192206 346 122 141 406 1.712474 
346 122 308 223 1.000000 308 223 189 222 1.102789 189 222 346 122 1.724946 
108 227 189 222 1.000000 189 222 346 122 2.293689 346 122 108 227 3.205413 
106 246 189 222 1.000000 189 222 346 122 2.154420 346 122 106 246 3.126620 
102 252 189 222 1.000000 189 222 346 122 2.022690 346 122 102 252 3.004228 
201 302 189 222 1.000000 189 222 346 122 2.301038 346 122 201 302 2.857266 
185 332 189 222 1.000000 189 222 346 122 1.691086 346 122 185 332 2.404000 
346 122 189 222 1.000000 189 222 96 394 1.050446 96 394 346 122 1.984703 
346 122 189 222 1.000000 189 222 141 406 1.021572 141 406 346 122 1.881669 
346 122 308 223 1.000000 308 223 108 227 1.853733 108 227 346 122 2.410600 
346 122 308 223 1.000000 308 223 106 246 1.883991 106 246 346 122 2.503343 
346 122 308 223 1.000000 308 223 102 252 1.927786 102 252 346 122 2.562001 
346 122 308 223 1.000000 308 223 201 302 1.232521 201 302 346 122 2.141916 
346 122 308 223 1.000000 308 223 185 332 1.522974 185 332 346 122 2.452135 
346 122 308 223 1.000000 308 223 96 394 2.523994 96 394 346 122 3.423506 
346 122 308 223 1.000000 308 223 141 406 2.295814 141 406 346 122 3.245779 
106 246 108 227 1.000000 108 227 346 122 13.615966 346 122 106 246 14.139811 
102 252 108 227 1.000000 108 227 346 122 10.117988 346 122 102 252 10.753461 
108 227 201 302 1.000000 201 302 346 122 1.934637 346 122 108 227 2.177319 
185 332 108 227 1.000000 108 227 346 122 1.997831 346 122 185 332 2.032254 
96 394 108 227 1.000000 108 227 346 122 1.553675 346 122 96 394 2.206511 
141 406 108 227 1.000000 108 227 346 122 1.429171 346 122 141 406 1.924323 
102 252 106 246 1.000000 106 246 346 122 37.461775 346 122 102 252 38.339576 
106 246 201 302 1.000000 201 302 346 122 2.095982 346 122 106 246 2.449658 
106 246 185 332 1.000000 185 332 346 122 2.265973 346 122 106 246 2.313293 
96 394 106 246 1.000000 106 246 346 122 1.821123 346 122 96 394 2.490520 
141 406 106 246 1.000000 106 246 346 122 1.649378 346 122 141 406 2.138547 
102 252 201 302 1.000000 201 302 346 122 2.084021 346 122 102 252 2.492750 
102 252 185 332 1.000000 185 332 346 122 2.295451 346 122 102 252 2.398296 
96 394 102 252 1.000000 102 252 346 122 1.945240 346 122 96 394 2.599353 
141 406 102 252 1.000000 102 252 346 122 1.740324 346 122 141 406 2.204803 
185 332 201 302 1.000000 201 302 346 122 6.798191 346 122 185 332 7.782789 
96 394 201 302 1.000000 201 302 346 122 1.655684 346 122 96 394 2.646343 
141 406 201 302 1.000000 201 302 346 122 1.925085 346 122 141 406 2.917200 
96 394 185 332 1.000000 185 332 346 122 2.439598 346 122 96 394 3.406002 
141 406 185 332 1.000000 185 332 346 122 3.073594 346 122 141 406 4.068375 
96 394 141 406 1.000000 141 406 346 122 7.520711 346 122 96 394 7.932519 
460 195 292 137 1.000000 292 137 116 203 1.057604 116 203 460 195 1.936042 
189 222 292 137 1.000000 292 137 460 195 1.330873 460 195 189 222 2.039341 
292 137 308 223 1.000000 308 223 460 195 1.766861 460 195 292 137 2.031766 
460 195 292 137 1.000000 292 137 108 227 1.152487 108 227 460 195 1.988698 
460 195 292 137 1.000000 292 137 106 246 1.212992 106 246 460 195 2.012348 
460 195 292 137 1.000000 292 137 102 252 1.249604 102 252 460 195 2.039662 
460 195 292 137 1.000000 292 137 201 302 1.060205 201 302 460 195 1.576728 
460 195 292 137 1.000000 292 137 185 332 1.251490 185 332 460 195 1.728666 
460 195 292 137 1.000000 292 137 96 394 1.818546 96 394 460 195 2.334133 
460 195 292 137 1.000000 292 137 141 406 1.735684 141 406 460 195 2.151961 
116 203 189 222 1.000000 189 222 292 137 1.770387 292 137 116 203 2.491885 
308 223 292 137 1.000000 292 137 116 203 2.148803 116 203 308 223 2.206771 
108 227 116 203 1.000000 116 203 292 137 7.430091 292 137 108 227 8.096681 
106 246 116 203 1.000000 116 203 292 137 4.257731 292 137 106 246 4.883297 
102 252 116 203 1.000000 116 203 292 137 3.688486 292 137 102 252 4.358104 
201 302 116 203 1.000000 116 203 292 137 1.440548 292 137 201 302 1.444091 
185 332 116 203 1.000000 116 203 292 137 1.284863 292 137 185 332 1.520412 
292 137 116 203 1.000000 116 203 96 394 1.021686 96 394 292 137 1.719496 
292 137 116 203 1.000000 116 203 141 406 1.088130 141 406 292 137 1.641148 
292 137 308 223 1.000000 308 223 189 222 1.360426 189 222 292 137 1.526641 
108 227 189 222 1.000000 189 222 292 137 1.645559 292 137 108 227 2.523982 
106 246 189 222 1.000000 189 222 292 137 1.545644 292 137 106 246 2.495193 
102 252 189 222 1.000000 189 222 292 137 1.451137 292 137 102 252 2.413334 
201 302 189 222 1.000000 189 222 292 137 1.650831 292 137 201 302 2.329320 
185 332 189 222 1.000000 189 222 292 137 1.213234 292 137 185 332 2.020733 
292 137 189 222 1.000000 189 222 96 394 1.464181 96 394 292 137 2.420254 
292 137 189 222 1.000000 189 222 141 406 1.423934 141 406 292 137 2.309976 
292 137 308 223 1.000000 308 223 108 227 2.286806 108 227 292 137 2.341583 
292 137 308 223 1.000000 308 223 106 246 2.324133 106 246 292 137 2.464516 
292 137 308 223 1.000000 308 223 102 252 2.378160 102 252 292 137 2.538903 
292 137 308 223 1.000000 308 223 201 302 1.520465 201 302 292 137 2.154088 
292 137 308 223 1.000000 308 223 185 332 1.878775 185 332 292 137 2.542735 
292 137 308 223 1.000000 308 223 96 394 3.113656 96 394 292 137 3.694859 
292 137 308 223 1.000000 308 223 141 406 2.832167 141 406 292 137 3.526503 
106 246 108 227 1.000000 108 227 292 137 10.721378 292 137 106 246 11.284248 
102 252 108 227 1.000000 108 227 292 137 7.967027 292 137 102 252 8.638390 
108 227 201 302 1.000000 201 302 292 137 1.577168 292 137 108 227 1.714448 
185 332 108 227 1.000000 108 227 292 137 1.573117 292 137 185 332 1.708254 
96 394 108 227 1.000000 108 227 292 137 1.223382 292 137 96 394 1.930415 
141 406 108 227 1.000000 108 227 292 137 1.125347 292 137 141 406 1.694810 
102 252 106 246 1.000000 106 246 292 137 29.896295 292 137 102 252 30.798664 
106 246 201 302 1.000000 201 302 292 137 1.708702 292 137 106 246 1.954944 
185 332 106 246 1.000000 106 246 292 137 1.846119 292 137 185 332 1.904711 
96 394 106 246 1.000000 106 246 292 137 1.453343 292 137 96 394 2.178886 
141 406 106 246 1.000000 106 246 292 137 1.316283 292 137 141 406 1.883484 
102 252 201 302 1.000000 201 302 292 137 1.698950 292 137 102 252 2.002458 
185 332 102 252 1.000000 102 252 292 137 1.926582 292 137 185 332 1.929489 
96 394 102 252 1.000000 102 252 292 137 1.562636 292 137 96 394 2.274101 
141 406 102 252 1.000000 102 252 292 137 1.398024 292 137 141 406 1.941838 
185 332 201 302 1.000000 201 302 292 137 5.542069 292 137 185 332 6.541986 
96 394 201 302 1.000000 201 302 292 137 1.349759 292 137 96 394 2.315211 
141 406 201 302 1.000000 201 302 292 137 1.569381 292 137 141 406 2.569268 
96 394 185 332 1.000000 185 332 292 137 2.050655 292 137 96 394 2.979816 
141 406 185 332 1.000000 185 332 292 137 2.583573 292 137 141 406 3.583142 
96 394 141 406 1.000000 141 406 292 137 6.623721 292 137 96 394 6.939939 
116 203 189 222 1.000000 189 222 460 195 3.610422 460 195 116 203 4.561626 
460 195 308 223 1.000000 308 223 116 203 1.248978 116 203 460 195 2.226312 
108 227 116 203 1.000000 116 203 460 195 13.601471 460 195 108 227 13.971399 
106 246 116 203 1.000000 116 203 460 195 7.794171 460 195 106 246 8.101365 
102 252 116 203 1.000000 116 203 460 195 6.752116 460 195 102 252 7.113498 
116 203 201 302 1.000000 201 302 460 195 2.147640 460 195 116 203 2.637057 
116 203 185 332 1.000000 185 332 460 195 2.100124 460 195 116 203 2.352061 
96 394 116 203 1.000000 116 203 460 195 1.791738 460 195 96 394 2.160157 
141 406 116 203 1.000000 116 203 460 195 1.682330 460 195 141 406 1.869953 
189 222 308 223 1.000000 308 223 460 195 1.298756 460 195 189 222 2.288505 
108 227 189 222 1.000000 189 222 460 195 3.355856 460 195 108 227 4.355310 
106 246 189 222 1.000000 189 222 460 195 3.152095 460 195 106 246 4.139513 
102 252 189 222 1.000000 189 222 460 195 2.959362 460 195 102 252 3.939155 
201 302 189 222 1.000000 189 222 460 195 3.366608 460 195 201 302 3.464146 
185 332 189 222 1.000000 189 222 460 195 2.474198 460 195 185 332 2.791210 
96 394 189 222 1.000000 189 222 460 195 1.392820 460 195 96 394 2.121619 
141 406 189 222 1.000000 189 222 460 195 1.432188 460 195 141 406 2.011320 
460 195 308 223 1.000000 308 223 108 227 1.294276 108 227 460 195 2.286862 
460 195 308 223 1.000000 308 223 106 246 1.315402 106 246 460 195 2.314058 
460 195 308 223 1.000000 308 223 102 252 1.345980 102 252 460 195 2.345467 
201 302 308 223 1.000000 308 223 460 195 1.162053 460 195 201 302 2.106948 
460 195 308 223 1.000000 308 223 185 332 1.063341 185 332 460 195 1.987844 
460 195 308 223 1.000000 308 223 96 394 1.762253 96 394 460 195 2.684088 
460 195 308 223 1.000000 308 223 141 406 1.602937 141 406 460 195 2.474603 
106 246 108 227 1.000000 108 227 460 195 18.500500 460 195 106 246 18.720511 
102 252 108 227 1.000000 108 227 460 195 13.747672 460 195 102 252 14.099978 
108 227 201 302 1.000000 201 302 460 195 2.345551 460 195 108 227 2.958401 
108 227 185 332 1.000000 185 332 460 195 2.359588 460 195 108 227 2.714525 
96 394 108 227 1.000000 108 227 460 195 2.111033 460 195 96 394 2.477718 
141 406 108 227 1.000000 108 227 460 195 1.941866 460 195 141 406 2.101284 
102 252 106 246 1.000000 106 246 460 195 49.597805 460 195 102 252 50.270996 
106 246 201 302 1.000000 201 302 460 195 2.541167 460 195 106 246 3.243243 
106 246 185 332 1.000000 185 332 460 195 2.630951 460 195 106 246 3.062702 
96 394 106 246 1.000000 106 246 460 195 2.411089 460 195 96 394 2.796635 
141 406 106 246 1.000000 106 246 460 195 2.183707 460 195 141 406 2.335208 
102 252 201 302 1.000000 201 302 460 195 2.526665 460 195 102 252 3.268504 
102 252 185 332 1.000000 185 332 460 195 2.665177 460 195 102 252 3.144655 
96 394 102 252 1.000000 102 252 460 195 2.550607 460 195 96 394 2.918845 
141 406 102 252 1.000000 102 252 460 195 2.281919 460 195 141 406 2.407557 
185 332 201 302 1.000000 201 302 460 195 8.242119 460 195 185 332 9.036355 
96 394 201 302 1.000000 201 302 460 195 2.007350 460 195 96 394 2.971610 
141 406 201 302 1.000000 201 302 460 195 2.333971 460 195 141 406 3.185467 
96 394 185 332 1.000000 185 332 460 195 2.832541 460 195 96 394 3.824641 
141 406 185 332 1.000000 185 332 460 195 3.568654 460 195 141 406 4.442503 
96 394 141 406 1.000000 141 406 460 195 8.212316 460 195 96 394 8.907521 
116 203 189 222 1.000000 189 222 308 223 1.577634 308 223 116 203 2.559108 
108 227 116 203 1.000000 116 203 189 222 2.981715 189 222 108 227 3.207900 
106 246 116 203 1.000000 116 203 189 222 1.708639 189 222 106 246 1.957082 
102 252 116 203 1.000000 116 203 189 222 1.480199 189 222 102 252 1.805843 
116 203 189 222 1.000000 189 222 201 302 1.072421 201 302 116 203 1.729817 
116 203 189 222 1.000000 189 222 185 332 1.459229 185 332 116 203 1.939416 
189 222 116 203 1.000000 116 203 96 394 2.545923 96 394 189 222 2.592167 
116 203 189 222 1.000000 189 222 141 406 2.520914 141 406 116 203 2.711493 
108 227 116 203 1.000000 116 203 308 223 7.630531 308 223 108 227 7.907275 
106 246 116 203 1.000000 116 203 308 223 4.372591 308 223 106 246 4.605137 
102 252 116 203 1.000000 116 203 308 223 3.787989 308 223 102 252 4.082184 
116 203 201 302 1.000000 201 302 308 223 1.019313 308 223 116 203 1.479410 
116 203 185 332 1.000000 185 332 308 223 1.123402 308 223 116 203 1.319525 
96 394 116 203 1.000000 116 203 308 223 1.005179 308 223 96 394 1.418263 
308 223 116 203 1.000000 116 203 141 406 1.059546 141 406 308 223 1.283399 
106 246 108 227 1.000000 108 227 116 203 1.324169 116 203 106 246 2.310785 
116 203 108 227 1.000000 108 227 102 252 1.016274 102 252 116 203 2.014401 
116 203 108 227 1.000000 108 227 201 302 4.722618 201 302 116 203 5.157822 
116 203 108 227 1.000000 108 227 185 332 5.146904 185 332 116 203 5.782787 
116 203 108 227 1.000000 108 227 96 394 6.618275 96 394 116 203 7.591216 
116 203 108 227 1.000000 108 227 141 406 7.194833 141 406 116 203 8.084901 
102 252 106 246 1.000000 106 246 116 203 6.122154 116 203 102 252 7.066987 
116 203 106 246 1.000000 106 246 201 302 2.497921 201 302 116 203 2.955632 
116 203 106 246 1.000000 106 246 185 332 2.645169 185 332 116 203 3.313762 
116 203 106 246 1.000000 106 246 96 394 3.360043 96 394 116 203 4.350062 
116 203 106 246 1.000000 106 246 141 406 3.709915 141 406 116 203 4.632962 
116 203 102 252 1.000000 102 252 201 302 2.176378 201 302 116 203 2.560474 
116 203 102 252 1.000000 102 252 185 332 2.262092 185 332 116 203 2.870722 
116 203 102 252 1.000000 102 252 96 394 2.788943 96 394 116 203 3.768473 
116 203 102 252 1.000000 102 252 141 406 3.117331 141 406 116 203 4.013550 
185 332 201 302 1.000000 201 302 116 203 3.837756 116 203 185 332 4.302771 
116 203 201 302 1.000000 201 302 96 394 1.069888 96 394 116 203 1.471787 
141 406 201 302 1.000000 201 302 116 203 1.086761 116 203 141 406 1.703501 
96 394 185 332 1.000000 185 332 116 203 1.348749 116 203 96 394 1.770539 
141 406 185 332 1.000000 185 332 116 203 1.699259 116 203 141 406 2.375730 
141 406 96 394 1.000000 96 394 116 203 4.123553 116 203 141 406 4.391723 
108 227 189 222 1.000000 189 222 308 223 1.466397 308 223 108 227 2.464938 
106 246 189 222 1.000000 189 222 308 223 1.377360 308 223 106 246 2.353063 
102 252 189 222 1.000000 189 222 308 223 1.293142 308 223 102 252 2.260542 
201 302 189 222 1.000000 189 222 308 223 1.471095 308 223 201 302 1.644153 
185 332 189 222 1.000000 189 222 308 223 1.081142 308 223 185 332 1.493079 
308 223 189 222 1.000000 189 222 96 394 1.643073 96 394 308 223 2.288736 
308 223 189 222 1.000000 189 222 141 406 1.597909 141 406 308 223 2.081824 
106 246 108 227 1.000000 108 227 189 222 4.247804 189 222 106 246 4.522395 
102 252 108 227 1.000000 108 227 189 222 3.156532 189 222 102 252 3.579442 
201 302 189 222 1.000000 189 222 108 227 1.003204 108 227 201 302 1.476900 
108 227 189 222 1.000000 189 222 185 332 1.356341 185 332 108 227 1.604446 
189 222 108 227 1.000000 108 227 96 394 2.063117 96 394 189 222 2.409397 
189 222 108 227 1.000000 108 227 141 406 2.242848 141 406 189 222 2.343168 
102 252 106 246 1.000000 106 246 189 222 11.981556 189 222 102 252 12.761872 
201 302 189 222 1.000000 189 222 106 246 1.068054 106 246 201 302 1.363211 
106 246 189 222 1.000000 189 222 185 332 1.273986 185 332 106 246 1.351589 
189 222 106 246 1.000000 106 246 96 394 1.716864 96 394 189 222 2.263103 
189 222 106 246 1.000000 106 246 141 406 1.895636 141 406 189 222 2.200895 
201 302 189 222 1.000000 189 222 102 252 1.137613 102 252 201 302 1.371035 
102 252 189 222 1.000000 189 222 185 332 1.196089 185 332 102 252 1.252651 
189 222 102 252 1.000000 102 252 96 394 1.544399 96 394 189 222 2.124727 
189 222 102 252 1.000000 102 252 141 406 1.726246 141 406 189 222 2.066323 
185 332 201 302 1.000000 201 302 189 222 2.379265 189 222 185 332 3.237432 
189 222 201 302 1.000000 201 302 96 394 1.725731 96 394 189 222 2.417116 
189 222 201 302 1.000000 201 302 141 406 1.484228 141 406 189 222 2.350675 
96 394 185 332 1.000000 185 332 189 222 1.014807 189 222 96 394 1.802699 
141 406 185 332 1.000000 185 332 189 222 1.278533 189 222 141 406 2.208750 
96 394 141 406 1.000000 141 406 189 222 4.083048 189 222 96 394 4.198454 
106 246 108 227 1.000000 108 227 308 223 10.470572 308 223 106 246 10.641480 
102 252 108 227 1.000000 108 227 308 223 7.780654 308 223 102 252 8.091478 
108 227 201 302 1.000000 201 302 308 223 1.113246 308 223 108 227 1.674341 
108 227 185 332 1.000000 185 332 308 223 1.262194 308 223 108 227 1.536317 
96 394 108 227 1.000000 108 227 308 223 1.194764 308 223 96 394 1.626759 
141 406 108 227 1.000000 108 227 308 223 1.099021 308 223 141 406 1.361118 
102 252 106 246 1.000000 106 246 308 223 28.193357 308 223 102 252 28.848743 
106 246 201 302 1.000000 201 302 308 223 1.206089 308 223 106 246 1.843588 
106 246 185 332 1.000000 185 332 308 223 1.407352 308 223 106 246 1.740961 
96 394 106 246 1.000000 106 246 308 223 1.370559 308 223 96 394 1.836146 
141 406 106 246 1.000000 106 246 308 223 1.241305 308 223 141 406 1.512643 
102 252 201 302 1.000000 201 302 308 223 1.199206 308 223 102 252 1.875678 
102 252 185 332 1.000000 185 332 308 223 1.425661 308 223 102 252 1.804606 
96 394 102 252 1.000000 102 252 308 223 1.463703 308 223 96 394 1.916383 
141 406 102 252 1.000000 102 252 308 223 1.309513 308 223 141 406 1.559508 
185 332 201 302 1.000000 201 302 308 223 3.911875 308 223 185 332 4.833741 
308 223 201 302 1.000000 201 302 96 394 1.049617 96 394 308 223 2.047831 
141 406 201 302 1.000000 201 302 308 223 1.107749 308 223 141 406 2.063403 
96 394 185 332 1.000000 185 332 308 223 1.515187 308 223 96 394 2.511089 
141 406 185 332 1.000000 185 332 308 223 1.908950 308 223 141 406 2.877655 
96 394 141 406 1.000000 141 406 308 223 5.319571 308 223 96 394 5.848282 
102 252 106 246 1.000000 106 246 108 227 2.649383 108 227 102 252 3.565324 
108 227 106 246 1.000000 106 246 201 302 5.772158 201 302 108 227 6.253547 
108 227 106 246 1.000000 106 246 185 332 6.112417 185 332 108 227 6.815373 
108 227 106 246 1.000000 106 246 96 394 7.764337 96 394 108 227 8.763717 
108 227 106 246 1.000000 106 246 141 406 8.572815 141 406 108 227 9.527178 
108 227 102 252 1.000000 102 252 201 302 4.313894 201 302 108 227 4.646994 
108 227 102 252 1.000000 102 252 185 332 4.483792 185 332 108 227 5.064486 
108 227 102 252 1.000000 102 252 96 394 5.528088 96 394 108 227 6.512295 
108 227 102 252 1.000000 102 252 141 406 6.178999 141 406 108 227 7.079621 
185 332 201 302 1.000000 201 302 108 227 3.513937 108 227 185 332 3.829633 
108 227 201 302 1.000000 201 302 96 394 1.168482 96 394 108 227 1.401399 
108 227 201 302 1.000000 201 302 141 406 1.004962 141 406 108 227 1.523484 
96 394 185 332 1.000000 185 332 108 227 1.200439 108 227 96 394 1.543614 
141 406 185 332 1.000000 185 332 108 227 1.512406 108 227 141 406 2.114185 
141 406 96 394 1.000000 96 394 108 227 3.595051 108 227 141 406 3.908237 
102 252 106 246 1.000000 106 246 201 302 15.292658 201 302 102 252 15.380432 
106 246 102 252 1.000000 102 252 185 332 15.986172 185 332 106 246 16.194135 
106 246 102 252 1.000000 102 252 96 394 19.709428 96 394 106 246 20.570704 
106 246 102 252 1.000000 102 252 141 406 22.030137 141 406 106 246 22.712670 
185 332 201 302 1.000000 201 302 106 246 3.243439 106 246 185 332 3.434634 
106 246 201 302 1.000000 201 302 96 394 1.265931 96 394 106 246 1.345136 
106 246 201 302 1.000000 201 302 141 406 1.088774 141 406 106 246 1.485201 
96 394 185 332 1.000000 185 332 106 246 1.076623 106 246 96 394 1.367587 
141 406 185 332 1.000000 185 332 106 246 1.356412 106 246 141 406 1.902401 
141 406 96 394 1.000000 96 394 106 246 3.185085 106 246 141 406 3.516739 
185 332 201 302 1.000000 201 302 102 252 3.262055 102 252 185 332 3.390527 
102 252 201 302 1.000000 201 302 96 394 1.258707 96 394 102 252 1.281461 
102 252 201 302 1.000000 201 302 141 406 1.082561 141 406 102 252 1.432348 
96 394 185 332 1.000000 185 332 102 252 1.062797 102 252 96 394 1.310327 
141 406 185 332 1.000000 185 332 102 252 1.338993 102 252 141 406 1.845233 
141 406 96 394 1.000000 96 394 102 252 3.051729 102 252 141 406 3.411058 
201 302 185 332 1.000000 185 332 96 394 3.190194 96 394 201 302 4.105971 
201 302 185 332 1.000000 185 332 141 406 2.532146 141 406 201 302 3.531372 
96 394 141 406 1.000000 141 406 201 302 2.578058 201 302 96 394 2.997540 
96 394 141 406 1.000000 141 406 185 332 1.848579 185 332 96 394 2.328982 