Indus
5 5 10
0 429 127 
1 394 229 
2 270 259 
3 148 307 
4 347 373 
0 1
0 2
1 4
2 3
3 4
429 127 394 229 1.000000 394 229 270 259 1.183049 270 259 429 127 1.916321 
429 127 394 229 1.000000 394 229 148 307 2.393128 148 307 429 127 3.094535 
429 127 394 229 1.000000 394 229 347 373 1.404665 347 373 429 127 2.404599 
148 307 270 259 1.000000 270 259 429 127 1.576256 429 127 148 307 2.545387 
347 373 270 259 1.000000 270 259 429 127 1.502178 429 127 347 373 1.884933 
148 307 347 373 1.000000 347 373 429 127 1.236801 429 127 148 307 1.591668 
394 229 270 259 1.000000 270 259 148 307 1.027635 148 307 394 229 2.022848 
394 229 270 259 1.000000 270 259 347 373 1.078311 347 373 394 229 1.187327 
394 229 347 373 1.000000 347 373 148 307 1.384108 148 307 394 229 1.703700 
148 307 270 259 1.000000 270 259 347 373 1.049314 347 373 148 307 1.599195 