Perseus
20 20 1140
0 391 44 
1 364 88 
2 392 95 
3 377 104 
4 182 144 
5 213 145 
6 322 151 
7 427 146 
8 362 151 
9 189 175 
10 292 180 
11 274 187 
12 205 187 
13 371 227 
14 382 289 
15 231 312 
16 396 321 
17 226 379 
18 275 436 
19 241 443 
0 1
0 2
1 2
1 6
2 8
4 5
4 9
6 8
6 11
7 8
8 13
9 12
11 12
11 15
13 14
14 15
14 16
15 17
17 19
18 19
364 88 392 95 1.000000 392 95 391 44 1.767385 391 44 364 88 1.788653 
377 104 364 88 1.000000 364 88 391 44 2.504114 391 44 377 104 2.988606 
391 44 364 88 1.000000 364 88 182 144 3.688632 182 144 391 44 4.488091 
391 44 364 88 1.000000 364 88 213 145 3.126477 213 145 391 44 3.964429 
391 44 364 88 1.000000 364 88 322 151 1.466704 322 151 391 44 2.466283 
391 44 364 88 1.000000 364 88 427 146 1.658793 427 146 391 44 2.095291 
391 44 364 88 1.000000 364 88 362 151 1.220986 362 151 391 44 2.147471 
391 44 364 88 1.000000 364 88 189 175 3.785724 189 175 391 44 4.663740 
391 44 364 88 1.000000 364 88 292 180 2.263007 292 180 391 44 3.258529 
391 44 364 88 1.000000 364 88 274 187 2.591732 274 187 391 44 3.579072 
391 44 364 88 1.000000 364 88 205 187 3.628220 205 187 391 44 4.544753 
391 44 364 88 1.000000 364 88 371 227 2.695977 371 227 391 44 3.565995 
391 44 364 88 1.000000 364 88 382 289 3.909146 382 289 391 44 4.749089 
391 44 364 88 1.000000 364 88 231 312 5.046315 231 312 391 44 6.046226 
391 44 364 88 1.000000 364 88 396 321 4.555804 396 321 391 44 5.366633 
391 44 364 88 1.000000 364 88 226 379 6.238686 226 379 391 44 7.233703 
391 44 364 88 1.000000 364 88 275 436 6.958063 275 436 391 44 7.918914 
391 44 364 88 1.000000 364 88 241 443 7.277764 241 443 391 44 8.257148 
377 104 392 95 1.000000 392 95 391 44 2.916036 391 44 377 104 3.522106 
391 44 392 95 1.000000 392 95 182 144 4.227440 182 144 391 44 4.542100 
391 44 392 95 1.000000 392 95 213 145 3.643458 213 145 391 44 4.012136 
391 44 392 95 1.000000 392 95 322 151 1.757383 322 151 391 44 2.495961 
391 44 392 95 1.000000 392 95 427 146 1.212604 427 146 391 44 2.120505 
391 44 392 95 1.000000 392 95 362 151 1.245437 362 151 391 44 2.173313 
391 44 392 95 1.000000 392 95 189 175 4.277509 189 175 391 44 4.719862 
391 44 392 95 1.000000 392 95 292 180 2.572918 292 180 391 44 3.297741 
391 44 392 95 1.000000 392 95 274 187 2.933283 274 187 391 44 3.622141 
391 44 392 95 1.000000 392 95 205 187 4.085604 205 187 391 44 4.599444 
391 44 392 95 1.000000 392 95 371 227 2.620281 371 227 391 44 3.608907 
391 44 392 95 1.000000 392 95 382 289 3.808240 382 289 391 44 4.806238 
391 44 392 95 1.000000 392 95 231 312 5.297092 231 312 391 44 6.118984 
391 44 392 95 1.000000 392 95 396 321 4.431215 396 321 391 44 5.431213 
391 44 392 95 1.000000 392 95 226 379 6.448877 226 379 391 44 7.320751 
391 44 392 95 1.000000 392 95 275 436 7.067534 275 436 391 44 8.014207 
391 44 392 95 1.000000 392 95 241 443 7.436769 241 443 391 44 8.356511 
391 44 377 104 1.000000 377 104 182 144 3.230885 182 144 391 44 3.760514 
391 44 377 104 1.000000 377 104 213 145 2.743754 213 145 391 44 3.321744 
391 44 377 104 1.000000 377 104 322 151 1.174232 322 151 391 44 2.066467 
391 44 377 104 1.000000 377 104 427 146 1.059853 427 146 391 44 1.755617 
362 151 377 104 1.000000 377 104 391 44 1.248829 391 44 362 151 2.247065 
391 44 377 104 1.000000 377 104 189 175 3.261722 189 175 391 44 3.907687 
391 44 377 104 1.000000 377 104 292 180 1.850654 292 180 391 44 2.730279 
391 44 377 104 1.000000 377 104 274 187 2.146995 274 187 391 44 2.998858 
391 44 377 104 1.000000 377 104 205 187 3.099721 205 187 391 44 3.807990 
391 44 377 104 1.000000 377 104 371 227 1.998748 371 227 391 44 2.987901 
391 44 377 104 1.000000 377 104 382 289 3.003774 382 289 391 44 3.979200 
391 44 377 104 1.000000 377 104 231 312 4.124639 231 312 391 44 5.066055 
391 44 377 104 1.000000 377 104 396 321 3.535534 396 321 391 44 4.496633 
391 44 377 104 1.000000 377 104 226 379 5.092040 226 379 391 44 6.061026 
391 44 377 104 1.000000 377 104 275 436 5.637168 275 436 391 44 6.635156 
391 44 377 104 1.000000 377 104 241 443 5.928468 241 443 391 44 6.918558 
182 144 213 145 1.000000 213 145 391 44 6.598447 391 44 182 144 7.470037 
391 44 322 151 1.000000 322 151 182 144 1.100978 182 144 391 44 1.819780 
427 146 391 44 1.000000 391 44 182 144 2.141990 182 144 427 146 2.265101 
391 44 362 151 1.000000 362 151 182 144 1.624893 182 144 391 44 2.089943 
189 175 182 144 1.000000 182 144 391 44 7.290371 391 44 189 175 7.575691 
182 144 292 180 1.000000 292 180 391 44 1.453392 391 44 182 144 2.001809 
182 144 274 187 1.000000 274 187 391 44 1.819393 391 44 182 144 2.281486 
205 187 182 144 1.000000 182 144 391 44 4.751212 391 44 205 187 4.811196 
391 44 371 227 1.000000 371 227 182 144 1.121312 182 144 391 44 1.258580 
182 144 391 44 1.000000 391 44 382 289 1.058153 382 289 182 144 1.066212 
231 312 182 144 1.000000 182 144 391 44 1.323952 391 44 231 312 1.783590 
182 144 391 44 1.000000 391 44 396 321 1.195750 396 321 182 144 1.198636 
391 44 182 144 1.000000 182 144 226 379 1.031905 226 379 391 44 1.611755 
391 44 182 144 1.000000 182 144 275 436 1.322673 275 436 391 44 1.764428 
391 44 182 144 1.000000 182 144 241 443 1.315393 241 443 391 44 1.839790 
213 145 322 151 1.000000 322 151 391 44 1.166294 391 44 213 145 1.874760 
427 146 391 44 1.000000 391 44 213 145 1.892066 213 145 427 146 1.978452 
391 44 362 151 1.000000 362 151 213 145 1.345123 213 145 391 44 1.846092 
189 175 213 145 1.000000 213 145 391 44 5.327042 391 44 189 175 6.266712 
213 145 292 180 1.000000 292 180 391 44 1.946822 391 44 213 145 2.368565 
213 145 274 187 1.000000 274 187 391 44 2.494771 391 44 213 145 2.763382 
205 187 213 145 1.000000 213 145 391 44 4.786755 391 44 205 187 5.487453 
213 145 371 227 1.000000 371 227 391 44 1.034146 391 44 213 145 1.149693 
391 44 213 145 1.000000 213 145 382 289 1.084878 382 289 391 44 1.197925 
231 312 213 145 1.000000 213 145 391 44 1.218441 391 44 231 312 1.858268 
391 44 213 145 1.000000 213 145 396 321 1.240603 396 321 391 44 1.353696 
391 44 213 145 1.000000 213 145 226 379 1.145133 226 379 391 44 1.824652 
391 44 213 145 1.000000 213 145 275 436 1.453797 275 436 391 44 1.997492 
391 44 213 145 1.000000 213 145 241 443 1.462499 241 443 391 44 2.082809 
322 151 427 146 1.000000 427 146 391 44 1.028992 391 44 322 151 1.211185 
322 151 362 151 1.000000 362 151 391 44 2.771507 391 44 322 151 3.182962 
391 44 322 151 1.000000 322 151 189 175 1.061496 189 175 391 44 1.890999 
292 180 322 151 1.000000 322 151 391 44 3.051351 391 44 292 180 4.031539 
274 187 322 151 1.000000 322 151 391 44 2.121975 391 44 274 187 3.079412 
205 187 322 151 1.000000 322 151 391 44 1.040071 391 44 205 187 1.916596 
371 227 322 151 1.000000 322 151 391 44 1.407974 391 44 371 227 2.035787 
391 44 322 151 1.000000 322 151 382 289 1.181912 382 289 391 44 1.925606 
391 44 322 151 1.000000 322 151 231 312 1.452561 231 312 391 44 2.451554 
391 44 322 151 1.000000 322 151 396 321 1.456251 396 321 391 44 2.176001 
391 44 322 151 1.000000 322 151 226 379 1.943051 226 379 391 44 2.933038 
391 44 322 151 1.000000 322 151 275 436 2.268715 275 436 391 44 3.210870 
391 44 322 151 1.000000 322 151 241 443 2.380066 241 443 391 44 3.348013 
362 151 427 146 1.000000 427 146 391 44 1.659199 391 44 362 151 1.700519 
391 44 427 146 1.000000 427 146 189 175 2.216585 189 175 391 44 2.225820 
391 44 427 146 1.000000 427 146 292 180 1.287049 292 180 391 44 1.555168 
391 44 427 146 1.000000 427 146 274 187 1.464392 274 187 391 44 1.708150 
391 44 427 146 1.000000 427 146 205 187 2.087099 205 187 391 44 2.169032 
371 227 427 146 1.000000 427 146 391 44 1.098435 391 44 371 227 1.869436 
391 44 427 146 1.000000 427 146 382 289 1.385949 382 289 391 44 2.266554 
391 44 427 146 1.000000 427 146 231 312 2.374580 231 312 391 44 2.885626 
391 44 427 146 1.000000 427 146 396 321 1.643064 396 321 391 44 2.561283 
391 44 427 146 1.000000 427 146 226 379 2.844848 226 379 391 44 3.452362 
391 44 427 146 1.000000 427 146 275 436 3.027001 275 436 391 44 3.779386 
391 44 427 146 1.000000 427 146 241 443 3.239777 241 443 391 44 3.940812 
391 44 362 151 1.000000 362 151 189 175 1.575468 189 175 391 44 2.171736 
292 180 362 151 1.000000 362 151 391 44 1.463127 391 44 292 180 2.220120 
274 187 362 151 1.000000 362 151 391 44 1.165982 391 44 274 187 1.943277 
391 44 362 151 1.000000 362 151 205 187 1.452951 205 187 391 44 2.116328 
371 227 362 151 1.000000 362 151 391 44 1.448566 391 44 371 227 2.405425 
391 44 362 151 1.000000 362 151 382 289 1.257815 382 289 391 44 2.211480 
391 44 362 151 1.000000 362 151 231 312 1.872285 231 312 391 44 2.815510 
391 44 362 151 1.000000 362 151 396 321 1.563830 396 321 391 44 2.499048 
391 44 362 151 1.000000 362 151 226 379 2.394732 226 379 391 44 3.368475 
391 44 362 151 1.000000 362 151 275 436 2.687917 275 436 391 44 3.687553 
391 44 362 151 1.000000 362 151 241 443 2.851134 241 443 391 44 3.845056 
189 175 292 180 1.000000 292 180 391 44 1.631255 391 44 189 175 2.334719 
189 175 274 187 1.000000 274 187 391 44 2.152359 391 44 189 175 2.804650 
189 175 205 187 1.000000 205 187 391 44 11.730835 391 44 189 175 12.037961 
391 44 371 227 1.000000 371 227 189 175 1.028210 189 175 391 44 1.307837 
382 289 189 175 1.000000 189 175 391 44 1.074080 391 44 382 289 1.093736 
231 312 189 175 1.000000 189 175 391 44 1.680184 391 44 231 312 2.178245 
391 44 189 175 1.000000 189 175 396 321 1.052122 396 321 391 44 1.150715 
226 379 189 175 1.000000 189 175 391 44 1.161247 391 44 226 379 1.801154 
391 44 189 175 1.000000 189 175 275 436 1.141404 275 436 391 44 1.697975 
391 44 189 175 1.000000 189 175 241 443 1.133905 241 443 391 44 1.770499 
274 187 292 180 1.000000 292 180 391 44 8.709952 391 44 274 187 9.566754 
205 187 292 180 1.000000 292 180 391 44 1.927302 391 44 205 187 2.688057 
371 227 292 180 1.000000 292 180 391 44 1.829961 391 44 371 227 2.002631 
382 289 292 180 1.000000 292 180 391 44 1.190040 391 44 382 289 1.734404 
231 312 292 180 1.000000 292 180 391 44 1.156822 391 44 231 312 2.146491 
391 44 292 180 1.000000 292 180 396 321 1.041544 396 321 391 44 1.646950 
391 44 292 180 1.000000 292 180 226 379 1.246361 226 379 391 44 2.219929 
391 44 292 180 1.000000 292 180 275 436 1.525195 275 436 391 44 2.430211 
391 44 292 180 1.000000 292 180 241 443 1.592580 241 443 391 44 2.534011 
205 187 274 187 1.000000 274 187 391 44 2.677749 391 44 205 187 3.400242 
274 187 371 227 1.000000 371 227 391 44 1.754508 391 44 274 187 1.760942 
382 289 274 187 1.000000 274 187 391 44 1.243763 391 44 382 289 1.650355 
231 312 274 187 1.000000 274 187 391 44 1.397729 391 44 231 312 2.361222 
396 321 274 187 1.000000 274 187 391 44 1.019571 391 44 396 321 1.528794 
391 44 274 187 1.000000 274 187 226 379 1.071141 226 379 391 44 2.021111 
391 44 274 187 1.000000 274 187 275 436 1.347671 275 436 391 44 2.212561 
391 44 274 187 1.000000 274 187 241 443 1.397010 241 443 391 44 2.307064 
205 187 371 227 1.000000 371 227 391 44 1.078116 391 44 205 187 1.374026 
382 289 205 187 1.000000 205 187 391 44 1.148469 391 44 382 289 1.200105 
231 312 205 187 1.000000 205 187 391 44 1.837604 391 44 231 312 2.444702 
396 321 205 187 1.000000 205 187 391 44 1.005569 391 44 396 321 1.187417 
226 379 205 187 1.000000 205 187 391 44 1.214718 391 44 226 379 1.933418 
391 44 205 187 1.000000 205 187 275 436 1.102446 275 436 391 44 1.742430 
391 44 205 187 1.000000 205 187 241 443 1.101877 241 443 391 44 1.816853 
382 289 371 227 1.000000 371 227 391 44 2.923532 391 44 382 289 3.893474 
231 312 371 227 1.000000 371 227 391 44 1.123982 391 44 231 312 1.905738 
396 321 371 227 1.000000 371 227 391 44 1.892609 391 44 396 321 2.848275 
391 44 371 227 1.000000 371 227 226 379 1.141124 226 379 391 44 2.028523 
391 44 371 227 1.000000 371 227 275 436 1.249356 275 436 391 44 2.220674 
391 44 371 227 1.000000 371 227 241 443 1.369459 241 443 391 44 2.315524 
231 312 382 289 1.000000 382 289 391 44 1.605098 391 44 231 312 2.043505 
396 321 382 289 1.000000 382 289 391 44 7.019061 391 44 396 321 7.931779 
226 379 382 289 1.000000 382 289 391 44 1.361273 391 44 226 379 2.073460 
275 436 382 289 1.000000 382 289 391 44 1.348406 391 44 275 436 2.248412 
241 443 382 289 1.000000 382 289 391 44 1.174169 391 44 241 443 2.041505 
231 312 396 321 1.000000 396 321 391 44 1.676569 391 44 231 312 1.888878 
226 379 231 312 1.000000 231 312 391 44 4.645711 391 44 226 379 5.558127 
275 436 231 312 1.000000 231 312 391 44 2.372244 391 44 275 436 3.106995 
241 443 231 312 1.000000 231 312 391 44 2.375746 391 44 241 443 3.244484 
226 379 396 321 1.000000 396 321 391 44 1.542380 391 44 226 379 2.078979 
275 436 396 321 1.000000 396 321 391 44 1.659637 391 44 275 436 2.448933 
241 443 396 321 1.000000 396 321 391 44 1.404512 391 44 241 443 2.160994 
275 436 226 379 1.000000 226 379 391 44 4.968039 391 44 275 436 5.438636 
241 443 226 379 1.000000 226 379 391 44 5.680900 391 44 241 443 6.484650 
241 443 275 436 1.000000 275 436 391 44 11.776621 391 44 241 443 12.279626 
392 95 377 104 1.000000 377 104 364 88 1.178511 364 88 392 95 1.649916 
392 95 364 88 1.000000 364 88 182 144 6.597682 182 144 392 95 7.471515 
392 95 364 88 1.000000 364 88 213 145 5.592183 213 145 392 95 6.439393 
392 95 364 88 1.000000 364 88 322 151 2.623424 322 151 392 95 3.105971 
364 88 392 95 1.000000 392 95 427 146 2.143137 427 146 364 88 2.967005 
392 95 364 88 1.000000 364 88 362 151 2.183920 362 151 392 95 2.201167 
392 95 364 88 1.000000 364 88 189 175 6.771347 189 175 392 95 7.560004 
392 95 364 88 1.000000 364 88 292 180 4.047734 292 180 392 95 4.547337 
392 95 364 88 1.000000 364 88 274 187 4.635709 274 187 392 95 5.184241 
392 95 364 88 1.000000 364 88 205 187 6.489626 205 187 392 95 7.220835 
364 88 392 95 1.000000 392 95 371 227 4.631045 371 227 364 88 4.822168 
364 88 392 95 1.000000 392 95 382 289 6.730626 382 289 364 88 6.992107 
392 95 364 88 1.000000 364 88 231 312 9.026106 231 312 392 95 9.362001 
364 88 392 95 1.000000 392 95 396 321 7.831662 396 321 364 88 8.148752 
392 95 364 88 1.000000 364 88 226 379 11.158844 226 379 392 95 11.397647 
392 95 364 88 1.000000 364 88 275 436 12.445560 275 436 392 95 12.491053 
392 95 364 88 1.000000 364 88 241 443 13.017395 241 443 392 95 13.143634 
377 104 364 88 1.000000 364 88 182 144 9.236755 182 144 377 104 9.655842 
377 104 364 88 1.000000 364 88 213 145 7.829056 213 145 377 104 8.200000 
364 88 377 104 1.000000 377 104 322 151 3.509315 322 151 364 88 3.672793 
364 88 377 104 1.000000 377 104 427 146 3.167482 427 146 364 88 4.153808 
364 88 377 104 1.000000 377 104 362 151 2.393127 362 151 364 88 3.057488 
377 104 364 88 1.000000 364 88 189 175 9.479886 189 175 377 104 9.748001 
364 88 377 104 1.000000 377 104 292 180 5.530876 292 180 364 88 5.666828 
364 88 377 104 1.000000 377 104 274 187 6.416523 274 187 364 88 6.489992 
377 104 364 88 1.000000 364 88 205 187 9.085476 205 187 377 104 9.263845 
364 88 377 104 1.000000 377 104 371 227 5.973471 371 227 364 88 6.751035 
364 88 377 104 1.000000 377 104 382 289 8.977095 382 289 364 88 9.788949 
364 88 377 104 1.000000 377 104 231 312 12.326919 231 312 364 88 12.636548 
364 88 377 104 1.000000 377 104 396 321 10.566317 396 321 364 88 11.408253 
364 88 377 104 1.000000 377 104 226 379 15.218101 226 379 364 88 15.622382 
364 88 377 104 1.000000 377 104 275 436 16.847272 275 436 364 88 17.423784 
364 88 377 104 1.000000 377 104 241 443 17.717854 241 443 364 88 18.224353 
182 144 213 145 1.000000 213 145 364 88 5.203749 364 88 182 144 6.139406 
364 88 322 151 1.000000 322 151 182 144 1.851310 182 144 364 88 2.514913 
427 146 364 88 1.000000 364 88 182 144 2.223684 182 144 427 146 2.861144 
364 88 362 151 1.000000 362 151 182 144 2.857863 182 144 364 88 3.021027 
189 175 182 144 1.000000 182 144 364 88 5.991743 364 88 189 175 6.149459 
182 144 292 180 1.000000 292 180 364 88 1.009362 364 88 182 144 1.645229 
182 144 274 187 1.000000 274 187 364 88 1.317486 364 88 182 144 1.875087 
182 144 205 187 1.000000 205 187 364 88 3.840929 364 88 182 144 3.904883 
371 227 364 88 1.000000 364 88 182 144 1.368198 182 144 371 227 1.483170 
182 144 364 88 1.000000 364 88 382 289 1.059782 382 289 182 144 1.297299 
231 312 182 144 1.000000 182 144 364 88 1.088118 364 88 231 312 1.488624 
182 144 364 88 1.000000 364 88 396 321 1.235093 396 321 182 144 1.458424 
364 88 182 144 1.000000 182 144 226 379 1.255556 226 379 364 88 1.691328 
364 88 182 144 1.000000 182 144 275 436 1.609344 275 436 364 88 1.886353 
364 88 182 144 1.000000 182 144 241 443 1.600486 241 443 364 88 1.973025 
364 88 322 151 1.000000 322 151 213 145 1.441758 213 145 364 88 2.131635 
427 146 364 88 1.000000 364 88 213 145 1.884790 213 145 427 146 2.499066 
364 88 362 151 1.000000 362 151 213 145 2.365804 213 145 364 88 2.560617 
189 175 213 145 1.000000 213 145 364 88 4.201077 364 88 189 175 5.086914 
213 145 292 180 1.000000 292 180 364 88 1.352043 364 88 213 145 1.867927 
213 145 274 187 1.000000 274 187 364 88 1.806551 364 88 213 145 2.179293 
205 187 213 145 1.000000 213 145 364 88 3.774990 364 88 205 187 4.380807 
371 227 364 88 1.000000 364 88 213 145 1.159682 213 145 371 227 1.279036 
213 145 364 88 1.000000 364 88 382 289 1.250336 382 289 213 145 1.375645 
364 88 213 145 1.000000 213 145 231 312 1.040689 231 312 364 88 1.614058 
213 145 364 88 1.000000 364 88 396 321 1.457168 396 321 213 145 1.573107 
364 88 213 145 1.000000 213 145 226 379 1.452049 226 379 364 88 1.995436 
364 88 213 145 1.000000 213 145 275 436 1.843440 275 436 364 88 2.225528 
364 88 213 145 1.000000 213 145 241 443 1.854475 241 443 364 88 2.327784 
322 151 364 88 1.000000 364 88 427 146 1.130967 427 146 322 151 1.388322 
322 151 362 151 1.000000 362 151 364 88 1.575793 364 88 322 151 1.892914 
364 88 322 151 1.000000 322 151 189 175 1.784920 189 175 364 88 2.581111 
292 180 322 151 1.000000 322 151 364 88 1.814645 364 88 292 180 2.799852 
274 187 322 151 1.000000 322 151 364 88 1.261943 364 88 274 187 2.229910 
364 88 322 151 1.000000 322 151 205 187 1.616730 205 187 364 88 2.473724 
364 88 322 151 1.000000 322 151 371 227 1.194280 371 227 364 88 1.838120 
364 88 322 151 1.000000 322 151 382 289 1.987401 382 289 364 88 2.665260 
364 88 322 151 1.000000 322 151 231 312 2.442501 231 312 364 88 3.440582 
364 88 322 151 1.000000 322 151 396 321 2.448706 396 321 364 88 3.106152 
364 88 322 151 1.000000 322 151 226 379 3.267268 226 379 364 88 4.253542 
364 88 322 151 1.000000 322 151 275 436 3.814877 275 436 364 88 4.744014 
364 88 322 151 1.000000 322 151 241 443 4.002114 241 443 364 88 4.961987 
364 88 362 151 1.000000 362 151 427 146 1.034273 427 146 364 88 1.358569 
427 146 364 88 1.000000 364 88 189 175 2.282216 189 175 427 146 2.799861 
427 146 364 88 1.000000 364 88 292 180 1.364249 292 180 427 146 1.625726 
427 146 364 88 1.000000 364 88 274 187 1.562420 274 187 427 146 1.849735 
427 146 364 88 1.000000 364 88 205 187 2.187265 205 187 427 146 2.636302 
364 88 427 146 1.000000 427 146 371 227 1.149947 371 227 364 88 1.625264 
364 88 427 146 1.000000 427 146 382 289 1.750650 382 289 364 88 2.356621 
364 88 427 146 1.000000 427 146 231 312 2.999432 231 312 364 88 3.042160 
364 88 427 146 1.000000 427 146 396 321 2.075422 396 321 364 88 2.746457 
364 88 427 146 1.000000 427 146 226 379 3.593447 226 379 364 88 3.760979 
364 88 427 146 1.000000 427 146 275 436 3.823531 275 436 364 88 4.194653 
364 88 427 146 1.000000 427 146 241 443 4.092297 241 443 364 88 4.387385 
364 88 362 151 1.000000 362 151 189 175 2.770934 189 175 364 88 3.100547 
364 88 362 151 1.000000 362 151 292 180 1.202083 292 180 364 88 1.853426 
364 88 362 151 1.000000 362 151 274 187 1.508429 274 187 364 88 2.122655 
364 88 362 151 1.000000 362 151 205 187 2.555451 205 187 364 88 2.971549 
364 88 362 151 1.000000 362 151 371 227 1.214167 371 227 364 88 2.208033 
364 88 362 151 1.000000 362 151 382 289 2.212247 382 289 364 88 3.201631 
364 88 362 151 1.000000 362 151 231 312 3.292977 231 312 364 88 4.132983 
364 88 362 151 1.000000 362 151 396 321 2.750466 396 321 364 88 3.731250 
364 88 362 151 1.000000 362 151 226 379 4.211857 226 379 364 88 5.109547 
364 88 362 151 1.000000 362 151 275 436 4.727511 275 436 364 88 5.698724 
364 88 362 151 1.000000 362 151 241 443 5.014577 241 443 364 88 5.960563 
189 175 292 180 1.000000 292 180 364 88 1.132886 364 88 189 175 1.895175 
189 175 274 187 1.000000 274 187 364 88 1.558599 364 88 189 175 2.276634 
189 175 205 187 1.000000 205 187 364 88 9.365095 364 88 189 175 9.771643 
364 88 371 227 1.000000 371 227 189 175 1.360024 189 175 364 88 1.404212 
189 175 364 88 1.000000 364 88 382 289 1.032602 382 289 189 175 1.146962 
231 312 189 175 1.000000 189 175 364 88 1.363865 364 88 231 312 1.818012 
189 175 364 88 1.000000 364 88 396 321 1.203417 396 321 189 175 1.296139 
364 88 189 175 1.000000 189 175 226 379 1.060867 226 379 364 88 1.647950 
364 88 189 175 1.000000 189 175 275 436 1.406128 275 436 364 88 1.837974 
364 88 189 175 1.000000 189 175 241 443 1.396890 241 443 364 88 1.922423 
274 187 292 180 1.000000 292 180 364 88 6.048951 364 88 274 187 6.927623 
205 187 292 180 1.000000 292 180 364 88 1.338487 364 88 205 187 2.145960 
371 227 292 180 1.000000 292 180 364 88 1.270885 364 88 371 227 1.514037 
364 88 292 180 1.000000 292 180 382 289 1.209969 382 289 364 88 1.727412 
364 88 292 180 1.000000 292 180 231 312 1.244713 231 312 364 88 2.229916 
364 88 292 180 1.000000 292 180 396 321 1.499731 396 321 364 88 2.013164 
364 88 292 180 1.000000 292 180 226 379 1.794649 226 379 364 88 2.756812 
364 88 292 180 1.000000 292 180 275 436 2.196145 275 436 364 88 3.074698 
364 88 292 180 1.000000 292 180 241 443 2.293174 241 443 364 88 3.215971 
205 187 274 187 1.000000 274 187 364 88 1.939052 364 88 205 187 2.714520 
371 227 274 187 1.000000 274 187 364 88 1.275160 364 88 371 227 1.326450 
364 88 274 187 1.000000 274 187 382 289 1.110306 382 289 364 88 1.508314 
231 312 274 187 1.000000 274 187 364 88 1.012144 364 88 231 312 1.970728 
364 88 274 187 1.000000 274 187 396 321 1.354450 396 321 364 88 1.757822 
364 88 274 187 1.000000 274 187 226 379 1.479201 226 379 364 88 2.407150 
364 88 274 187 1.000000 274 187 275 436 1.861076 275 436 364 88 2.684716 
364 88 274 187 1.000000 274 187 241 443 1.929212 241 443 364 88 2.808070 
364 88 371 227 1.000000 371 227 205 187 1.226872 205 187 364 88 1.345790 
205 187 364 88 1.000000 364 88 382 289 1.077428 382 289 205 187 1.090681 
231 312 205 187 1.000000 205 187 364 88 1.467017 364 88 231 312 2.040402 
364 88 205 187 1.000000 205 187 396 321 1.245675 396 321 364 88 1.255658 
364 88 205 187 1.000000 205 187 226 379 1.031196 226 379 364 88 1.719490 
364 88 205 187 1.000000 205 187 275 436 1.380938 275 436 364 88 1.917762 
364 88 205 187 1.000000 205 187 241 443 1.380226 241 443 364 88 2.005878 
382 289 371 227 1.000000 371 227 364 88 2.210259 364 88 382 289 3.204859 
364 88 371 227 1.000000 371 227 231 312 1.176806 231 312 364 88 1.871794 
396 321 371 227 1.000000 371 227 364 88 1.430857 364 88 396 321 2.417938 
364 88 371 227 1.000000 371 227 226 379 1.509375 226 379 364 88 2.314072 
364 88 371 227 1.000000 371 227 275 436 1.652535 275 436 364 88 2.580906 
364 88 371 227 1.000000 371 227 241 443 1.811396 241 443 364 88 2.699490 
231 312 382 289 1.000000 382 289 364 88 1.321214 364 88 231 312 1.705554 
396 321 382 289 1.000000 382 289 364 88 5.777642 364 88 396 321 6.733389 
226 379 382 289 1.000000 382 289 364 88 1.120513 364 88 226 379 1.788249 
275 436 382 289 1.000000 382 289 364 88 1.109921 364 88 275 436 1.975598 
364 88 382 289 1.000000 382 289 241 443 1.034660 241 443 364 88 1.861727 
231 312 396 321 1.000000 396 321 364 88 1.423261 364 88 231 312 1.576500 
226 379 231 312 1.000000 231 312 364 88 3.877414 364 88 226 379 4.793591 
275 436 231 312 1.000000 231 312 364 88 1.979928 364 88 275 436 2.730004 
241 443 231 312 1.000000 231 312 364 88 1.982850 364 88 241 443 2.859655 
226 379 396 321 1.000000 396 321 364 88 1.309346 364 88 226 379 1.793010 
275 436 396 321 1.000000 396 321 364 88 1.408887 364 88 275 436 2.151789 
241 443 396 321 1.000000 396 321 364 88 1.192308 364 88 241 443 1.904678 
275 436 226 379 1.000000 226 379 364 88 4.284671 364 88 275 436 4.778732 
241 443 226 379 1.000000 226 379 364 88 4.899475 364 88 241 443 5.715503 
241 443 275 436 1.000000 275 436 364 88 10.347690 364 88 241 443 10.823135 
392 95 377 104 1.000000 377 104 182 144 11.379520 182 144 392 95 12.327370 
392 95 377 104 1.000000 377 104 213 145 9.663793 213 145 392 95 10.624457 
392 95 377 104 1.000000 377 104 322 151 4.135768 322 151 392 95 5.124591 
377 104 392 95 1.000000 392 95 427 146 3.535996 427 146 377 104 3.732913 
392 95 377 104 1.000000 377 104 362 151 2.820328 362 151 392 95 3.631741 
392 95 377 104 1.000000 377 104 189 175 11.488130 189 175 392 95 12.473370 
392 95 377 104 1.000000 377 104 292 180 6.518200 292 180 392 95 7.502723 
392 95 377 104 1.000000 377 104 274 187 7.561945 274 187 392 95 8.553561 
392 95 377 104 1.000000 377 104 205 187 10.917546 205 187 392 95 11.913770 
392 95 377 104 1.000000 377 104 371 227 7.039803 371 227 392 95 7.640835 
392 95 377 104 1.000000 377 104 382 289 10.579608 382 289 392 95 11.104966 
392 95 377 104 1.000000 377 104 231 312 14.527414 231 312 392 95 15.446513 
392 95 377 104 1.000000 377 104 396 321 12.452524 396 321 392 95 12.921584 
392 95 377 104 1.000000 377 104 226 379 17.934704 226 379 392 95 18.805159 
392 95 377 104 1.000000 377 104 275 436 19.854701 275 436 392 95 20.609186 
392 95 377 104 1.000000 377 104 241 443 20.880691 241 443 392 95 21.685889 
182 144 213 145 1.000000 213 145 392 95 5.992112 392 95 182 144 6.952542 
392 95 322 151 1.000000 322 151 182 144 1.563689 182 144 392 95 2.405532 
427 146 392 95 1.000000 392 95 182 144 3.486251 182 144 427 146 3.961029 
392 95 362 151 1.000000 362 151 182 144 2.835470 182 144 392 95 3.394342 
189 175 182 144 1.000000 182 144 392 95 6.785322 392 95 189 175 6.865685 
182 144 292 180 1.000000 292 180 392 95 1.133945 392 95 182 144 1.863132 
182 144 274 187 1.000000 274 187 392 95 1.473381 392 95 182 144 2.123433 
182 144 205 187 1.000000 205 187 392 95 4.273700 392 95 182 144 4.422066 
392 95 371 227 1.000000 371 227 182 144 1.544380 182 144 392 95 1.613354 
382 289 392 95 1.000000 392 95 182 144 1.110077 182 144 382 289 1.271674 
231 312 182 144 1.000000 182 144 392 95 1.232234 392 95 231 312 1.544021 
182 144 392 95 1.000000 392 95 396 321 1.048203 396 321 182 144 1.287853 
392 95 182 144 1.000000 182 144 226 379 1.108712 226 379 392 95 1.525480 
392 95 182 144 1.000000 182 144 275 436 1.421123 275 436 392 95 1.671823 
392 95 182 144 1.000000 182 144 241 443 1.413301 241 443 392 95 1.759166 
392 95 322 151 1.000000 322 151 213 145 1.217765 213 145 392 95 2.073230 
427 146 392 95 1.000000 392 95 213 145 3.004657 213 145 427 146 3.459760 
392 95 362 151 1.000000 362 151 213 145 2.347267 213 145 392 95 2.925445 
189 175 213 145 1.000000 213 145 392 95 4.837537 392 95 189 175 5.679386 
213 145 292 180 1.000000 292 180 392 95 1.518923 392 95 213 145 2.150916 
213 145 274 187 1.000000 274 187 392 95 2.020316 392 95 213 145 2.509453 
205 187 213 145 1.000000 213 145 392 95 4.346897 392 95 205 187 4.874407 
392 95 371 227 1.000000 371 227 213 145 1.331821 213 145 392 95 1.390484 
213 145 392 95 1.000000 392 95 382 289 1.045227 382 289 213 145 1.194656 
231 312 213 145 1.000000 213 145 392 95 1.106478 392 95 231 312 1.608668 
213 145 392 95 1.000000 392 95 396 321 1.216211 396 321 213 145 1.366138 
392 95 213 145 1.000000 213 145 226 379 1.261007 226 379 392 95 1.769988 
392 95 213 145 1.000000 213 145 275 436 1.600905 275 436 392 95 1.939787 
392 95 213 145 1.000000 213 145 241 443 1.610488 241 443 392 95 2.041129 
427 146 392 95 1.000000 392 95 322 151 1.449264 322 151 427 146 1.699451 
322 151 362 151 1.000000 362 151 392 95 1.588238 392 95 322 151 2.241093 
392 95 322 151 1.000000 322 151 189 175 1.507613 189 175 392 95 2.434022 
292 180 322 151 1.000000 322 151 392 95 2.148427 392 95 292 180 3.145431 
274 187 322 151 1.000000 322 151 392 95 1.494062 392 95 274 187 2.493770 
392 95 322 151 1.000000 322 151 205 187 1.365553 205 187 392 95 2.324823 
392 95 322 151 1.000000 322 151 371 227 1.008735 371 227 392 95 1.491013 
392 95 322 151 1.000000 322 151 382 289 1.678636 382 289 392 95 2.166995 
392 95 322 151 1.000000 322 151 231 312 2.063031 231 312 392 95 3.014194 
392 95 322 151 1.000000 322 151 396 321 2.068272 396 321 392 95 2.521486 
392 95 322 151 1.000000 322 151 226 379 2.759661 226 379 392 95 3.669592 
392 95 322 151 1.000000 322 151 275 436 3.222193 275 436 392 95 4.021625 
392 95 322 151 1.000000 322 151 241 443 3.380341 241 443 392 95 4.231730 
427 146 392 95 1.000000 392 95 362 151 1.027077 362 151 427 146 1.053955 
427 146 392 95 1.000000 392 95 189 175 3.527541 189 175 427 146 3.876188 
427 146 392 95 1.000000 392 95 292 180 2.121813 292 180 427 146 2.250690 
427 146 392 95 1.000000 392 95 274 187 2.418996 274 187 427 146 2.560813 
427 146 392 95 1.000000 392 95 205 187 3.369283 205 187 427 146 3.649753 
392 95 427 146 1.000000 427 146 371 227 1.592012 371 227 392 95 2.160872 
392 95 427 146 1.000000 427 146 382 289 2.423638 382 289 392 95 3.140548 
392 95 427 146 1.000000 427 146 231 312 4.152478 231 312 392 95 4.368363 
392 95 427 146 1.000000 427 146 396 321 2.873259 396 321 392 95 3.654298 
392 95 427 146 1.000000 427 146 226 379 4.974845 226 379 392 95 5.318207 
392 95 427 146 1.000000 427 146 275 436 5.293379 275 436 392 95 5.828396 
392 95 427 146 1.000000 427 146 241 443 5.665465 241 443 392 95 6.132894 
392 95 362 151 1.000000 362 151 189 175 2.749223 189 175 392 95 3.434543 
392 95 362 151 1.000000 362 151 292 180 1.192664 292 180 392 95 2.065875 
392 95 362 151 1.000000 362 151 274 187 1.496610 274 187 392 95 2.355223 
392 95 362 151 1.000000 362 151 205 187 2.535428 205 187 392 95 3.280457 
392 95 362 151 1.000000 362 151 371 227 1.204653 371 227 392 95 2.103904 
392 95 362 151 1.000000 362 151 382 289 2.194913 382 289 392 95 3.057753 
392 95 362 151 1.000000 362 151 231 312 3.267175 231 312 392 95 4.253198 
392 95 362 151 1.000000 362 151 396 321 2.728915 396 321 392 95 3.557958 
392 95 362 151 1.000000 362 151 226 379 4.178856 226 379 392 95 5.178001 
392 95 362 151 1.000000 362 151 275 436 4.690469 275 436 392 95 5.674740 
392 95 362 151 1.000000 362 151 241 443 4.975286 241 443 392 95 5.971210 
189 175 292 180 1.000000 292 180 392 95 1.272715 392 95 189 175 2.115905 
189 175 274 187 1.000000 274 187 392 95 1.743024 392 95 189 175 2.541793 
189 175 205 187 1.000000 205 187 392 95 10.420293 392 95 189 175 10.909743 
392 95 371 227 1.000000 371 227 189 175 1.416152 189 175 392 95 1.632462 
382 289 392 95 1.000000 392 95 189 175 1.123225 189 175 382 289 1.153901 
231 312 189 175 1.000000 189 175 392 95 1.522714 392 95 231 312 1.885667 
189 175 392 95 1.000000 392 95 396 321 1.035934 396 321 189 175 1.160926 
226 379 189 175 1.000000 189 175 392 95 1.052413 392 95 226 379 1.586643 
392 95 189 175 1.000000 189 175 275 436 1.259441 275 436 392 95 1.652255 
392 95 189 175 1.000000 189 175 241 443 1.251167 241 443 392 95 1.738575 
274 187 292 180 1.000000 292 180 392 95 6.795559 392 95 274 187 7.747351 
205 187 292 180 1.000000 292 180 392 95 1.503693 392 95 205 187 2.387753 
371 227 292 180 1.000000 292 180 392 95 1.427747 392 95 371 227 1.454029 
392 95 292 180 1.000000 292 180 382 289 1.077033 382 289 392 95 1.480125 
392 95 292 180 1.000000 292 180 231 312 1.107960 231 312 392 95 2.058788 
392 95 292 180 1.000000 292 180 396 321 1.334960 396 321 392 95 1.722253 
392 95 292 180 1.000000 292 180 226 379 1.597476 226 379 392 95 2.506445 
392 95 292 180 1.000000 292 180 275 436 1.954861 275 436 392 95 2.746894 
392 95 292 180 1.000000 292 180 241 443 2.041230 241 443 392 95 2.890403 
205 187 274 187 1.000000 274 187 392 95 2.168496 392 95 205 187 3.020375 
274 187 371 227 1.000000 371 227 392 95 1.273877 392 95 274 187 1.426047 
382 289 274 187 1.000000 274 187 392 95 1.007224 392 95 382 289 1.307665 
231 312 274 187 1.000000 274 187 392 95 1.131909 392 95 231 312 2.044066 
392 95 274 187 1.000000 274 187 396 321 1.211139 396 321 392 95 1.510667 
392 95 274 187 1.000000 274 187 226 379 1.322690 226 379 392 95 2.198518 
392 95 274 187 1.000000 274 187 275 436 1.664160 275 436 392 95 2.409428 
392 95 274 187 1.000000 274 187 241 443 1.725087 241 443 392 95 2.535305 
392 95 371 227 1.000000 371 227 205 187 1.277505 205 187 392 95 1.559224 
392 95 382 289 1.000000 382 289 205 187 1.051627 205 187 392 95 1.072833 
231 312 205 187 1.000000 205 187 392 95 1.632311 392 95 231 312 2.116333 
205 187 392 95 1.000000 392 95 396 321 1.084592 396 321 205 187 1.119534 
226 379 205 187 1.000000 205 187 392 95 1.079012 392 95 226 379 1.703155 
392 95 205 187 1.000000 205 187 275 436 1.241099 275 436 392 95 1.729863 
392 95 205 187 1.000000 205 187 241 443 1.240459 241 443 392 95 1.820237 
382 289 371 227 1.000000 371 227 392 95 2.122657 392 95 382 289 3.085008 
392 95 371 227 1.000000 371 227 231 312 1.225373 231 312 392 95 2.021574 
396 321 371 227 1.000000 371 227 392 95 1.374146 392 95 396 321 2.323849 
392 95 371 227 1.000000 371 227 226 379 1.571667 226 379 392 95 2.461139 
392 95 371 227 1.000000 371 227 275 436 1.720735 275 436 392 95 2.697243 
392 95 371 227 1.000000 371 227 241 443 1.886152 241 443 392 95 2.838157 
231 312 382 289 1.000000 382 289 392 95 1.271805 392 95 231 312 1.769024 
396 321 382 289 1.000000 382 289 392 95 5.561578 392 95 396 321 6.471375 
226 379 382 289 1.000000 382 289 392 95 1.078610 392 95 226 379 1.826518 
275 436 382 289 1.000000 382 289 392 95 1.068414 392 95 275 436 1.982820 
392 95 382 289 1.000000 382 289 241 443 1.074856 241 443 392 95 1.952810 
231 312 396 321 1.000000 396 321 392 95 1.367878 392 95 231 312 1.635167 
226 379 231 312 1.000000 231 312 392 95 4.021707 392 95 226 379 4.896175 
275 436 231 312 1.000000 231 312 392 95 2.053608 392 95 275 436 2.739983 
241 443 231 312 1.000000 231 312 392 95 2.056640 392 95 241 443 2.887387 
226 379 396 321 1.000000 396 321 392 95 1.258396 392 95 226 379 1.831381 
275 436 396 321 1.000000 396 321 392 95 1.354064 392 95 275 436 2.159654 
241 443 396 321 1.000000 396 321 392 95 1.145912 392 95 241 443 1.923149 
275 436 226 379 1.000000 226 379 392 95 4.376365 392 95 275 436 4.796201 
241 443 226 379 1.000000 226 379 392 95 5.004326 392 95 241 443 5.770930 
241 443 275 436 1.000000 275 436 392 95 10.385515 392 95 241 443 10.928094 
182 144 213 145 1.000000 213 145 377 104 5.450305 377 104 182 144 6.417961 
377 104 322 151 1.000000 322 151 182 144 1.937552 182 144 377 104 2.751489 
427 146 377 104 1.000000 377 104 182 144 3.048429 182 144 427 146 3.752079 
377 104 362 151 1.000000 362 151 182 144 3.651240 182 144 377 104 4.034822 
189 175 182 144 1.000000 182 144 377 104 6.263599 377 104 189 175 6.323381 
377 104 292 180 1.000000 292 180 182 144 1.015077 182 144 377 104 1.745807 
182 144 274 187 1.000000 274 187 377 104 1.302572 377 104 182 144 1.960163 
182 144 205 187 1.000000 205 187 377 104 3.916335 377 104 182 144 4.082054 
371 227 377 104 1.000000 377 104 182 144 1.616454 182 144 371 227 1.676234 
382 289 377 104 1.000000 377 104 182 144 1.075609 182 144 382 289 1.334823 
231 312 182 144 1.000000 182 144 377 104 1.137487 377 104 231 312 1.452148 
182 144 377 104 1.000000 377 104 396 321 1.094293 396 321 182 144 1.395124 
377 104 182 144 1.000000 182 144 226 379 1.201062 226 379 377 104 1.576051 
377 104 182 144 1.000000 182 144 275 436 1.539495 275 436 377 104 1.744775 
377 104 182 144 1.000000 182 144 241 443 1.531021 241 443 377 104 1.834936 
377 104 322 151 1.000000 322 151 213 145 1.508921 213 145 377 104 2.336638 
427 146 377 104 1.000000 377 104 213 145 2.588807 213 145 427 146 3.277253 
377 104 362 151 1.000000 362 151 213 145 3.022580 213 145 377 104 3.426479 
189 175 213 145 1.000000 213 145 377 104 4.400126 377 104 189 175 5.230785 
213 145 292 180 1.000000 292 180 377 104 1.319606 377 104 213 145 1.956430 
213 145 274 187 1.000000 274 187 377 104 1.786100 377 104 213 145 2.282548 
205 187 213 145 1.000000 213 145 377 104 3.953850 377 104 205 187 4.466812 
371 227 377 104 1.000000 377 104 213 145 1.372736 213 145 371 227 1.445527 
213 145 377 104 1.000000 377 104 382 289 1.094768 382 289 213 145 1.313415 
231 312 213 145 1.000000 213 145 377 104 1.006430 377 104 231 312 1.512949 
213 145 377 104 1.000000 377 104 396 321 1.288575 396 321 213 145 1.501944 
377 104 213 145 1.000000 213 145 226 379 1.386362 226 379 377 104 1.855866 
377 104 213 145 1.000000 213 145 275 436 1.760049 275 436 377 104 2.054545 
377 104 213 145 1.000000 213 145 241 443 1.770584 241 443 377 104 2.160714 
427 146 377 104 1.000000 377 104 322 151 1.107920 322 151 427 146 1.609802 
322 151 362 151 1.000000 362 151 377 104 1.233390 377 104 322 151 1.808660 
377 104 322 151 1.000000 322 151 189 175 1.868069 189 175 377 104 2.777750 
292 180 322 151 1.000000 322 151 377 104 1.733874 377 104 292 180 2.732681 
274 187 322 151 1.000000 322 151 377 104 1.205773 377 104 274 187 2.204667 
377 104 322 151 1.000000 322 151 205 187 1.692043 205 187 377 104 2.639787 
377 104 322 151 1.000000 322 151 371 227 1.249914 371 227 377 104 1.702176 
377 104 322 151 1.000000 322 151 382 289 2.079983 382 289 377 104 2.558076 
377 104 322 151 1.000000 322 151 231 312 2.556283 231 312 377 104 3.512628 
377 104 322 151 1.000000 322 151 396 321 2.562777 396 321 377 104 3.010934 
377 104 322 151 1.000000 322 151 226 379 3.419470 226 379 377 104 4.336487 
377 104 322 151 1.000000 322 151 275 436 3.992590 275 436 377 104 4.800729 
377 104 322 151 1.000000 322 151 241 443 4.188549 241 443 377 104 5.048807 
377 104 362 151 1.000000 362 151 427 146 1.321400 427 146 377 104 1.323574 
427 146 377 104 1.000000 377 104 189 175 3.077524 189 175 427 146 3.671713 
427 146 377 104 1.000000 377 104 292 180 1.746143 292 180 427 146 2.131962 
427 146 377 104 1.000000 377 104 274 187 2.025749 274 187 427 146 2.425726 
427 146 377 104 1.000000 377 104 205 187 2.924672 205 187 427 146 3.457223 
377 104 427 146 1.000000 427 146 371 227 1.508030 371 227 377 104 1.885874 
377 104 427 146 1.000000 427 146 382 289 2.295787 382 289 377 104 2.834143 
427 146 377 104 1.000000 377 104 231 312 3.891710 231 312 427 146 3.933428 
377 104 427 146 1.000000 427 146 396 321 2.721690 396 321 377 104 3.335873 
377 104 427 146 1.000000 427 146 226 379 4.712414 226 379 377 104 4.804479 
377 104 427 146 1.000000 427 146 275 436 5.014145 275 436 377 104 5.318822 
377 104 427 146 1.000000 427 146 241 443 5.366602 241 443 377 104 5.593672 
377 104 362 151 1.000000 362 151 189 175 3.540179 189 175 377 104 4.073332 
377 104 362 151 1.000000 362 151 292 180 1.535796 292 180 377 104 2.311150 
377 104 362 151 1.000000 362 151 274 187 1.927187 274 187 377 104 2.681229 
377 104 362 151 1.000000 362 151 205 187 3.264875 205 187 377 104 3.871020 
377 104 362 151 1.000000 362 151 371 227 1.551234 371 227 377 104 2.496094 
377 104 362 151 1.000000 362 151 382 289 2.826393 382 289 377 104 3.751198 
377 104 362 151 1.000000 362 151 231 312 4.207147 231 312 377 104 5.150967 
377 104 362 151 1.000000 362 151 396 321 3.514029 396 321 377 104 4.415276 
377 104 362 151 1.000000 362 151 226 379 5.381120 226 379 377 104 6.359085 
377 104 362 151 1.000000 362 151 275 436 6.039925 275 436 377 104 7.039856 
377 104 362 151 1.000000 362 151 241 443 6.406684 241 443 377 104 7.403640 
189 175 292 180 1.000000 292 180 377 104 1.105707 377 104 189 175 1.948775 
189 175 274 187 1.000000 274 187 377 104 1.540955 377 104 189 175 2.341023 
189 175 205 187 1.000000 205 187 377 104 9.548953 377 104 189 175 10.048010 
377 104 371 227 1.000000 371 227 189 175 1.537057 189 175 377 104 1.631882 
382 289 377 104 1.000000 377 104 189 175 1.085875 189 175 382 289 1.211201 
231 312 189 175 1.000000 189 175 377 104 1.402439 377 104 231 312 1.773466 
189 175 377 104 1.000000 377 104 396 321 1.083947 396 321 189 175 1.260489 
377 104 189 175 1.000000 189 175 226 379 1.031688 226 379 377 104 1.561151 
377 104 189 175 1.000000 189 175 275 436 1.367453 275 436 377 104 1.728280 
377 104 189 175 1.000000 189 175 241 443 1.358469 241 443 377 104 1.817588 
274 187 292 180 1.000000 292 180 377 104 5.903832 377 104 274 187 6.849199 
205 187 292 180 1.000000 292 180 377 104 1.306375 377 104 205 187 2.188090 
371 227 292 180 1.000000 292 180 377 104 1.240395 377 104 371 227 1.339655 
377 104 292 180 1.000000 292 180 382 289 1.239710 382 289 377 104 1.623087 
377 104 292 180 1.000000 292 180 231 312 1.275309 231 312 377 104 2.228746 
377 104 292 180 1.000000 292 180 396 321 1.536596 396 321 377 104 1.910424 
377 104 292 180 1.000000 292 180 226 379 1.838763 226 379 377 104 2.751481 
377 104 292 180 1.000000 292 180 275 436 2.250127 275 436 377 104 3.046041 
377 104 292 180 1.000000 292 180 241 443 2.349541 241 443 377 104 3.203445 
205 187 274 187 1.000000 274 187 377 104 1.917102 377 104 205 187 2.767812 
274 187 371 227 1.000000 371 227 377 104 1.173673 377 104 274 187 1.260725 
377 104 274 187 1.000000 274 187 382 289 1.123019 382 289 377 104 1.399059 
231 312 274 187 1.000000 274 187 377 104 1.000686 377 104 231 312 1.922440 
377 104 274 187 1.000000 274 187 396 321 1.369958 396 321 377 104 1.646736 
377 104 274 187 1.000000 274 187 226 379 1.496137 226 379 377 104 2.371705 
377 104 274 187 1.000000 274 187 275 436 1.882386 275 436 377 104 2.625608 
377 104 274 187 1.000000 274 187 241 443 1.951302 241 443 377 104 2.761286 
377 104 371 227 1.000000 371 227 205 187 1.386573 205 187 377 104 1.550831 
382 289 377 104 1.000000 377 104 205 187 1.031942 205 187 382 289 1.103849 
231 312 205 187 1.000000 205 187 377 104 1.495818 377 104 231 312 1.990407 
205 187 377 104 1.000000 377 104 396 321 1.140597 396 321 205 187 1.221691 
377 104 205 187 1.000000 205 187 226 379 1.011341 226 379 377 104 1.642741 
377 104 205 187 1.000000 205 187 275 436 1.354349 275 436 377 104 1.818605 
377 104 205 187 1.000000 205 187 241 443 1.353650 241 443 377 104 1.912581 
382 289 371 227 1.000000 371 227 377 104 1.955688 377 104 382 289 2.939062 
377 104 371 227 1.000000 371 227 231 312 1.329991 231 312 377 104 2.063611 
396 321 371 227 1.000000 371 227 377 104 1.266055 377 104 396 321 2.239492 
377 104 371 227 1.000000 371 227 226 379 1.705850 226 379 377 104 2.547614 
377 104 371 227 1.000000 371 227 275 436 1.867645 275 436 377 104 2.820349 
377 104 371 227 1.000000 371 227 241 443 2.047185 241 443 377 104 2.966090 
231 312 382 289 1.000000 382 289 377 104 1.211638 377 104 231 312 1.663764 
396 321 382 289 1.000000 382 289 377 104 5.298469 377 104 396 321 6.236461 
226 379 382 289 1.000000 382 289 377 104 1.027582 377 104 226 379 1.741972 
275 436 382 289 1.000000 382 289 377 104 1.017869 377 104 275 436 1.910231 
377 104 382 289 1.000000 382 289 241 443 1.128231 241 443 377 104 1.973673 
231 312 396 321 1.000000 396 321 377 104 1.318224 377 104 231 312 1.537871 
226 379 231 312 1.000000 231 312 377 104 3.782407 377 104 226 379 4.669540 
275 436 231 312 1.000000 231 312 377 104 1.931414 377 104 275 436 2.639675 
241 443 231 312 1.000000 231 312 377 104 1.934265 377 104 241 443 2.780178 
226 379 396 321 1.000000 396 321 377 104 1.212716 377 104 226 379 1.746609 
275 436 396 321 1.000000 396 321 377 104 1.304911 377 104 275 436 2.080591 
241 443 396 321 1.000000 396 321 377 104 1.104315 377 104 241 443 1.851742 
275 436 226 379 1.000000 226 379 377 104 4.173791 377 104 275 436 4.620616 
241 443 226 379 1.000000 226 379 377 104 4.772685 377 104 241 443 5.556655 
241 443 275 436 1.000000 275 436 377 104 10.005310 377 104 241 443 10.522333 
182 144 213 145 1.000000 213 145 322 151 3.519621 322 151 182 144 4.519420 
182 144 213 145 1.000000 213 145 427 146 6.899712 427 146 182 144 7.899380 
182 144 213 145 1.000000 213 145 362 151 4.807846 362 151 182 144 5.807820 
213 145 182 144 1.000000 182 144 189 175 1.024644 189 175 213 145 1.238670 
182 144 213 145 1.000000 213 145 292 180 2.785842 292 180 182 144 3.731643 
182 144 213 145 1.000000 213 145 274 187 2.387816 274 187 182 144 3.274198 
182 144 213 145 1.000000 213 145 205 187 1.378480 205 187 182 144 1.572238 
182 144 213 145 1.000000 213 145 371 227 5.739313 371 227 182 144 6.655309 
182 144 213 145 1.000000 213 145 382 289 7.158511 382 289 182 144 7.964644 
182 144 213 145 1.000000 213 145 231 312 5.415482 231 312 182 144 5.642226 
182 144 213 145 1.000000 213 145 396 321 8.186051 396 321 182 144 8.953855 
182 144 213 145 1.000000 213 145 226 379 7.556097 226 379 182 144 7.708367 
182 144 213 145 1.000000 213 145 275 436 9.592801 275 436 182 144 9.880418 
182 144 213 145 1.000000 213 145 241 443 9.650224 241 443 182 144 9.826034 
427 146 322 151 1.000000 322 151 182 144 1.333488 182 144 427 146 2.330770 
362 151 322 151 1.000000 322 151 182 144 3.504372 182 144 362 151 4.503401 
182 144 189 175 1.000000 189 175 322 151 4.252547 322 151 182 144 4.410721 
322 151 292 180 1.000000 292 180 182 144 2.773883 182 144 322 151 3.359471 
322 151 274 187 1.000000 274 187 182 144 1.692549 182 144 322 151 2.336248 
182 144 205 187 1.000000 205 187 322 151 2.510282 322 151 182 144 2.874513 
371 227 322 151 1.000000 322 151 182 144 1.550148 182 144 371 227 2.282752 
182 144 322 151 1.000000 322 151 382 289 1.073511 382 289 182 144 1.762316 
322 151 182 144 1.000000 182 144 231 312 1.248440 231 312 322 151 1.319336 
182 144 322 151 1.000000 322 151 396 321 1.322688 396 321 182 144 1.981196 
322 151 182 144 1.000000 182 144 226 379 1.705610 226 379 322 151 1.764841 
182 144 322 151 1.000000 322 151 275 436 2.060636 275 436 182 144 2.186214 
182 144 322 151 1.000000 322 151 241 443 2.161774 241 443 182 144 2.174180 
427 146 362 151 1.000000 362 151 182 144 2.763161 182 144 427 146 3.758254 
182 144 189 175 1.000000 189 175 427 146 7.544259 427 146 182 144 7.709387 
182 144 292 180 1.000000 292 180 427 146 1.202820 427 146 182 144 2.116864 
182 144 274 187 1.000000 274 187 427 146 1.559760 427 146 182 144 2.412615 
182 144 205 187 1.000000 205 187 427 146 4.629457 427 146 182 144 5.024289 
427 146 371 227 1.000000 371 227 182 144 2.096221 182 144 427 146 2.488066 
382 289 427 146 1.000000 427 146 182 144 1.634332 182 144 382 289 1.647835 
231 312 182 144 1.000000 182 144 427 146 1.400047 427 146 231 312 1.467715 
396 321 427 146 1.000000 427 146 182 144 1.378584 182 144 396 321 1.562609 
226 379 182 144 1.000000 182 144 427 146 1.024780 427 146 226 379 1.287070 
427 146 182 144 1.000000 182 144 275 436 1.250784 275 436 427 146 1.336365 
427 146 182 144 1.000000 182 144 241 443 1.243899 241 443 427 146 1.430301 
182 144 189 175 1.000000 189 175 362 151 5.495723 362 151 182 144 5.668132 
362 151 292 180 1.000000 292 180 182 144 1.527544 182 144 362 151 2.377425 
362 151 274 187 1.000000 274 187 182 144 1.068091 182 144 362 151 1.894595 
182 144 205 187 1.000000 205 187 362 151 3.303094 362 151 182 144 3.693982 
371 227 362 151 1.000000 362 151 182 144 2.353765 182 144 371 227 2.697231 
382 289 362 151 1.000000 362 151 182 144 1.291837 182 144 382 289 1.771581 
231 312 182 144 1.000000 182 144 362 151 1.029349 362 151 231 312 1.186069 
396 321 362 151 1.000000 362 151 182 144 1.039047 182 144 396 321 1.601887 
362 151 182 144 1.000000 182 144 226 379 1.327239 226 379 362 151 1.473779 
182 144 362 151 1.000000 362 151 275 436 1.654212 275 436 182 144 1.701227 
362 151 182 144 1.000000 182 144 241 443 1.691863 241 443 362 151 1.754660 
182 144 189 175 1.000000 189 175 292 180 3.244798 292 180 182 144 3.641890 
182 144 189 175 1.000000 189 175 274 187 2.701118 274 187 182 144 3.195448 
205 187 189 175 1.000000 189 175 182 144 1.589025 182 144 205 187 2.438237 
182 144 189 175 1.000000 189 175 371 227 5.955944 371 227 182 144 6.495238 
182 144 189 175 1.000000 189 175 382 289 7.053193 382 289 182 144 7.773081 
182 144 189 175 1.000000 189 175 231 312 4.508847 231 312 182 144 5.506522 
182 144 189 175 1.000000 189 175 396 321 7.970552 396 321 182 144 8.738500 
182 144 189 175 1.000000 189 175 226 379 6.523757 226 379 182 144 7.522968 
182 144 189 175 1.000000 189 175 275 436 8.646925 275 436 182 144 9.642778 
182 144 189 175 1.000000 189 175 241 443 8.590116 241 443 182 144 9.589702 
292 180 274 187 1.000000 274 187 182 144 5.258212 182 144 292 180 5.992846 
182 144 205 187 1.000000 205 187 292 180 1.789841 292 180 182 144 2.373459 
371 227 292 180 1.000000 292 180 182 144 1.259097 182 144 371 227 2.245574 
182 144 292 180 1.000000 292 180 382 289 1.221296 382 289 182 144 2.134353 
182 144 292 180 1.000000 292 180 231 312 1.256366 231 312 182 144 1.511995 
182 144 292 180 1.000000 292 180 396 321 1.513772 396 321 182 144 2.399441 
182 144 292 180 1.000000 292 180 226 379 1.811450 226 379 182 144 2.065677 
182 144 292 180 1.000000 292 180 275 436 2.216705 275 436 182 144 2.647740 
182 144 292 180 1.000000 292 180 241 443 2.314642 241 443 182 144 2.633166 
182 144 205 187 1.000000 205 187 274 187 1.414957 274 187 182 144 2.082508 
182 144 274 187 1.000000 274 187 371 227 1.033193 371 227 182 144 2.032653 
182 144 274 187 1.000000 274 187 382 289 1.462814 382 289 182 144 2.432548 
182 144 274 187 1.000000 274 187 231 312 1.301678 231 312 182 144 1.723239 
182 144 274 187 1.000000 274 187 396 321 1.784469 396 321 182 144 2.734671 
182 144 274 187 1.000000 274 187 226 379 1.948827 226 379 182 144 2.354276 
182 144 274 187 1.000000 274 187 275 436 2.451943 275 436 182 144 3.017660 
182 144 274 187 1.000000 274 187 241 443 2.541711 241 443 182 144 3.001050 
182 144 205 187 1.000000 205 187 371 227 3.501532 371 227 182 144 4.233015 
182 144 205 187 1.000000 205 187 382 289 4.189227 382 289 182 144 5.065799 
182 144 205 187 1.000000 205 187 231 312 2.618190 231 312 182 144 3.588658 
182 144 205 187 1.000000 205 187 396 321 4.784551 396 321 182 144 5.694973 
182 144 205 187 1.000000 205 187 226 379 3.960752 226 379 182 144 4.902798 
182 144 205 187 1.000000 205 187 275 436 5.304084 275 436 182 144 6.284300 
182 144 205 187 1.000000 205 187 241 443 5.301348 241 443 182 144 6.249710 
382 289 371 227 1.000000 371 227 182 144 3.278190 182 144 382 289 3.923126 
371 227 231 312 1.000000 231 312 182 144 1.068484 182 144 371 227 1.260335 
396 321 371 227 1.000000 371 227 182 144 2.122205 182 144 396 321 2.855151 
182 144 371 227 1.000000 371 227 226 379 1.017668 226 379 182 144 1.158228 
182 144 371 227 1.000000 371 227 275 436 1.114191 275 436 182 144 1.484592 
182 144 371 227 1.000000 371 227 241 443 1.221300 241 443 182 144 1.476420 
382 289 231 312 1.000000 231 312 182 144 1.145726 182 144 382 289 1.617322 
396 321 382 289 1.000000 382 289 182 144 7.072517 182 144 396 321 7.950925 
382 289 226 379 1.000000 226 379 182 144 1.327505 182 144 382 289 1.371640 
275 436 382 289 1.000000 382 289 182 144 1.358675 182 144 275 436 1.685484 
241 443 382 289 1.000000 382 289 182 144 1.183111 182 144 241 443 1.459612 
396 321 231 312 1.000000 231 312 182 144 1.059032 182 144 396 321 1.680616 
226 379 231 312 1.000000 231 312 182 144 2.604697 182 144 226 379 3.558518 
275 436 231 312 1.000000 231 312 182 144 1.330039 182 144 275 436 2.329106 
241 443 231 312 1.000000 231 312 182 144 1.332003 182 144 241 443 2.319705 
396 321 226 379 1.000000 226 379 182 144 1.331039 182 144 396 321 1.546103 
275 436 396 321 1.000000 396 321 182 144 1.663644 182 144 275 436 1.835801 
241 443 396 321 1.000000 396 321 182 144 1.407902 182 144 241 443 1.545044 
275 436 226 379 1.000000 226 379 182 144 3.180722 182 144 275 436 4.076980 
241 443 226 379 1.000000 226 379 182 144 3.637121 182 144 241 443 4.636323 
275 436 241 443 1.000000 241 443 182 144 8.779550 182 144 275 436 8.828142 
427 146 322 151 1.000000 322 151 213 145 1.038490 213 145 427 146 2.035811 
362 151 322 151 1.000000 322 151 213 145 2.729125 213 145 362 151 3.728019 
189 175 213 145 1.000000 213 145 322 151 2.841452 322 151 189 175 3.517764 
322 151 292 180 1.000000 292 180 213 145 2.070831 213 145 322 151 2.616279 
322 151 274 187 1.000000 274 187 213 145 1.234346 213 145 322 151 1.819417 
205 187 213 145 1.000000 213 145 322 151 2.553262 322 151 205 187 2.863125 
371 227 322 151 1.000000 322 151 213 145 1.207220 213 145 371 227 1.968568 
213 145 322 151 1.000000 322 151 382 289 1.378457 382 289 213 145 2.033887 
322 151 213 145 1.000000 213 145 231 312 1.538655 231 312 322 151 1.694113 
213 145 322 151 1.000000 322 151 396 321 1.698417 396 321 213 145 2.325833 
322 151 213 145 1.000000 213 145 226 379 2.146849 226 379 322 151 2.266169 
213 145 322 151 1.000000 322 151 275 436 2.645989 275 436 213 145 2.725521 
322 151 213 145 1.000000 213 145 241 443 2.741836 241 443 322 151 2.775856 
427 146 362 151 1.000000 362 151 213 145 2.287408 213 145 427 146 3.282646 
189 175 213 145 1.000000 213 145 427 146 5.570258 427 146 189 175 6.240711 
213 145 292 180 1.000000 292 180 427 146 1.611180 427 146 213 145 2.476706 
213 145 274 187 1.000000 274 187 427 146 2.138760 427 146 213 145 2.889550 
205 187 213 145 1.000000 213 145 427 146 5.005304 427 146 205 187 5.280170 
427 146 371 227 1.000000 371 227 213 145 1.807710 213 145 427 146 2.173201 
382 289 427 146 1.000000 427 146 213 145 1.427507 213 145 382 289 1.481051 
231 312 213 145 1.000000 213 145 427 146 1.274072 427 146 231 312 1.529168 
396 321 427 146 1.000000 427 146 213 145 1.204124 213 145 396 321 1.428613 
427 146 213 145 1.000000 213 145 226 379 1.095132 226 379 427 146 1.437916 
427 146 213 145 1.000000 213 145 275 436 1.390319 275 436 427 146 1.529984 
427 146 213 145 1.000000 213 145 241 443 1.398641 241 443 427 146 1.637531 
189 175 213 145 1.000000 213 145 362 151 3.881458 362 151 189 175 4.546135 
362 151 292 180 1.000000 292 180 213 145 1.140382 213 145 362 151 1.968087 
213 145 274 187 1.000000 274 187 362 151 1.283796 362 151 213 145 2.013491 
205 187 213 145 1.000000 213 145 362 151 3.487787 362 151 205 187 3.767374 
371 227 362 151 1.000000 362 151 213 145 1.948500 213 145 371 227 2.326000 
382 289 362 151 1.000000 362 151 213 145 1.069413 213 145 382 289 1.592273 
362 151 213 145 1.000000 213 145 231 312 1.126384 231 312 362 151 1.391906 
213 145 362 151 1.000000 362 151 396 321 1.162592 396 321 213 145 1.702644 
362 151 213 145 1.000000 213 145 226 379 1.571618 226 379 362 151 1.780307 
362 151 213 145 1.000000 213 145 275 436 1.995239 275 436 362 151 1.998268 
362 151 213 145 1.000000 213 145 241 443 2.007182 241 443 362 151 2.119608 
189 175 213 145 1.000000 213 145 292 180 2.249059 292 180 189 175 2.684140 
189 175 213 145 1.000000 213 145 274 187 1.927725 274 187 189 175 2.234401 
205 187 189 175 1.000000 189 175 213 145 1.920937 213 145 205 187 2.137756 
189 175 213 145 1.000000 213 145 371 227 4.633447 371 227 189 175 4.926836 
189 175 213 145 1.000000 213 145 382 289 5.779191 382 289 189 175 5.834495 
213 145 189 175 1.000000 189 175 231 312 3.729778 231 312 213 145 4.372013 
213 145 189 175 1.000000 189 175 396 321 6.593347 396 321 213 145 6.608742 
213 145 189 175 1.000000 189 175 226 379 5.396539 226 379 213 145 6.100169 
213 145 189 175 1.000000 189 175 275 436 7.152851 275 436 213 145 7.744436 
213 145 189 175 1.000000 189 175 241 443 7.105858 241 443 213 145 7.790794 
292 180 274 187 1.000000 274 187 213 145 3.834722 213 145 292 180 4.473934 
205 187 213 145 1.000000 213 145 292 180 2.020952 292 180 205 187 2.041420 
213 145 292 180 1.000000 292 180 371 227 1.063860 371 227 213 145 2.060172 
213 145 292 180 1.000000 292 180 382 289 1.635930 382 289 213 145 2.569604 
213 145 292 180 1.000000 292 180 231 312 1.682906 231 312 213 145 1.943930 
213 145 292 180 1.000000 292 180 396 321 2.027701 396 321 213 145 2.938448 
213 145 292 180 1.000000 292 180 226 379 2.426443 226 379 213 145 2.712321 
213 145 292 180 1.000000 292 180 275 436 2.969282 275 436 213 145 3.443412 
213 145 292 180 1.000000 292 180 241 443 3.100470 241 443 213 145 3.464024 
213 145 205 187 1.000000 205 187 274 187 1.613842 274 187 213 145 1.732209 
213 145 274 187 1.000000 274 187 371 227 1.416725 371 227 213 145 2.403583 
213 145 274 187 1.000000 274 187 382 289 2.005826 382 289 213 145 2.997933 
213 145 274 187 1.000000 274 187 231 312 1.784875 231 312 213 145 2.267965 
213 145 274 187 1.000000 274 187 396 321 2.446883 396 321 213 145 3.428259 
213 145 274 187 1.000000 274 187 226 379 2.672252 226 379 213 145 3.164439 
213 145 274 187 1.000000 274 187 275 436 3.362130 275 436 213 145 4.017396 
213 145 274 187 1.000000 274 187 241 443 3.485221 241 443 213 145 4.041444 
213 145 205 187 1.000000 205 187 371 227 3.993704 371 227 213 145 4.163507 
213 145 205 187 1.000000 205 187 382 289 4.778061 382 289 213 145 5.193046 
213 145 205 187 1.000000 205 187 231 312 2.986201 231 312 213 145 3.928588 
213 145 205 187 1.000000 205 187 396 321 5.457063 396 321 213 145 5.938461 
213 145 205 187 1.000000 205 187 226 379 4.517472 226 379 213 145 5.481469 
213 145 205 187 1.000000 205 187 275 436 6.049622 275 436 213 145 6.958969 
213 145 205 187 1.000000 205 187 241 443 6.046501 241 443 213 145 7.000625 
382 289 371 227 1.000000 371 227 213 145 2.827000 213 145 382 289 3.526051 
371 227 231 312 1.000000 231 312 213 145 1.025545 213 145 371 227 1.086870 
396 321 371 227 1.000000 371 227 213 145 1.830117 213 145 396 321 2.610318 
213 145 371 227 1.000000 371 227 226 379 1.180089 226 379 213 145 1.316551 
213 145 371 227 1.000000 371 227 275 436 1.292017 275 436 213 145 1.671420 
213 145 371 227 1.000000 371 227 241 443 1.416220 241 443 213 145 1.681425 
382 289 231 312 1.000000 231 312 213 145 1.099682 213 145 382 289 1.453627 
396 321 382 289 1.000000 382 289 213 145 6.356680 213 145 396 321 7.269124 
226 379 382 289 1.000000 382 289 213 145 1.232811 213 145 226 379 1.301282 
275 436 382 289 1.000000 382 289 213 145 1.221158 213 145 275 436 1.636420 
241 443 382 289 1.000000 382 289 213 145 1.063364 213 145 241 443 1.433496 
396 321 231 312 1.000000 231 312 213 145 1.016472 213 145 396 321 1.536501 
226 379 231 312 1.000000 231 312 213 145 2.500022 213 145 226 379 3.488223 
275 436 231 312 1.000000 231 312 213 145 1.276589 213 145 275 436 2.261306 
241 443 231 312 1.000000 231 312 213 145 1.278473 213 145 241 443 2.278201 
396 321 226 379 1.000000 226 379 213 145 1.304746 213 145 396 321 1.413523 
275 436 396 321 1.000000 396 321 213 145 1.520984 213 145 275 436 1.782361 
241 443 396 321 1.000000 396 321 213 145 1.287173 213 145 241 443 1.517399 
275 436 226 379 1.000000 226 379 213 145 3.117890 213 145 275 436 3.958300 
241 443 226 379 1.000000 226 379 213 145 3.565274 213 145 241 443 4.553368 
241 443 275 436 1.000000 275 436 213 145 8.571157 213 145 241 443 8.622464 
322 151 362 151 1.000000 362 151 427 146 1.629801 427 146 322 151 2.627975 
427 146 322 151 1.000000 322 151 189 175 1.285668 189 175 427 146 2.280847 
292 180 322 151 1.000000 322 151 427 146 2.519311 427 146 292 180 3.336481 
274 187 322 151 1.000000 322 151 427 146 1.751983 427 146 274 187 2.639971 
427 146 322 151 1.000000 322 151 205 187 1.164521 205 187 427 146 2.147607 
322 151 371 227 1.000000 371 227 427 146 1.088985 427 146 322 151 1.162476 
322 151 427 146 1.000000 427 146 382 289 1.426130 382 289 322 151 1.431513 
427 146 322 151 1.000000 322 151 231 312 1.759319 231 312 427 146 2.443423 
322 151 427 146 1.000000 427 146 396 321 1.690699 396 321 322 151 1.763789 
427 146 322 151 1.000000 322 151 226 379 2.353394 226 379 427 146 2.927325 
427 146 322 151 1.000000 322 151 275 436 2.747833 275 436 427 146 3.114758 
427 146 322 151 1.000000 322 151 241 443 2.882699 241 443 427 146 3.333703 
362 151 322 151 1.000000 322 151 189 175 3.378702 189 175 362 151 4.366420 
362 151 322 151 1.000000 322 151 292 180 1.043132 292 180 362 151 1.894235 
362 151 322 151 1.000000 322 151 274 187 1.500000 274 187 362 151 2.376973 
362 151 322 151 1.000000 322 151 205 187 3.060331 205 187 362 151 4.026863 
322 151 362 151 1.000000 362 151 371 227 1.913276 371 227 322 151 2.260669 
322 151 362 151 1.000000 362 151 382 289 3.486044 382 289 322 151 3.761981 
362 151 322 151 1.000000 322 151 231 312 4.623446 231 312 362 151 5.189051 
322 151 362 151 1.000000 362 151 396 321 4.334167 396 321 322 151 4.635191 
362 151 322 151 1.000000 322 151 226 379 6.184658 226 379 362 151 6.637017 
362 151 322 151 1.000000 322 151 275 436 7.221236 275 436 362 151 7.449581 
362 151 322 151 1.000000 322 151 241 443 7.575660 241 443 362 151 7.901938 
322 151 292 180 1.000000 292 180 189 175 2.471434 189 175 322 151 3.238996 
322 151 274 187 1.000000 274 187 189 175 1.430715 189 175 322 151 2.252468 
189 175 205 187 1.000000 205 187 322 151 6.120662 322 151 189 175 6.757403 
371 227 322 151 1.000000 322 151 189 175 1.494558 189 175 371 227 2.093217 
189 175 322 151 1.000000 322 151 382 289 1.113440 382 289 189 175 1.658581 
322 151 189 175 1.000000 189 175 231 312 1.060270 231 312 322 151 1.368409 
189 175 322 151 1.000000 322 151 396 321 1.371885 396 321 189 175 1.874301 
322 151 189 175 1.000000 189 175 226 379 1.534082 226 379 322 151 1.830484 
322 151 189 175 1.000000 189 175 275 436 2.033352 275 436 322 151 2.137281 
322 151 189 175 1.000000 189 175 241 443 2.019993 241 443 322 151 2.242181 
274 187 292 180 1.000000 292 180 322 151 2.160454 322 151 274 187 3.106682 
322 151 292 180 1.000000 292 180 205 187 2.091805 205 187 322 151 2.933790 
292 180 322 151 1.000000 322 151 371 227 2.167193 371 227 292 180 2.203073 
322 151 292 180 1.000000 292 180 382 289 3.387733 382 289 322 151 3.606427 
322 151 292 180 1.000000 292 180 231 312 3.485013 231 312 322 151 4.432272 
322 151 292 180 1.000000 292 180 396 321 4.199026 396 321 322 151 4.443532 
322 151 292 180 1.000000 292 180 226 379 5.024752 226 379 322 151 5.928930 
322 151 292 180 1.000000 292 180 275 436 6.148880 275 436 322 151 6.922646 
322 151 292 180 1.000000 292 180 241 443 6.420548 241 443 322 151 7.262415 
322 151 274 187 1.000000 274 187 205 187 1.150000 205 187 322 151 2.040221 
274 187 322 151 1.000000 322 151 371 227 1.507113 371 227 274 187 1.748730 
322 151 274 187 1.000000 274 187 382 289 2.475884 382 289 322 151 2.507987 
322 151 274 187 1.000000 274 187 231 312 2.203154 231 312 322 151 3.082297 
322 151 274 187 1.000000 274 187 396 321 3.020302 396 321 322 151 3.090128 
322 151 274 187 1.000000 274 187 226 379 3.298485 226 379 322 151 4.123106 
322 151 274 187 1.000000 274 187 275 436 4.150033 275 436 322 151 4.814157 
322 151 274 187 1.000000 274 187 241 443 4.301970 241 443 322 151 5.050440 
371 227 322 151 1.000000 322 151 205 187 1.353728 205 187 371 227 1.888283 
205 187 322 151 1.000000 322 151 382 289 1.229273 382 289 205 187 1.668827 
322 151 205 187 1.000000 205 187 231 312 1.042987 231 312 322 151 1.510767 
205 187 322 151 1.000000 322 151 396 321 1.514605 396 321 205 187 1.905982 
322 151 205 187 1.000000 205 187 226 379 1.577812 226 379 322 151 2.020912 
322 151 205 187 1.000000 205 187 275 436 2.112944 275 436 322 151 2.359626 
322 151 205 187 1.000000 205 187 241 443 2.111854 241 443 322 151 2.475438 
382 289 371 227 1.000000 371 227 322 151 1.436069 322 151 382 289 2.389764 
322 151 371 227 1.000000 371 227 231 312 1.811227 231 312 322 151 2.045167 
322 151 371 227 1.000000 371 227 396 321 1.075651 396 321 322 151 2.050363 
322 151 371 227 1.000000 371 227 226 379 2.323085 226 379 322 151 2.735765 
322 151 371 227 1.000000 371 227 275 436 2.543423 275 436 322 151 3.194291 
322 151 371 227 1.000000 371 227 241 443 2.787926 241 443 322 151 3.351070 
322 151 382 289 1.000000 382 289 231 312 1.015034 231 312 322 151 1.228992 
396 321 382 289 1.000000 382 289 322 151 4.308208 322 151 396 321 5.308206 
322 151 382 289 1.000000 382 289 226 379 1.196843 226 379 322 151 1.643990 
322 151 382 289 1.000000 382 289 275 436 1.208264 275 436 322 151 1.919530 
322 151 382 289 1.000000 382 289 241 443 1.387560 241 443 322 151 2.013742 
396 321 231 312 1.000000 231 312 322 151 1.119172 322 151 396 321 1.122015 
226 379 231 312 1.000000 231 312 322 151 2.752612 322 151 226 379 3.682095 
275 436 231 312 1.000000 231 312 322 151 1.405569 322 151 275 436 2.195320 
241 443 231 312 1.000000 231 312 322 151 1.407644 322 151 241 443 2.306468 
226 379 396 321 1.000000 396 321 322 151 1.032211 322 151 226 379 1.377262 
275 436 396 321 1.000000 396 321 322 151 1.110684 322 151 275 436 1.730351 
322 151 396 321 1.000000 396 321 241 443 1.063892 241 443 322 151 1.634379 
275 436 226 379 1.000000 226 379 322 151 3.291179 322 151 275 436 3.842796 
241 443 226 379 1.000000 226 379 322 151 3.763428 322 151 241 443 4.609866 
241 443 275 436 1.000000 275 436 322 151 8.321048 322 151 241 443 8.729451 
427 146 362 151 1.000000 362 151 189 175 2.679113 189 175 427 146 3.677755 
427 146 362 151 1.000000 362 151 292 180 1.162249 292 180 427 146 2.135471 
427 146 362 151 1.000000 362 151 274 187 1.458444 274 187 427 146 2.429718 
427 146 362 151 1.000000 362 151 205 187 2.470770 205 187 427 146 3.462913 
427 146 362 151 1.000000 362 151 371 227 1.173933 371 227 427 146 1.510512 
427 146 362 151 1.000000 362 151 382 289 2.138939 382 289 427 146 2.299565 
427 146 362 151 1.000000 362 151 231 312 3.183856 231 312 427 146 3.939901 
427 146 362 151 1.000000 362 151 396 321 2.659323 396 321 427 146 2.726169 
427 146 362 151 1.000000 362 151 226 379 4.072288 226 379 427 146 4.720169 
427 146 362 151 1.000000 362 151 275 436 4.570854 275 436 427 146 5.022397 
427 146 362 151 1.000000 362 151 241 443 4.848408 241 443 427 146 5.375434 
189 175 292 180 1.000000 292 180 427 146 1.350019 427 146 189 175 2.325032 
189 175 274 187 1.000000 274 187 427 146 1.845211 427 146 189 175 2.793013 
189 175 205 187 1.000000 205 187 427 146 11.287715 427 146 189 175 11.988015 
427 146 371 227 1.000000 371 227 189 175 1.922173 189 175 427 146 2.434774 
427 146 382 289 1.000000 382 289 189 175 1.495224 189 175 427 146 1.599326 
231 312 189 175 1.000000 189 175 427 146 1.673212 427 146 231 312 1.792477 
396 321 427 146 1.000000 427 146 189 175 1.349056 189 175 396 321 1.425285 
226 379 189 175 1.000000 189 175 427 146 1.156429 427 146 226 379 1.484204 
427 146 189 175 1.000000 189 175 275 436 1.146160 275 436 427 146 1.365615 
427 146 189 175 1.000000 189 175 241 443 1.138630 241 443 427 146 1.461607 
274 187 292 180 1.000000 292 180 427 146 7.208314 427 146 274 187 8.201550 
205 187 292 180 1.000000 292 180 427 146 1.595025 427 146 205 187 2.586518 
292 180 371 227 1.000000 371 227 427 146 1.071249 427 146 292 180 1.514467 
427 146 292 180 1.000000 292 180 382 289 1.015361 382 289 427 146 1.076842 
427 146 292 180 1.000000 292 180 231 312 1.044518 231 312 427 146 1.844980 
427 146 292 180 1.000000 292 180 396 321 1.258519 396 321 427 146 1.276613 
427 146 292 180 1.000000 292 180 226 379 1.506003 226 379 427 146 2.210365 
427 146 292 180 1.000000 292 180 275 436 1.842924 275 436 427 146 2.351892 
427 146 292 180 1.000000 292 180 241 443 1.924347 241 443 427 146 2.517213 
205 187 274 187 1.000000 274 187 427 146 2.295627 427 146 205 187 3.271801 
427 146 371 227 1.000000 371 227 274 187 1.065504 274 187 427 146 1.608539 
274 187 382 289 1.000000 382 289 427 146 1.009157 427 146 274 187 1.066274 
231 312 274 187 1.000000 274 187 427 146 1.198269 427 146 231 312 1.943049 
274 187 427 146 1.000000 427 146 396 321 1.122011 396 321 274 187 1.144066 
427 146 274 187 1.000000 274 187 226 379 1.249440 226 379 427 146 1.942682 
427 146 274 187 1.000000 274 187 275 436 1.572000 275 436 427 146 2.067070 
427 146 274 187 1.000000 274 187 241 443 1.629552 241 443 427 146 2.212370 
427 146 371 227 1.000000 371 227 205 187 1.733985 205 187 427 146 2.292542 
427 146 382 289 1.000000 382 289 205 187 1.362698 205 187 427 146 1.505899 
231 312 205 187 1.000000 205 187 427 146 1.768190 427 146 231 312 2.011744 
396 321 427 146 1.000000 427 146 205 187 1.270249 205 187 396 321 1.312804 
226 379 205 187 1.000000 205 187 427 146 1.168833 427 146 226 379 1.593194 
427 146 205 187 1.000000 205 187 275 436 1.145725 275 436 427 146 1.450339 
427 146 205 187 1.000000 205 187 241 443 1.145134 241 443 427 146 1.552287 
382 289 371 227 1.000000 371 227 427 146 1.563857 427 146 382 289 2.380776 
427 146 371 227 1.000000 371 227 231 312 1.663226 231 312 427 146 2.608322 
396 321 371 227 1.000000 371 227 427 146 1.012395 427 146 396 321 1.827169 
427 146 371 227 1.000000 371 227 226 379 2.133258 226 379 427 146 3.124880 
427 146 371 227 1.000000 371 227 275 436 2.335591 275 436 427 146 3.324963 
427 146 371 227 1.000000 371 227 241 443 2.560116 241 443 427 146 3.558683 
427 146 382 289 1.000000 382 289 231 312 1.018866 231 312 427 146 1.713325 
396 321 382 289 1.000000 382 289 427 146 4.292006 427 146 396 321 5.088238 
427 146 382 289 1.000000 382 289 226 379 1.201361 226 379 427 146 2.052636 
427 146 382 289 1.000000 382 289 275 436 1.212825 275 436 427 146 2.184064 
427 146 382 289 1.000000 382 289 241 443 1.392798 241 443 427 146 2.337587 
231 312 396 321 1.000000 396 321 427 146 1.075519 427 146 231 312 1.554357 
226 379 231 312 1.000000 231 312 427 146 3.822954 427 146 226 379 4.580061 
275 436 231 312 1.000000 231 312 427 146 1.952119 427 146 275 436 2.488467 
241 443 231 312 1.000000 231 312 427 146 1.955000 427 146 241 443 2.667320 
427 146 396 321 1.000000 396 321 226 379 1.010676 226 379 427 146 1.731429 
275 436 396 321 1.000000 396 321 427 146 1.064658 427 146 275 436 1.961409 
427 146 396 321 1.000000 396 321 241 443 1.109884 241 443 427 146 1.971790 
275 436 226 379 1.000000 226 379 427 146 4.093811 427 146 275 436 4.355934 
241 443 226 379 1.000000 226 379 427 146 4.681229 427 146 241 443 5.331088 
241 443 275 436 1.000000 275 436 427 146 9.432178 427 146 241 443 10.095190 
362 151 292 180 1.000000 292 180 189 175 1.360989 189 175 362 151 2.305110 
189 175 274 187 1.000000 274 187 362 151 1.107592 362 151 189 175 2.034610 
189 175 205 187 1.000000 205 187 362 151 8.053726 362 151 189 175 8.732840 
371 227 362 151 1.000000 362 151 189 175 2.282170 189 175 371 227 2.473282 
382 289 362 151 1.000000 362 151 189 175 1.252543 189 175 382 289 1.607510 
231 312 189 175 1.000000 189 175 362 151 1.218875 362 151 231 312 1.448511 
396 321 362 151 1.000000 362 151 189 175 1.007442 189 175 396 321 1.461112 
362 151 189 175 1.000000 189 175 226 379 1.187061 226 379 362 151 1.520013 
362 151 189 175 1.000000 189 175 275 436 1.573392 275 436 362 151 1.706107 
362 151 189 175 1.000000 189 175 241 443 1.563055 241 443 362 151 1.809706 
274 187 292 180 1.000000 292 180 362 151 3.923190 362 151 274 187 4.923000 
362 151 292 180 1.000000 292 180 205 187 1.151932 205 187 362 151 2.125852 
292 180 362 151 1.000000 362 151 371 227 1.010052 371 227 292 180 1.213206 
292 180 362 151 1.000000 362 151 382 289 1.840344 382 289 292 180 1.865584 
362 151 292 180 1.000000 292 180 231 312 1.919155 231 312 362 151 2.739392 
292 180 362 151 1.000000 362 151 396 321 2.288083 396 321 292 180 2.312353 
362 151 292 180 1.000000 292 180 226 379 2.767071 226 379 362 151 3.503799 
362 151 292 180 1.000000 292 180 275 436 3.386115 275 436 362 151 3.932765 
362 151 292 180 1.000000 292 180 241 443 3.535719 241 443 362 151 4.171573 
205 187 274 187 1.000000 274 187 362 151 1.377955 362 151 205 187 2.334413 
371 227 362 151 1.000000 362 151 274 187 1.242358 274 187 371 227 1.370996 
274 187 362 151 1.000000 362 151 382 289 1.466590 382 289 274 187 1.562418 
362 151 274 187 1.000000 274 187 231 312 1.390311 231 312 362 151 2.183050 
274 187 362 151 1.000000 362 151 396 321 1.823398 396 321 274 187 1.905976 
362 151 274 187 1.000000 274 187 226 379 2.081524 226 379 362 151 2.792214 
362 151 274 187 1.000000 274 187 275 436 2.618898 275 436 362 151 3.134062 
362 151 274 187 1.000000 274 187 241 443 2.714778 241 443 362 151 3.324370 
371 227 362 151 1.000000 362 151 205 187 2.104695 205 187 371 227 2.231138 
382 289 362 151 1.000000 362 151 205 187 1.155138 205 187 382 289 1.465032 
231 312 205 187 1.000000 205 187 362 151 1.261594 362 151 231 312 1.625701 
205 187 362 151 1.000000 362 151 396 321 1.076313 396 321 205 187 1.448506 
362 151 205 187 1.000000 205 187 226 379 1.199104 226 379 362 151 1.648186 
362 151 205 187 1.000000 205 187 275 436 1.605793 275 436 362 151 1.849971 
362 151 205 187 1.000000 205 187 241 443 1.604964 241 443 362 151 1.962306 
382 289 371 227 1.000000 371 227 362 151 1.215391 362 151 382 289 2.214477 
362 151 371 227 1.000000 371 227 231 312 2.140091 231 312 362 151 2.712129 
362 151 371 227 1.000000 371 227 396 321 1.270957 396 321 362 151 2.265312 
362 151 371 227 1.000000 371 227 226 379 2.744887 226 379 362 151 3.468928 
362 151 371 227 1.000000 371 227 275 436 3.005231 275 436 362 151 3.893626 
362 151 371 227 1.000000 371 227 241 443 3.294129 241 443 362 151 4.130057 
362 151 382 289 1.000000 382 289 231 312 1.095379 231 312 362 151 1.488522 
396 321 382 289 1.000000 382 289 362 151 3.992206 362 151 396 321 4.963473 
362 151 382 289 1.000000 382 289 226 379 1.291579 226 379 362 151 1.903882 
362 151 382 289 1.000000 382 289 275 436 1.303904 275 436 362 151 2.136973 
362 151 382 289 1.000000 382 289 241 443 1.497392 241 443 362 151 2.266735 
231 312 396 321 1.000000 396 321 362 151 1.049147 362 151 231 312 1.256085 
226 379 231 312 1.000000 231 312 362 151 3.089350 362 151 226 379 3.951411 
275 436 231 312 1.000000 231 312 362 151 1.577518 362 151 275 436 2.264739 
241 443 231 312 1.000000 231 312 362 151 1.579847 362 151 241 443 2.405806 
362 151 396 321 1.000000 396 321 226 379 1.036081 226 379 362 151 1.531325 
275 436 396 321 1.000000 396 321 362 151 1.038552 362 151 275 436 1.785067 
362 151 396 321 1.000000 396 321 241 443 1.137783 241 443 362 151 1.823174 
275 436 226 379 1.000000 226 379 362 151 3.531903 362 151 275 436 3.964310 
241 443 226 379 1.000000 226 379 362 151 4.038693 362 151 241 443 4.808410 
241 443 275 436 1.000000 275 436 362 151 8.584170 362 151 241 443 9.105422 
292 180 274 187 1.000000 274 187 189 175 4.444776 189 175 292 180 5.339418 
189 175 205 187 1.000000 205 187 292 180 4.364058 292 180 189 175 5.156064 
371 227 292 180 1.000000 292 180 189 175 1.121812 189 175 371 227 2.059126 
189 175 292 180 1.000000 292 180 382 289 1.370756 382 289 189 175 2.173692 
292 180 189 175 1.000000 189 175 231 312 1.389562 231 312 292 180 1.410118 
189 175 292 180 1.000000 292 180 396 321 1.699024 396 321 189 175 2.456410 
292 180 189 175 1.000000 189 175 226 379 2.010528 226 379 292 180 2.033133 
189 175 292 180 1.000000 292 180 275 436 2.487981 275 436 189 175 2.664858 
189 175 292 180 1.000000 292 180 241 443 2.597904 241 443 189 175 2.647350 
189 175 205 187 1.000000 205 187 274 187 3.450000 274 187 189 175 4.292144 
189 175 274 187 1.000000 274 187 371 227 1.222277 371 227 189 175 2.204992 
189 175 274 187 1.000000 274 187 382 289 1.730522 382 289 189 175 2.611212 
189 175 274 187 1.000000 274 187 231 312 1.539898 231 312 189 175 1.669252 
189 175 274 187 1.000000 274 187 396 321 2.111044 396 321 189 175 2.950834 
189 175 274 187 1.000000 274 187 226 379 2.305480 226 379 189 175 2.415206 
189 175 274 187 1.000000 274 187 275 436 2.900672 275 436 189 175 3.201239 
189 175 274 187 1.000000 274 187 241 443 3.006868 241 443 189 175 3.180207 
189 175 205 187 1.000000 205 187 371 227 8.537564 371 227 189 175 9.464143 
189 175 205 187 1.000000 205 187 382 289 10.214328 382 289 189 175 11.207698 
189 175 205 187 1.000000 205 187 231 312 6.383768 231 312 189 175 7.164670 
189 175 205 187 1.000000 205 187 396 321 11.665869 396 321 189 175 12.665406 
189 175 205 187 1.000000 205 187 226 379 9.657251 226 379 189 175 10.366412 
189 175 205 187 1.000000 205 187 275 436 12.932614 275 436 189 175 13.740178 
189 175 205 187 1.000000 205 187 241 443 12.925943 241 443 189 175 13.649908 
382 289 371 227 1.000000 371 227 189 175 3.006005 189 175 382 289 3.559794 
189 175 231 312 1.000000 231 312 371 227 1.142993 371 227 189 175 1.320946 
396 321 371 227 1.000000 371 227 189 175 1.946000 189 175 396 321 2.604237 
371 227 189 175 1.000000 189 175 226 379 1.095336 226 379 371 227 1.109815 
189 175 371 227 1.000000 371 227 275 436 1.215078 275 436 189 175 1.451814 
189 175 371 227 1.000000 371 227 241 443 1.331886 241 443 189 175 1.442276 
189 175 231 312 1.000000 231 312 382 289 1.065936 382 289 189 175 1.564301 
396 321 382 289 1.000000 382 289 189 175 6.417509 189 175 396 321 7.252190 
382 289 226 379 1.000000 226 379 189 175 1.151184 189 175 382 289 1.244609 
275 436 382 289 1.000000 382 289 189 175 1.232844 189 175 275 436 1.511416 
241 443 382 289 1.000000 382 289 189 175 1.073540 189 175 241 443 1.307469 
189 175 231 312 1.000000 231 312 396 321 1.153195 396 321 189 175 1.767758 
226 379 231 312 1.000000 231 312 189 175 2.132777 189 175 226 379 3.085870 
275 436 231 312 1.000000 231 312 189 175 1.089062 189 175 275 436 2.088569 
241 443 231 312 1.000000 231 312 189 175 1.090670 189 175 241 443 2.077910 
396 321 226 379 1.000000 226 379 189 175 1.154249 189 175 396 321 1.410230 
275 436 396 321 1.000000 396 321 189 175 1.517441 189 175 275 436 1.646209 
241 443 396 321 1.000000 396 321 189 175 1.284175 189 175 241 443 1.383996 
275 436 226 379 1.000000 226 379 189 175 2.758254 189 175 275 436 3.655932 
241 443 226 379 1.000000 226 379 189 175 3.154034 189 175 241 443 4.153054 
275 436 241 443 1.000000 241 443 189 175 7.864411 189 175 275 436 7.916420 
292 180 274 187 1.000000 274 187 205 187 3.572685 205 187 292 180 4.519247 
274 187 292 180 1.000000 292 180 371 227 4.759638 371 227 274 187 5.432747 
274 187 292 180 1.000000 292 180 382 289 7.319041 382 289 274 187 7.691784 
292 180 274 187 1.000000 274 187 231 312 6.844500 231 312 292 180 7.529210 
274 187 292 180 1.000000 292 180 396 321 9.071802 396 321 274 187 9.383118 
292 180 274 187 1.000000 274 187 226 379 10.247343 226 379 292 180 10.855744 
292 180 274 187 1.000000 274 187 275 436 12.892835 275 436 292 180 13.284372 
292 180 274 187 1.000000 274 187 241 443 13.364853 241 443 292 180 13.871297 
205 187 292 180 1.000000 292 180 371 227 1.053193 371 227 205 187 1.956336 
205 187 292 180 1.000000 292 180 382 289 1.619527 382 289 205 187 2.340558 
292 180 205 187 1.000000 205 187 231 312 1.462806 231 312 292 180 1.666032 
205 187 292 180 1.000000 292 180 396 321 2.007370 396 321 205 187 2.673170 
292 180 205 187 1.000000 205 187 226 379 2.212906 226 379 292 180 2.402114 
205 187 292 180 1.000000 292 180 275 436 2.939510 275 436 205 187 2.963438 
292 180 205 187 1.000000 205 187 241 443 2.961909 241 443 292 180 3.069382 
382 289 371 227 1.000000 371 227 292 180 1.459845 292 180 382 289 2.244848 
371 227 292 180 1.000000 292 180 231 312 1.581887 231 312 371 227 1.781728 
292 180 371 227 1.000000 371 227 396 321 1.058133 396 321 292 180 1.905986 
371 227 292 180 1.000000 292 180 226 379 2.280792 226 379 371 227 2.285250 
292 180 371 227 1.000000 371 227 275 436 2.501999 275 436 292 180 2.791047 
292 180 371 227 1.000000 371 227 241 443 2.742521 241 443 292 180 2.914359 
382 289 292 180 1.000000 292 180 231 312 1.028715 231 312 382 289 1.080560 
396 321 382 289 1.000000 382 289 292 180 4.046958 292 180 396 321 5.016122 
292 180 382 289 1.000000 382 289 226 379 1.274104 226 379 292 180 1.483219 
292 180 382 289 1.000000 382 289 275 436 1.286263 275 436 292 180 1.815043 
292 180 382 289 1.000000 382 289 241 443 1.477133 241 443 292 180 1.895234 
292 180 231 312 1.000000 231 312 396 321 1.136384 396 321 292 180 1.204881 
226 379 231 312 1.000000 231 312 292 180 2.164328 292 180 226 379 3.120565 
275 436 231 312 1.000000 231 312 292 180 1.105173 292 180 275 436 1.949943 
241 443 231 312 1.000000 231 312 292 180 1.106804 292 180 241 443 2.039100 
292 180 396 321 1.000000 396 321 226 379 1.025206 226 379 292 180 1.196647 
275 436 396 321 1.000000 396 321 292 180 1.049568 292 180 275 436 1.536944 
292 180 396 321 1.000000 396 321 241 443 1.125841 241 443 292 180 1.529056 
275 436 226 379 1.000000 226 379 292 180 2.789265 292 180 275 436 3.413274 
241 443 226 379 1.000000 226 379 292 180 3.189495 292 180 241 443 4.075485 
241 443 275 436 1.000000 275 436 292 180 7.390978 292 180 241 443 7.717523 
205 187 274 187 1.000000 274 187 371 227 1.520635 371 227 205 187 2.474656 
205 187 274 187 1.000000 274 187 382 289 2.152942 382 289 205 187 2.960675 
274 187 205 187 1.000000 205 187 231 312 1.850368 231 312 274 187 1.915786 
205 187 274 187 1.000000 274 187 396 321 2.626349 396 321 205 187 3.381411 
274 187 205 187 1.000000 205 187 226 379 2.799203 226 379 274 187 2.868247 
205 187 274 187 1.000000 274 187 275 436 3.608725 275 436 205 187 3.748584 
205 187 274 187 1.000000 274 187 241 443 3.740843 241 443 205 187 3.746650 
382 289 371 227 1.000000 371 227 274 187 1.666297 274 187 382 289 2.359174 
371 227 274 187 1.000000 274 187 231 312 1.259860 231 312 371 227 1.560975 
396 321 371 227 1.000000 371 227 274 187 1.078712 274 187 396 321 1.863087 
371 227 274 187 1.000000 274 187 226 379 1.886217 226 379 371 227 2.002111 
274 187 371 227 1.000000 371 227 275 436 2.192005 275 436 274 187 2.373170 
274 187 371 227 1.000000 371 227 241 443 2.402727 241 443 274 187 2.460054 
231 312 274 187 1.000000 274 187 382 289 1.123790 382 289 231 312 1.155477 
396 321 382 289 1.000000 382 289 274 187 4.253061 274 187 396 321 5.188259 
274 187 382 289 1.000000 382 289 226 379 1.212362 226 379 274 187 1.332245 
274 187 382 289 1.000000 382 289 275 436 1.223931 275 436 274 187 1.676183 
274 187 382 289 1.000000 382 289 241 443 1.405552 241 443 274 187 1.737549 
274 187 231 312 1.000000 231 312 396 321 1.250066 396 321 274 187 1.370899 
226 379 231 312 1.000000 231 312 274 187 1.967503 274 187 226 379 2.945676 
275 436 231 312 1.000000 231 312 274 187 1.004668 274 187 275 436 1.892471 
241 443 231 312 1.000000 231 312 274 187 1.006151 274 187 241 443 1.964652 
226 379 396 321 1.000000 396 321 274 187 1.008887 274 187 226 379 1.101810 
275 436 396 321 1.000000 396 321 274 187 1.085586 274 187 275 436 1.491645 
274 187 396 321 1.000000 396 321 241 443 1.088488 241 443 274 187 1.424351 
275 436 226 379 1.000000 226 379 274 187 2.632943 274 187 275 436 3.312673 
241 443 226 379 1.000000 226 379 274 187 3.010742 274 187 241 443 3.926689 
241 443 275 436 1.000000 275 436 274 187 7.173140 274 187 241 443 7.435755 
382 289 371 227 1.000000 371 227 205 187 2.711705 205 187 382 289 3.244279 
205 187 231 312 1.000000 231 312 371 227 1.282811 371 227 205 187 1.337386 
396 321 371 227 1.000000 371 227 205 187 1.755478 205 187 396 321 2.398715 
371 227 205 187 1.000000 205 187 226 379 1.131148 226 379 371 227 1.230263 
205 187 371 227 1.000000 371 227 275 436 1.346950 275 436 205 187 1.514790 
205 187 371 227 1.000000 371 227 241 443 1.476435 241 443 205 187 1.514008 
205 187 231 312 1.000000 231 312 382 289 1.196328 382 289 205 187 1.600047 
396 321 382 289 1.000000 382 289 205 187 5.848707 205 187 396 321 6.679857 
382 289 226 379 1.000000 226 379 205 187 1.072432 205 187 382 289 1.134295 
275 436 382 289 1.000000 382 289 205 187 1.123574 205 187 275 436 1.422584 
205 187 382 289 1.000000 382 289 241 443 1.022088 241 443 205 187 1.265472 
205 187 231 312 1.000000 231 312 396 321 1.294261 396 321 205 187 1.827427 
226 379 231 312 1.000000 231 312 205 187 1.900318 205 187 226 379 2.874768 
205 187 231 312 1.000000 231 312 275 436 1.030544 275 436 205 187 2.025859 
205 187 231 312 1.000000 231 312 241 443 1.029025 241 443 205 187 2.024814 
396 321 226 379 1.000000 226 379 205 187 1.075287 205 187 396 321 1.298937 
275 436 396 321 1.000000 396 321 205 187 1.397687 205 187 275 436 1.549455 
241 443 396 321 1.000000 396 321 205 187 1.182829 205 187 241 443 1.310591 
275 436 226 379 1.000000 226 379 205 187 2.569563 205 187 275 436 3.441059 
241 443 226 379 1.000000 226 379 205 187 2.938268 205 187 241 443 3.932784 
275 436 241 443 1.000000 241 443 205 187 7.447298 205 187 275 436 7.451141 
371 227 382 289 1.000000 382 289 231 312 2.425693 231 312 371 227 2.601047 
396 321 382 289 1.000000 382 289 371 227 1.802776 371 227 396 321 2.784765 
371 227 382 289 1.000000 382 289 226 379 2.860171 226 379 371 227 3.336111 
371 227 382 289 1.000000 382 289 275 436 2.887465 275 436 371 227 3.652531 
371 227 382 289 1.000000 382 289 241 443 3.315940 241 443 371 227 4.003655 
396 321 371 227 1.000000 371 227 231 312 1.683842 231 312 396 321 1.698871 
226 379 231 312 1.000000 231 312 371 227 2.437750 371 227 226 379 3.126664 
275 436 231 312 1.000000 231 312 371 227 1.244790 371 227 275 436 1.748002 
241 443 231 312 1.000000 231 312 371 227 1.246628 371 227 241 443 1.918869 
371 227 396 321 1.000000 396 321 226 379 1.846675 226 379 371 227 2.159700 
371 227 396 321 1.000000 396 321 275 436 1.716204 275 436 371 227 2.364542 
371 227 396 321 1.000000 396 321 241 443 2.027947 241 443 371 227 2.591849 
275 436 226 379 1.000000 226 379 371 227 2.794717 371 227 275 436 3.059788 
241 443 226 379 1.000000 226 379 371 227 3.195729 371 227 241 443 3.835183 
241 443 275 436 1.000000 275 436 371 227 6.625551 371 227 241 443 7.262477 
396 321 382 289 1.000000 382 289 231 312 4.372980 231 312 396 321 4.730958 
226 379 231 312 1.000000 231 312 382 289 2.273404 382 289 226 379 2.680605 
275 436 231 312 1.000000 231 312 382 289 1.160870 382 289 275 436 1.381862 
241 443 231 312 1.000000 231 312 382 289 1.162584 382 289 241 443 1.589261 
382 289 396 321 1.000000 396 321 226 379 5.142558 226 379 382 289 5.156247 
382 289 396 321 1.000000 396 321 275 436 4.779224 275 436 382 289 5.205451 
382 289 396 321 1.000000 396 321 241 443 5.647355 241 443 382 289 5.977896 
275 436 226 379 1.000000 226 379 382 289 2.396014 382 289 275 436 2.418879 
241 443 226 379 1.000000 226 379 382 289 2.739817 382 289 241 443 3.176407 
241 443 275 436 1.000000 275 436 382 289 5.237750 382 289 241 443 6.014988 
226 379 231 312 1.000000 231 312 396 321 2.459508 396 321 226 379 2.673489 
275 436 231 312 1.000000 231 312 396 321 1.255901 396 321 275 436 1.268714 
241 443 231 312 1.000000 231 312 396 321 1.257755 396 321 241 443 1.501385 
231 312 226 379 1.000000 226 379 275 436 1.118777 275 436 231 312 1.958361 
241 443 226 379 1.000000 226 379 231 312 1.022089 231 312 241 443 1.998669 
275 436 241 443 1.000000 241 443 231 312 3.784770 231 312 275 436 3.790357 
226 379 275 436 1.000000 275 436 396 321 2.220819 396 321 226 379 2.389653 
241 443 226 379 1.000000 226 379 396 321 2.732543 396 321 241 443 3.000771 
241 443 275 436 1.000000 275 436 396 321 4.808878 396 321 241 443 5.682396 
275 436 241 443 1.000000 241 443 226 379 1.893645 226 379 275 436 2.165363 