Eridanus
12 11 220
0 274 234 
1 271 240 
2 302 262 
3 292 265 
4 348 279 
5 368 310 
6 426 312 
7 452 312 
8 393 332 
9 463 375 
10 499 412 
11 511 460
0 1
1 3
2 3
2 4
4 5
5 8
6 7
6 8
7 9
9 10
10 11 
274 234 271 240 1.000000 271 240 302 262 5.666667 302 262 274 234 5.902918 
274 234 271 240 1.000000 271 240 292 265 4.867123 292 265 274 234 5.343740 
274 234 271 240 1.000000 271 240 348 279 12.866839 348 279 274 234 12.910805 
274 234 271 240 1.000000 271 240 368 310 17.831931 368 310 274 234 18.019742 
271 240 274 234 1.000000 274 234 426 312 25.468063 426 312 271 240 25.477223 
271 240 274 234 1.000000 274 234 452 312 28.970483 452 312 271 240 29.038289 
274 234 271 240 1.000000 271 240 393 332 22.778157 393 332 274 234 22.980668 
274 234 271 240 1.000000 271 240 463 375 34.988570 463 375 274 234 35.151102 
274 234 271 240 1.000000 271 240 499 412 42.574901 499 412 274 234 42.767849 
274 234 271 240 1.000000 271 240 511 460 48.534066 511 460 274 234 48.818257 
302 262 292 265 1.000000 292 265 274 234 3.433510 274 234 302 262 3.792799 
274 234 302 262 1.000000 302 262 348 279 1.238467 348 279 274 234 2.187190 
274 234 302 262 1.000000 302 262 368 310 2.060934 368 310 274 234 3.052684 
274 234 302 262 1.000000 302 262 426 312 3.376464 426 312 274 234 4.314487 
274 234 302 262 1.000000 302 262 452 312 3.992979 452 312 274 234 4.907824 
274 234 302 262 1.000000 302 262 393 332 2.899353 393 332 274 234 3.893103 
274 234 302 262 1.000000 302 262 463 375 4.967368 463 375 274 234 5.954869 
274 234 302 262 1.000000 302 262 499 412 6.253009 499 412 274 234 7.245204 
274 234 302 262 1.000000 302 262 511 460 7.270511 511 460 274 234 8.270190 
274 234 292 265 1.000000 292 265 348 279 1.610278 348 279 274 234 2.416062 
274 234 292 265 1.000000 292 265 368 310 2.463903 368 310 274 234 3.372122 
274 234 292 265 1.000000 292 265 426 312 3.961390 426 312 274 234 4.765962 
274 234 292 265 1.000000 292 265 452 312 4.652015 452 312 274 234 5.421387 
274 234 292 265 1.000000 292 265 393 332 3.381110 393 332 274 234 4.300484 
274 234 292 265 1.000000 292 265 463 375 5.672035 463 375 274 234 6.577997 
274 234 292 265 1.000000 292 265 499 412 7.082504 499 412 274 234 8.003355 
274 234 292 265 1.000000 292 265 511 460 8.180170 511 460 274 234 9.135598 
368 310 348 279 1.000000 348 279 274 234 2.347635 274 234 368 310 3.276618 
426 312 348 279 1.000000 348 279 274 234 1.022608 274 234 426 312 2.017213 
274 234 348 279 1.000000 348 279 452 312 1.259810 452 312 274 234 2.243894 
393 332 348 279 1.000000 348 279 274 234 1.245679 274 234 393 332 2.217255 
274 234 348 279 1.000000 348 279 463 375 1.729663 463 375 274 234 2.722611 
274 234 348 279 1.000000 348 279 499 412 2.323348 499 412 274 234 3.312562 
274 234 348 279 1.000000 348 279 511 460 2.812403 511 460 274 234 3.781194 
426 312 368 310 1.000000 368 310 274 234 2.082902 274 234 426 312 2.943853 
452 312 368 310 1.000000 368 310 274 234 1.438641 274 234 452 312 2.312915 
393 332 368 310 1.000000 368 310 274 234 3.629853 274 234 393 332 4.629170 
463 375 368 310 1.000000 368 310 274 234 1.050139 274 234 463 375 2.048506 
274 234 368 310 1.000000 368 310 499 412 1.373486 499 412 274 234 2.373388 
274 234 368 310 1.000000 368 310 511 460 1.714438 511 460 274 234 2.709154 
452 312 426 312 1.000000 426 312 274 234 6.570960 274 234 452 312 7.474612 
426 312 393 332 1.000000 393 332 274 234 3.995044 274 234 426 312 4.427462 
463 375 426 312 1.000000 426 312 274 234 2.338368 274 234 463 375 3.227423 
499 412 426 312 1.000000 426 312 274 234 1.379893 274 234 499 412 2.317217 
511 460 426 312 1.000000 426 312 274 234 1.001012 274 234 511 460 1.918782 
452 312 393 332 1.000000 393 332 274 234 2.474555 274 234 452 312 3.119537 
463 375 452 312 1.000000 452 312 274 234 3.038788 274 234 463 375 3.687088 
499 412 452 312 1.000000 452 312 274 234 1.758822 274 234 499 412 2.596472 
511 460 452 312 1.000000 452 312 274 234 1.219757 274 234 511 460 2.055417 
463 375 393 332 1.000000 393 332 274 234 1.876503 274 234 463 375 2.870288 
499 412 393 332 1.000000 393 332 274 234 1.160831 274 234 499 412 2.160348 
274 234 393 332 1.000000 393 332 511 460 1.129301 511 460 274 234 2.124318 
499 412 463 375 1.000000 463 375 274 234 4.567690 274 234 499 412 5.557443 
511 460 463 375 1.000000 463 375 274 234 2.415581 274 234 511 460 3.354786 
511 460 499 412 1.000000 499 412 274 234 5.798531 274 234 511 460 6.618854 
302 262 292 265 1.000000 292 265 271 240 3.127270 271 240 302 262 3.641000 
271 240 302 262 1.000000 302 262 348 279 1.290101 348 279 271 240 2.270619 
271 240 302 262 1.000000 302 262 368 310 2.146857 368 310 271 240 3.146811 
271 240 302 262 1.000000 302 262 426 312 3.517234 426 312 271 240 4.495981 
271 240 302 262 1.000000 302 262 452 312 4.159452 452 312 271 240 5.124404 
271 240 302 262 1.000000 302 262 393 332 3.020232 393 332 271 240 4.019675 
271 240 302 262 1.000000 302 262 463 375 5.174465 463 375 271 240 6.174453 
271 240 302 262 1.000000 302 262 499 412 6.513707 499 412 271 240 7.513218 
271 240 302 262 1.000000 302 262 511 460 7.573629 511 460 271 240 8.564835 
271 240 292 265 1.000000 292 265 348 279 1.767966 348 279 271 240 2.643623 
271 240 292 265 1.000000 292 265 368 310 2.705182 368 310 271 240 3.663752 
271 240 292 265 1.000000 292 265 426 312 4.349311 426 312 271 240 5.234555 
271 240 292 265 1.000000 292 265 452 312 5.107567 452 312 271 240 5.966212 
271 240 292 265 1.000000 292 265 393 332 3.712208 393 332 271 240 4.680004 
271 240 292 265 1.000000 292 265 463 375 6.227473 463 375 271 240 7.188758 
271 240 292 265 1.000000 292 265 499 412 7.776064 499 412 271 240 8.747447 
271 240 292 265 1.000000 292 265 511 460 8.981219 511 460 271 240 9.971818 
368 310 348 279 1.000000 348 279 271 240 2.339640 271 240 368 310 3.242467 
426 312 348 279 1.000000 348 279 271 240 1.019126 271 240 426 312 2.017939 
271 240 348 279 1.000000 348 279 452 312 1.264115 452 312 271 240 2.256832 
393 332 348 279 1.000000 348 279 271 240 1.241437 271 240 393 332 2.197716 
271 240 348 279 1.000000 348 279 463 375 1.735573 463 375 271 240 2.719282 
271 240 348 279 1.000000 348 279 499 412 2.331287 499 412 271 240 3.308886 
271 240 348 279 1.000000 348 279 511 460 2.822013 511 460 271 240 3.772027 
426 312 368 310 1.000000 368 310 271 240 2.061193 271 240 426 312 2.944912 
452 312 368 310 1.000000 368 310 271 240 1.423647 271 240 452 312 2.318328 
393 332 368 310 1.000000 368 310 271 240 3.592021 271 240 393 332 4.588377 
463 375 368 310 1.000000 368 310 271 240 1.039194 271 240 463 375 2.039034 
271 240 368 310 1.000000 368 310 499 412 1.387952 499 412 271 240 2.387565 
271 240 368 310 1.000000 368 310 511 460 1.732495 511 460 271 240 2.721750 
452 312 426 312 1.000000 426 312 271 240 6.573323 271 240 452 312 7.492106 
426 312 393 332 1.000000 393 332 271 240 3.959839 271 240 426 312 4.429054 
463 375 426 312 1.000000 426 312 271 240 2.339209 271 240 463 375 3.212500 
499 412 426 312 1.000000 426 312 271 240 1.380389 271 240 499 412 2.306763 
511 460 426 312 1.000000 426 312 271 240 1.001372 271 240 511 460 1.907612 
452 312 393 332 1.000000 393 332 271 240 2.452749 271 240 452 312 3.126839 
463 375 452 312 1.000000 452 312 271 240 3.045900 271 240 463 375 3.670040 
499 412 452 312 1.000000 452 312 271 240 1.762939 271 240 499 412 2.584758 
511 460 452 312 1.000000 452 312 271 240 1.222612 271 240 511 460 2.043452 
463 375 393 332 1.000000 393 332 271 240 1.859967 271 240 463 375 2.857016 
499 412 393 332 1.000000 393 332 271 240 1.150601 271 240 499 412 2.150601 
271 240 393 332 1.000000 393 332 511 460 1.139341 511 460 271 240 2.130728 
499 412 463 375 1.000000 463 375 271 240 4.546570 271 240 499 412 5.532371 
511 460 463 375 1.000000 463 375 271 240 2.404411 271 240 511 460 3.335257 
511 460 499 412 1.000000 499 412 271 240 5.772371 271 240 511 460 6.580323 
292 265 302 262 1.000000 302 262 348 279 4.697257 348 279 292 265 5.528907 
292 265 302 262 1.000000 302 262 368 310 7.816708 368 310 292 265 8.459835 
292 265 302 262 1.000000 302 262 426 312 12.806248 426 312 292 265 13.601471 
292 265 302 262 1.000000 302 262 452 312 15.144563 452 312 292 265 15.972741 
292 265 302 262 1.000000 302 262 393 332 10.996663 393 332 292 265 11.609076 
292 265 302 262 1.000000 302 262 463 375 18.840226 463 375 292 265 19.474990 
292 265 302 262 1.000000 302 262 499 412 23.716406 499 412 292 265 24.317849 
292 265 302 262 1.000000 302 262 511 460 27.575584 511 460 292 265 28.086694 
368 310 348 279 1.000000 348 279 302 262 1.329317 302 262 368 310 2.212117 
302 262 348 279 1.000000 348 279 426 312 1.727002 426 312 302 262 2.726325 
302 262 348 279 1.000000 348 279 452 312 2.224883 452 312 302 262 3.224129 
302 262 348 279 1.000000 348 279 393 332 1.417737 393 332 302 262 2.341082 
302 262 348 279 1.000000 348 279 463 375 3.054665 463 375 302 262 4.010900 
302 262 348 279 1.000000 348 279 499 412 4.103140 499 412 302 262 5.048991 
302 262 348 279 1.000000 348 279 511 460 4.966834 511 460 302 262 5.870572 
426 312 368 310 1.000000 368 310 302 262 1.406213 302 262 426 312 2.303823 
302 262 368 310 1.000000 368 310 452 312 1.029592 452 312 302 262 1.937461 
393 332 368 310 1.000000 368 310 302 262 2.450594 302 262 393 332 3.447533 
302 262 368 310 1.000000 368 310 463 375 1.410493 463 375 302 262 2.410251 
302 262 368 310 1.000000 368 310 499 412 2.034426 499 412 302 262 3.034066 
302 262 368 310 1.000000 368 310 511 460 2.539449 511 460 302 262 3.527775 
452 312 426 312 1.000000 426 312 302 262 5.142352 302 262 452 312 6.081303 
426 312 393 332 1.000000 393 332 302 262 2.975273 302 262 426 312 3.464877 
463 375 426 312 1.000000 426 312 302 262 1.829978 302 262 463 375 2.692217 
499 412 426 312 1.000000 426 312 302 262 1.079887 302 262 499 412 1.999886 
302 262 426 312 1.000000 426 312 511 460 1.276520 511 460 302 262 2.153291 
452 312 393 332 1.000000 393 332 302 262 1.842902 302 262 452 312 2.538038 
463 375 452 312 1.000000 452 312 302 262 2.472341 302 262 463 375 3.075656 
499 412 452 312 1.000000 452 312 302 262 1.430968 302 262 499 412 2.240898 
302 262 452 312 1.000000 452 312 511 460 1.007671 511 460 302 262 1.820824 
463 375 393 332 1.000000 393 332 302 262 1.397509 302 262 463 375 2.394306 
302 262 393 332 1.000000 393 332 499 412 1.156714 499 412 302 262 2.156691 
302 262 393 332 1.000000 393 332 511 460 1.516367 511 460 302 262 2.507632 
499 412 463 375 1.000000 463 375 302 262 3.810226 302 262 499 412 4.796379 
511 460 463 375 1.000000 463 375 302 262 2.015003 302 262 511 460 2.949268 
511 460 499 412 1.000000 499 412 302 262 5.004451 302 262 511 460 5.818784 
368 310 348 279 1.000000 348 279 292 265 1.564672 292 265 368 310 2.394121 
292 265 348 279 1.000000 348 279 426 312 1.467229 426 312 292 265 2.460065 
292 265 348 279 1.000000 348 279 452 312 1.890219 452 312 292 265 2.888951 
292 265 348 279 1.000000 348 279 393 332 1.204483 393 332 292 265 2.099706 
292 265 348 279 1.000000 348 279 463 375 2.595187 463 375 292 265 3.522394 
292 265 348 279 1.000000 348 279 499 412 3.485952 499 412 292 265 4.398311 
292 265 348 279 1.000000 348 279 511 460 4.219730 511 460 292 265 5.079973 
426 312 368 310 1.000000 368 310 292 265 1.521910 292 265 426 312 2.446882 
452 312 368 310 1.000000 368 310 292 265 1.051170 292 265 452 312 1.984679 
393 332 368 310 1.000000 368 310 292 265 2.652219 292 265 393 332 3.639529 
292 265 368 310 1.000000 368 310 463 375 1.303265 463 375 292 265 2.302053 
292 265 368 310 1.000000 368 310 499 412 1.879766 499 412 292 265 2.874506 
292 265 368 310 1.000000 368 310 511 460 2.346396 511 460 292 265 3.320005 
452 312 426 312 1.000000 426 312 292 265 5.461674 292 265 452 312 6.413858 
426 312 393 332 1.000000 393 332 292 265 3.140968 292 265 426 312 3.680033 
463 375 426 312 1.000000 426 312 292 265 1.943613 292 265 463 375 2.782923 
499 412 426 312 1.000000 426 312 292 265 1.146944 292 265 499 412 2.050603 
292 265 426 312 1.000000 426 312 511 460 1.201887 511 460 292 265 2.064975 
452 312 393 332 1.000000 393 332 292 265 1.945535 292 265 452 312 2.676830 
463 375 452 312 1.000000 452 312 292 265 2.607540 292 265 463 375 3.179280 
499 412 452 312 1.000000 452 312 292 265 1.509220 292 265 499 412 2.297727 
511 460 452 312 1.000000 452 312 292 265 1.046656 292 265 511 460 1.840455 
463 375 393 332 1.000000 393 332 292 265 1.475337 292 265 463 375 2.474975 
292 265 393 332 1.000000 393 332 499 412 1.095694 499 412 292 265 2.094727 
292 265 393 332 1.000000 393 332 511 460 1.436375 511 460 292 265 2.419374 
499 412 463 375 1.000000 463 375 292 265 3.938600 292 265 499 412 4.918015 
511 460 463 375 1.000000 463 375 292 265 2.082892 292 265 511 460 3.003933 
511 460 499 412 1.000000 499 412 292 265 5.131363 292 265 511 460 5.926635 
348 279 368 310 1.000000 368 310 426 312 1.573102 426 312 348 279 2.295733 
348 279 368 310 1.000000 368 310 452 312 2.277578 452 312 348 279 2.957574 
393 332 368 310 1.000000 368 310 348 279 1.107805 348 279 393 332 2.087794 
348 279 368 310 1.000000 368 310 463 375 3.120174 463 375 348 279 4.060617 
348 279 368 310 1.000000 368 310 499 412 4.500388 499 412 348 279 5.454373 
348 279 368 310 1.000000 368 310 511 460 5.617557 511 460 348 279 6.602495 
452 312 426 312 1.000000 426 312 348 279 3.257445 348 279 452 312 4.196540 
426 312 393 332 1.000000 393 332 348 279 1.801797 348 279 426 312 2.194841 
463 375 426 312 1.000000 426 312 348 279 1.159207 348 279 463 375 2.050368 
348 279 426 312 1.000000 426 312 499 412 1.461862 499 412 348 279 2.375874 
348 279 426 312 1.000000 426 312 511 460 2.015173 511 460 348 279 2.875986 
452 312 393 332 1.000000 393 332 348 279 1.116044 348 279 452 312 1.751430 
463 375 452 312 1.000000 452 312 348 279 1.706094 348 279 463 375 2.342391 
348 279 452 312 1.000000 452 312 499 412 1.012687 499 412 348 279 1.844205 
348 279 452 312 1.000000 452 312 511 460 1.460239 511 460 348 279 2.232402 
348 279 393 332 1.000000 393 332 463 375 1.181589 463 375 348 279 2.154606 
348 279 393 332 1.000000 393 332 499 412 1.910059 499 412 348 279 2.894147 
348 279 393 332 1.000000 393 332 511 460 2.503948 511 460 348 279 3.503353 
499 412 463 375 1.000000 463 375 348 279 2.901834 348 279 499 412 3.897851 
511 460 463 375 1.000000 463 375 348 279 1.534608 348 279 511 460 2.495247 
511 460 499 412 1.000000 499 412 348 279 4.066944 348 279 511 460 4.923018 
452 312 426 312 1.000000 426 312 368 310 2.232095 368 310 452 312 3.231685 
368 310 393 332 1.000000 393 332 426 312 1.158728 426 312 368 310 1.742691 
368 310 426 312 1.000000 426 312 463 375 1.258935 463 375 368 310 1.983453 
368 310 426 312 1.000000 426 312 499 412 2.133393 499 412 368 310 2.860836 
368 310 426 312 1.000000 426 312 511 460 2.940876 511 460 368 310 3.571005 
368 310 393 332 1.000000 393 332 452 312 1.870708 452 312 368 310 2.523112 
463 375 452 312 1.000000 452 312 368 310 1.313835 368 310 463 375 1.799891 
368 310 452 312 1.000000 452 312 499 412 1.315036 499 412 368 310 1.975953 
368 310 452 312 1.000000 452 312 511 460 1.896209 511 460 368 310 2.466461 
368 310 393 332 1.000000 393 332 463 375 2.466914 463 375 368 310 3.456545 
368 310 393 332 1.000000 393 332 499 412 3.987808 499 412 368 310 4.985552 
368 310 393 332 1.000000 393 332 511 460 5.227727 511 460 368 310 6.223157 
499 412 463 375 1.000000 463 375 368 310 2.229766 368 310 499 412 3.216106 
511 460 463 375 1.000000 463 375 368 310 1.179191 368 310 511 460 2.123014 
511 460 499 412 1.000000 499 412 368 310 3.355624 368 310 511 460 4.188619 
452 312 426 312 1.000000 426 312 393 332 1.484137 393 332 452 312 2.396064 
426 312 452 312 1.000000 452 312 463 375 2.459735 463 375 426 312 2.810062 
426 312 452 312 1.000000 452 312 499 412 4.249782 499 412 426 312 4.761936 
426 312 452 312 1.000000 452 312 511 460 6.127950 511 460 426 312 6.564315 
393 332 426 312 1.000000 426 312 463 375 1.893398 463 375 393 332 2.128984 
393 332 426 312 1.000000 426 312 499 412 3.208556 499 412 393 332 3.441539 
393 332 426 312 1.000000 426 312 511 460 4.422985 511 460 393 332 4.511607 
499 412 463 375 1.000000 463 375 426 312 1.415274 426 312 499 412 2.398326 
426 312 463 375 1.000000 463 375 511 460 1.336086 511 460 426 312 2.336004 
511 460 499 412 1.000000 499 412 426 312 2.502368 426 312 511 460 3.449507 
393 332 452 312 1.000000 452 312 463 375 1.026573 463 375 393 332 1.318706 
393 332 452 312 1.000000 452 312 499 412 1.773651 499 412 393 332 2.131710 
393 332 452 312 1.000000 452 312 511 460 2.557507 511 460 393 332 2.794517 
499 412 463 375 1.000000 463 375 452 312 1.238834 452 312 499 412 2.140383 
452 312 463 375 1.000000 463 375 511 460 1.526378 511 460 452 312 2.491305 
511 460 499 412 1.000000 499 412 452 312 2.233235 452 312 511 460 3.220200 
499 412 463 375 1.000000 463 375 393 332 1.591370 393 332 499 412 2.572477 
393 332 463 375 1.000000 463 375 511 460 1.188239 511 460 393 332 2.119136 
511 460 499 412 1.000000 499 412 393 332 2.684073 393 332 511 460 3.518625 
511 460 499 412 1.000000 499 412 463 375 1.043381 463 375 511 460 1.972959 