7 35
0 271 173 
1 501 185 
2 141 188 
3 488 198 
4 264 209 
5 129 231 
6 259 233 
141 188 271 173 1.000000 271 173 501 185 1.759960 501 185 141 188 2.751074 
501 185 488 198 1.000000 488 198 271 173 11.881316 271 173 501 185 12.527366 
264 209 271 173 1.000000 271 173 501 185 6.279962 501 185 264 209 6.495351 
129 231 271 173 1.000000 271 173 501 185 1.501501 501 185 129 231 2.443687 
259 233 271 173 1.000000 271 173 501 185 3.764005 501 185 259 233 4.032056 
141 188 271 173 1.000000 271 173 488 198 1.669197 488 198 141 188 2.652739 
271 173 264 209 1.000000 264 209 141 188 3.402383 141 188 271 173 3.568241 
129 231 141 188 1.000000 141 188 271 173 2.931309 271 173 129 231 3.435887 
271 173 259 233 1.000000 259 233 141 188 2.063948 141 188 271 173 2.138688 
264 209 271 173 1.000000 271 173 488 198 5.956097 488 198 264 209 6.115189 
129 231 271 173 1.000000 271 173 488 198 1.424067 488 198 129 231 2.350331 
259 233 271 173 1.000000 271 173 488 198 3.569891 488 198 259 233 3.786009 
271 173 264 209 1.000000 264 209 129 231 3.729616 129 231 271 173 4.182456 
259 233 264 209 1.000000 264 209 271 173 1.495974 271 173 259 233 2.495920 
271 173 259 233 1.000000 259 233 129 231 2.124843 129 231 271 173 2.506828 
501 185 488 198 1.000000 488 198 141 188 18.882148 141 188 501 185 19.582098 
141 188 264 209 1.000000 264 209 501 185 1.909060 501 185 141 188 2.885182 
129 231 141 188 1.000000 141 188 501 185 8.064249 501 185 129 231 8.396234 
141 188 259 233 1.000000 259 233 501 185 1.953565 501 185 141 188 2.850696 
501 185 488 198 1.000000 488 198 264 209 12.198676 264 209 501 185 12.957030 
501 185 488 198 1.000000 488 198 129 231 19.609351 129 231 501 185 20.388244 
501 185 488 198 1.000000 488 198 259 233 12.600601 259 233 501 185 13.419495 
129 231 264 209 1.000000 264 209 501 185 1.741560 501 185 129 231 2.740393 
259 233 264 209 1.000000 264 209 501 185 9.716874 501 185 259 233 10.063691 
129 231 259 233 1.000000 259 233 501 185 1.897579 501 185 129 231 2.882992 
141 188 264 209 1.000000 264 209 488 198 1.797325 488 198 141 188 2.782053 
129 231 141 188 1.000000 141 188 488 198 7.775997 488 198 129 231 8.075472 
141 188 259 233 1.000000 259 233 488 198 1.834353 488 198 141 188 2.748799 
129 231 141 188 1.000000 141 188 264 209 2.795057 264 209 129 231 3.063879 
259 233 264 209 1.000000 264 209 141 188 5.089874 141 188 259 233 5.151450 
129 231 141 188 1.000000 141 188 259 233 2.828871 259 233 129 231 2.912333 
129 231 264 209 1.000000 264 209 488 198 1.639630 488 198 129 231 2.635702 
259 233 264 209 1.000000 264 209 488 198 9.148161 488 198 259 233 9.449577 
129 231 259 233 1.000000 259 233 488 198 1.781783 488 198 129 231 2.772853 
264 209 259 233 1.000000 259 233 129 231 5.303438 129 231 264 209 5.579407 