Crater
8 8 56
0 238 65 
1 321 95 
2 356 205 
3 110 274 
4 318 286 
5 186 306 
6 486 307 
7 404 432 
0 1
1 2
2 4
2 6
3 5
4 5
4 7
6 7
238 65 321 95 1.000000 321 95 356 205 1.307955 356 205 238 65 2.074613 
321 95 238 65 1.000000 238 65 110 274 2.776962 110 274 321 95 3.135204 
238 65 321 95 1.000000 321 95 318 286 2.164443 318 286 238 65 2.663115 
321 95 238 65 1.000000 238 65 186 306 2.793556 186 306 321 95 2.838260 
238 65 321 95 1.000000 321 95 486 307 3.043929 486 307 238 65 3.926203 
238 65 321 95 1.000000 321 95 404 432 3.932575 404 432 238 65 4.563991 
356 205 238 65 1.000000 238 65 110 274 1.338545 110 274 356 205 1.395411 
318 286 356 205 1.000000 356 205 238 65 2.046432 238 65 318 286 2.626940 
238 65 356 205 1.000000 356 205 186 306 1.079981 186 306 238 65 1.346543 
486 307 356 205 1.000000 356 205 238 65 1.108064 238 65 486 307 2.097010 
238 65 356 205 1.000000 356 205 404 432 1.267204 404 432 238 65 2.199924 
110 274 318 286 1.000000 318 286 238 65 1.128096 238 65 110 274 1.176321 
186 306 110 274 1.000000 110 274 238 65 2.972051 238 65 186 306 2.989811 
110 274 238 65 1.000000 238 65 486 307 1.413849 486 307 110 274 1.540080 
238 65 110 274 1.000000 110 274 404 432 1.361858 404 432 238 65 1.643520 
186 306 318 286 1.000000 318 286 238 65 1.760468 238 65 186 306 1.846697 
486 307 318 286 1.000000 318 286 238 65 1.388209 238 65 486 307 2.046622 
404 432 318 286 1.000000 318 286 238 65 1.387072 238 65 404 432 2.377136 
238 65 186 306 1.000000 186 306 486 307 1.216818 486 307 238 65 1.405450 
238 65 186 306 1.000000 186 306 404 432 1.021284 404 432 238 65 1.633757 
404 432 486 307 1.000000 486 307 238 65 2.317846 238 65 404 432 2.694366 
321 95 356 205 1.000000 356 205 110 274 2.213332 110 274 321 95 2.397028 
318 286 356 205 1.000000 356 205 321 95 1.290188 321 95 318 286 2.135041 
321 95 356 205 1.000000 356 205 186 306 1.713012 186 306 321 95 2.169998 
321 95 356 205 1.000000 356 205 486 307 1.431461 486 307 321 95 2.327243 
321 95 356 205 1.000000 356 205 404 432 2.009975 404 432 321 95 3.006659 
321 95 318 286 1.000000 318 286 110 274 1.090682 110 274 321 95 1.448504 
110 274 186 306 1.000000 186 306 321 95 3.037656 321 95 110 274 3.355461 
486 307 321 95 1.000000 321 95 110 274 1.029986 110 274 486 307 1.405008 
321 95 110 274 1.000000 110 274 404 432 1.206246 404 432 321 95 1.254328 
186 306 318 286 1.000000 318 286 321 95 1.430818 321 95 186 306 1.876249 
486 307 318 286 1.000000 318 286 321 95 1.128265 321 95 486 307 1.586717 
404 432 318 286 1.000000 318 286 321 95 1.127341 321 95 404 432 2.048265 
186 306 321 95 1.000000 321 95 486 307 1.072463 486 307 186 306 1.197652 
321 95 186 306 1.000000 186 306 404 432 1.005198 404 432 321 95 1.385558 
404 432 486 307 1.000000 486 307 321 95 1.796993 321 95 404 432 2.321607 
356 205 318 286 1.000000 318 286 110 274 2.328650 110 274 356 205 2.855613 
110 274 186 306 1.000000 186 306 356 205 2.397946 356 205 110 274 3.098315 
486 307 356 205 1.000000 356 205 110 274 1.546205 110 274 486 307 2.284236 
404 432 356 205 1.000000 356 205 110 274 1.101174 110 274 404 432 1.438528 
356 205 318 286 1.000000 318 286 186 306 1.492182 186 306 356 205 2.210107 
318 286 356 205 1.000000 356 205 486 307 1.846854 486 307 318 286 1.892323 
356 205 318 286 1.000000 318 286 404 432 1.893874 404 432 356 205 2.593245 
486 307 356 205 1.000000 356 205 186 306 1.196688 186 306 486 307 1.815560 
186 306 356 205 1.000000 356 205 404 432 1.173358 404 432 186 306 1.273359 
404 432 486 307 1.000000 486 307 356 205 1.105310 356 205 404 432 1.552013 
110 274 186 306 1.000000 186 306 318 286 1.619005 318 286 110 274 2.526565 
486 307 318 286 1.000000 318 286 110 274 1.230577 110 274 486 307 2.229349 
404 432 318 286 1.000000 318 286 110 274 1.229570 110 274 404 432 1.969749 
110 274 186 306 1.000000 186 306 486 307 3.638055 486 307 110 274 4.577197 
110 274 186 306 1.000000 186 306 404 432 3.053445 404 432 110 274 4.047512 
486 307 404 432 1.000000 404 432 110 274 2.232614 110 274 486 307 2.524789 
186 306 318 286 1.000000 318 286 486 307 1.268158 486 307 186 306 2.247093 
186 306 318 286 1.000000 318 286 404 432 1.269197 404 432 186 306 1.886002 
404 432 486 307 1.000000 486 307 318 286 1.132523 318 286 404 432 1.133451 
486 307 404 432 1.000000 404 432 186 306 1.684285 186 306 486 307 2.006756 