Taurus
12 10 220
0 197 46 
1 152 155 
2 395 190 
3 416 214 
4 369 231 
5 396 238 
6 428 242 
7 499 286 
8 626 319 
9 636 328 
10 495 384 
11 601 461 
0 2
1 4
2 3
3 6
4 5
5 6
6 7
7 8
8 10
9 11
152 155 197 46 1.000000 197 46 395 190 2.076143 395 190 152 155 2.081919 
197 46 152 155 1.000000 152 155 416 214 2.293962 416 214 197 46 2.340635 
197 46 152 155 1.000000 152 155 369 231 1.949768 369 231 197 46 2.142101 
197 46 152 155 1.000000 152 155 396 238 2.185570 396 238 197 46 2.344932 
197 46 152 155 1.000000 152 155 428 242 2.454021 428 242 197 46 2.569010 
197 46 152 155 1.000000 152 155 499 286 3.145290 499 286 197 46 3.271193 
197 46 152 155 1.000000 152 155 626 319 4.253339 626 319 197 46 4.312091 
197 46 152 155 1.000000 152 155 636 328 4.358660 636 328 197 46 4.424649 
197 46 152 155 1.000000 152 155 495 384 3.497343 495 384 197 46 3.821187 
197 46 152 155 1.000000 152 155 601 461 4.607701 601 461 197 46 4.911419 
416 214 395 190 1.000000 395 190 197 46 7.677112 197 46 416 214 8.655143 
369 231 395 190 1.000000 395 190 197 46 5.042879 197 46 369 231 5.203088 
396 238 395 190 1.000000 395 190 197 46 5.099445 197 46 396 238 5.759647 
428 242 395 190 1.000000 395 190 197 46 3.975273 197 46 428 242 4.918985 
499 286 395 190 1.000000 395 190 197 46 1.729801 197 46 499 286 2.725493 
197 46 395 190 1.000000 395 190 626 319 1.080679 626 319 197 46 2.076972 
197 46 395 190 1.000000 395 190 636 328 1.134329 636 328 197 46 2.131187 
495 384 395 190 1.000000 395 190 197 46 1.121736 197 46 495 384 2.064580 
197 46 395 190 1.000000 395 190 601 461 1.390402 601 461 197 46 2.365646 
416 214 369 231 1.000000 369 231 197 46 5.054111 197 46 416 214 5.522536 
396 238 416 214 1.000000 416 214 197 46 8.835067 197 46 396 238 8.851287 
428 242 416 214 1.000000 416 214 197 46 9.060679 197 46 428 242 9.944729 
499 286 416 214 1.000000 416 214 197 46 2.512043 197 46 499 286 3.510748 
626 319 416 214 1.000000 416 214 197 46 1.175602 197 46 626 319 2.165782 
636 328 416 214 1.000000 416 214 197 46 1.113947 197 46 636 328 2.105765 
495 384 416 214 1.000000 416 214 197 46 1.472406 197 46 495 384 2.403767 
197 46 416 214 1.000000 416 214 601 461 1.118050 601 461 197 46 2.098328 
396 238 369 231 1.000000 369 231 197 46 9.056308 197 46 396 238 9.913832 
428 242 369 231 1.000000 369 231 197 46 4.208905 197 46 428 242 5.047718 
499 286 369 231 1.000000 369 231 197 46 1.789542 197 46 499 286 2.732802 
197 46 369 231 1.000000 369 231 626 319 1.075392 626 319 197 46 2.013020 
197 46 369 231 1.000000 369 231 636 328 1.124580 636 328 197 46 2.065566 
495 384 369 231 1.000000 369 231 197 46 1.274464 197 46 495 384 2.273453 
197 46 369 231 1.000000 369 231 601 461 1.293273 601 461 197 46 2.292805 
428 242 396 238 1.000000 396 238 197 46 8.574616 197 46 428 242 9.393994 
499 286 396 238 1.000000 396 238 197 46 2.433424 197 46 499 286 3.394640 
626 319 396 238 1.000000 396 238 197 46 1.134006 197 46 626 319 2.085321 
636 328 396 238 1.000000 396 238 197 46 1.078819 197 46 636 328 2.035623 
495 384 396 238 1.000000 396 238 197 46 1.567590 197 46 495 384 2.554468 
197 46 396 238 1.000000 396 238 601 461 1.095421 601 461 197 46 2.094482 
499 286 428 242 1.000000 428 242 197 46 3.626875 197 46 499 286 4.618202 
626 319 428 242 1.000000 428 242 197 46 1.426001 197 46 626 319 2.393547 
636 328 428 242 1.000000 428 242 197 46 1.345967 197 46 636 328 2.318181 
495 384 428 242 1.000000 428 242 197 46 1.929443 197 46 495 384 2.869885 
601 461 428 242 1.000000 428 242 197 46 1.085491 197 46 601 461 2.075235 
626 319 499 286 1.000000 499 286 197 46 2.939788 197 46 626 319 3.875232 
636 328 499 286 1.000000 499 286 197 46 2.692037 197 46 636 328 3.641277 
495 384 499 286 1.000000 499 286 197 46 3.932962 197 46 495 384 4.594220 
601 461 499 286 1.000000 499 286 197 46 1.904416 197 46 601 461 2.859319 
636 328 626 319 1.000000 626 319 197 46 37.796343 197 46 636 328 38.782935 
626 319 495 384 1.000000 495 384 197 46 3.081304 197 46 626 319 3.477157 
601 461 626 319 1.000000 626 319 197 46 3.526730 197 46 601 461 4.016902 
636 328 495 384 1.000000 495 384 197 46 2.970127 197 46 636 328 3.439185 
601 461 636 328 1.000000 636 328 197 46 3.793921 197 46 601 461 4.211302 
601 461 495 384 1.000000 495 384 197 46 3.439359 197 46 601 461 4.420650 
416 214 395 190 1.000000 395 190 152 155 7.698472 152 155 416 214 8.482558 
395 190 369 231 1.000000 369 231 152 155 4.735920 152 155 395 190 5.056910 
396 238 395 190 1.000000 395 190 152 155 5.113633 152 155 396 238 5.368220 
428 242 395 190 1.000000 395 190 152 155 3.986333 152 155 428 242 4.698811 
499 286 395 190 1.000000 395 190 152 155 1.734614 152 155 499 286 2.620594 
152 155 395 190 1.000000 395 190 626 319 1.077681 626 319 152 155 2.042990 
152 155 395 190 1.000000 395 190 636 328 1.131182 636 328 152 155 2.093578 
495 384 395 190 1.000000 395 190 152 155 1.124857 152 155 495 384 1.889608 
152 155 395 190 1.000000 395 190 601 461 1.386544 601 461 152 155 2.213199 
416 214 369 231 1.000000 369 231 152 155 4.600319 152 155 416 214 5.412415 
416 214 396 238 1.000000 396 238 152 155 8.249752 152 155 416 214 8.658893 
428 242 416 214 1.000000 416 214 152 155 8.880007 152 155 428 242 9.499603 
499 286 416 214 1.000000 416 214 152 155 2.461953 152 155 499 286 3.375626 
626 319 416 214 1.000000 416 214 152 155 1.152161 152 155 626 319 2.136273 
636 328 416 214 1.000000 416 214 152 155 1.091735 152 155 636 328 2.074360 
495 384 416 214 1.000000 416 214 152 155 1.443046 152 155 495 384 2.200049 
152 155 416 214 1.000000 416 214 601 461 1.140798 601 461 152 155 2.008621 
396 238 369 231 1.000000 369 231 152 155 8.243171 152 155 396 238 9.240085 
428 242 369 231 1.000000 369 231 152 155 3.831001 152 155 428 242 4.821782 
499 286 369 231 1.000000 369 231 152 155 1.628864 152 155 499 286 2.627621 
152 155 369 231 1.000000 369 231 626 319 1.181472 626 319 152 155 2.181459 
152 155 369 231 1.000000 369 231 636 328 1.235513 636 328 152 155 2.235476 
495 384 369 231 1.000000 369 231 152 155 1.160034 152 155 495 384 2.080779 
152 155 369 231 1.000000 369 231 601 461 1.420846 601 461 152 155 2.363204 
428 242 396 238 1.000000 396 238 152 155 7.991883 152 155 428 242 8.973519 
499 286 396 238 1.000000 396 238 152 155 2.268048 152 155 499 286 3.263986 
626 319 396 238 1.000000 396 238 152 155 1.056938 152 155 626 319 2.056909 
636 328 396 238 1.000000 396 238 152 155 1.005502 152 155 636 328 2.005263 
495 384 396 238 1.000000 396 238 152 155 1.461056 152 155 495 384 2.337979 
152 155 396 238 1.000000 396 238 601 461 1.175295 601 461 152 155 2.108238 
499 286 428 242 1.000000 428 242 152 155 3.464536 152 155 499 286 4.440455 
626 319 428 242 1.000000 428 242 152 155 1.362173 152 155 626 319 2.360935 
636 328 428 242 1.000000 428 242 152 155 1.285721 152 155 636 328 2.283608 
495 384 428 242 1.000000 428 242 152 155 1.843082 152 155 495 384 2.626664 
601 461 428 242 1.000000 428 242 152 155 1.036904 152 155 601 461 1.946904 
626 319 499 286 1.000000 499 286 152 155 2.826640 152 155 626 319 3.822432 
636 328 499 286 1.000000 499 286 152 155 2.588425 152 155 636 328 3.586971 
495 384 499 286 1.000000 499 286 152 155 3.781589 152 155 495 384 4.204863 
601 461 499 286 1.000000 499 286 152 155 1.831118 152 155 601 461 2.682501 
636 328 626 319 1.000000 626 319 152 155 37.281370 152 155 636 328 38.204524 
626 319 495 384 1.000000 495 384 152 155 2.820166 152 155 626 319 3.429781 
601 461 626 319 1.000000 626 319 152 155 3.478679 152 155 601 461 3.768501 
636 328 495 384 1.000000 495 384 152 155 2.718410 152 155 636 328 3.387893 
601 461 636 328 1.000000 636 328 152 155 3.737338 152 155 601 461 3.950879 
601 461 495 384 1.000000 495 384 152 155 3.147875 152 155 601 461 4.147281 
416 214 395 190 1.000000 395 190 369 231 1.522367 369 231 416 214 1.567241 
396 238 416 214 1.000000 416 214 395 190 1.020788 395 190 396 238 1.536776 
428 242 416 214 1.000000 416 214 395 190 1.046855 395 190 428 242 2.021703 
395 190 416 214 1.000000 416 214 499 286 3.445459 499 286 395 190 4.438147 
395 190 416 214 1.000000 416 214 626 319 7.362305 626 319 395 190 8.296497 
395 190 416 214 1.000000 416 214 636 328 7.769795 636 328 395 190 8.708375 
395 190 416 214 1.000000 416 214 495 384 5.878230 495 384 395 190 6.843955 
395 190 416 214 1.000000 416 214 601 461 9.676884 601 461 395 190 10.674269 
369 231 396 238 1.000000 396 238 395 190 1.721257 395 190 369 231 1.740564 
395 190 369 231 1.000000 369 231 428 242 1.236209 428 242 395 190 1.268562 
395 190 369 231 1.000000 369 231 499 286 2.907498 499 286 395 190 2.915294 
369 231 395 190 1.000000 395 190 626 319 5.449736 626 319 369 231 5.595357 
369 231 395 190 1.000000 395 190 636 328 5.720287 636 328 369 231 5.851290 
395 190 369 231 1.000000 369 231 495 384 4.082570 495 384 395 190 4.495602 
395 190 369 231 1.000000 369 231 601 461 6.729011 601 461 395 190 7.011627 
428 242 396 238 1.000000 396 238 395 190 1.488740 395 190 428 242 1.909742 
395 190 396 238 1.000000 396 238 499 286 2.366890 499 286 395 190 2.947995 
395 190 396 238 1.000000 396 238 626 319 5.079028 626 319 395 190 5.510865 
395 190 396 238 1.000000 396 238 636 328 5.338844 636 328 395 190 5.784451 
395 190 396 238 1.000000 396 238 495 384 3.674205 495 384 395 190 4.546029 
395 190 396 238 1.000000 396 238 601 461 6.309240 601 461 395 190 7.090276 
395 190 428 242 1.000000 428 242 499 286 1.356260 499 286 395 190 2.298110 
395 190 428 242 1.000000 428 242 626 319 3.449496 626 319 395 190 4.295995 
395 190 428 242 1.000000 428 242 636 328 3.654611 636 328 395 190 4.509269 
395 190 428 242 1.000000 428 242 495 384 2.549432 495 384 395 190 3.543857 
395 190 428 242 1.000000 428 242 601 461 4.531578 601 461 395 190 5.527226 
626 319 499 286 1.000000 499 286 395 190 1.078626 395 190 626 319 2.016340 
395 190 499 286 1.000000 499 286 636 328 1.012428 636 328 395 190 1.962165 
495 384 499 286 1.000000 499 286 395 190 1.443028 395 190 495 384 2.225257 
395 190 499 286 1.000000 499 286 601 461 1.431144 601 461 395 190 2.405118 
636 328 626 319 1.000000 626 319 395 190 19.665996 395 190 636 328 20.642310 
626 319 495 384 1.000000 495 384 395 190 1.492461 395 190 626 319 1.809216 
601 461 626 319 1.000000 626 319 395 190 1.835010 395 190 601 461 2.360923 
636 328 495 384 1.000000 495 384 395 190 1.438611 395 190 636 328 1.830515 
601 461 636 328 1.000000 636 328 395 190 2.019323 395 190 601 461 2.475181 
601 461 495 384 1.000000 495 384 395 190 1.665888 395 190 601 461 2.598225 
369 231 396 238 1.000000 396 238 416 214 1.120044 416 214 369 231 1.791870 
428 242 416 214 1.000000 416 214 369 231 1.640674 369 231 428 242 1.970144 
369 231 416 214 1.000000 416 214 499 286 2.198424 499 286 369 231 2.824249 
369 231 416 214 1.000000 416 214 626 319 4.697622 626 319 369 231 5.435148 
369 231 416 214 1.000000 416 214 636 328 4.957627 636 328 369 231 5.683753 
369 231 416 214 1.000000 416 214 495 384 3.750687 495 384 369 231 3.965675 
369 231 416 214 1.000000 416 214 601 461 6.174472 601 461 369 231 6.536343 
428 242 416 214 1.000000 416 214 396 238 1.025536 396 238 428 242 1.058626 
396 238 416 214 1.000000 416 214 499 286 3.517084 499 286 396 238 3.637380 
396 238 416 214 1.000000 416 214 626 319 7.515353 626 319 396 238 7.805329 
396 238 416 214 1.000000 416 214 636 328 7.931314 636 328 396 238 8.204607 
416 214 396 238 1.000000 396 238 495 384 5.646430 495 384 416 214 6.000427 
416 214 396 238 1.000000 396 238 601 461 9.695888 601 461 416 214 9.878047 
416 214 428 242 1.000000 428 242 499 286 2.741955 499 286 416 214 3.606896 
416 214 428 242 1.000000 428 242 626 319 6.973858 626 319 416 214 7.707265 
416 214 428 242 1.000000 428 242 636 328 7.388540 636 328 416 214 8.133848 
416 214 428 242 1.000000 428 242 495 384 5.154196 495 384 416 214 6.153654 
416 214 428 242 1.000000 428 242 601 461 9.161506 601 461 416 214 10.130293 
416 214 499 286 1.000000 499 286 626 319 1.194218 626 319 416 214 2.136814 
416 214 499 286 1.000000 499 286 636 328 1.304123 636 328 416 214 2.255083 
495 384 499 286 1.000000 499 286 416 214 1.120263 416 214 495 384 1.911259 
416 214 499 286 1.000000 499 286 601 461 1.843478 601 461 416 214 2.808590 
636 328 626 319 1.000000 626 319 416 214 17.451591 416 214 636 328 18.417503 
626 319 495 384 1.000000 495 384 416 214 1.281865 416 214 626 319 1.605497 
601 461 626 319 1.000000 626 319 416 214 1.628387 416 214 601 461 2.140322 
636 328 495 384 1.000000 495 384 416 214 1.235614 416 214 636 328 1.633224 
601 461 636 328 1.000000 636 328 416 214 1.801683 416 214 601 461 2.243904 
601 461 495 384 1.000000 495 384 416 214 1.430821 416 214 601 461 2.355451 
369 231 396 238 1.000000 396 238 428 242 1.156184 428 242 369 231 2.151702 
369 231 396 238 1.000000 396 238 499 286 4.074026 499 286 369 231 5.060686 
369 231 396 238 1.000000 396 238 626 319 8.742312 626 319 369 231 9.739077 
369 231 396 238 1.000000 396 238 636 328 9.189521 636 328 369 231 10.184544 
369 231 396 238 1.000000 396 238 495 384 6.324250 495 384 369 231 7.105973 
369 231 396 238 1.000000 396 238 601 461 10.859822 601 461 369 231 11.712275 
369 231 428 242 1.000000 428 242 499 286 1.391754 499 286 369 231 2.351946 
369 231 428 242 1.000000 428 242 626 319 3.539772 626 319 369 231 4.526221 
369 231 428 242 1.000000 428 242 636 328 3.750254 636 328 369 231 4.733251 
369 231 428 242 1.000000 428 242 495 384 2.616152 495 384 369 231 3.302490 
369 231 428 242 1.000000 428 242 601 461 4.650172 601 461 369 231 5.443261 
626 319 499 286 1.000000 499 286 369 231 1.075741 369 231 626 319 2.070219 
369 231 499 286 1.000000 499 286 636 328 1.015143 636 328 369 231 2.012483 
495 384 499 286 1.000000 499 286 369 231 1.439168 369 231 495 384 2.020812 
369 231 499 286 1.000000 499 286 601 461 1.434981 601 461 369 231 2.314365 
636 328 626 319 1.000000 626 319 369 231 20.191487 369 231 636 328 21.115049 
626 319 495 384 1.000000 495 384 369 231 1.355341 369 231 626 319 1.857560 
601 461 626 319 1.000000 626 319 369 231 1.884043 369 231 601 461 2.265762 
636 328 495 384 1.000000 495 384 369 231 1.306439 369 231 636 328 1.872436 
601 461 636 328 1.000000 636 328 369 231 2.065569 369 231 601 461 2.375414 
601 461 495 384 1.000000 495 384 369 231 1.512835 369 231 601 461 2.493499 
396 238 428 242 1.000000 428 242 499 286 2.590107 499 286 396 238 3.523684 
396 238 428 242 1.000000 428 242 626 319 6.587649 626 319 396 238 7.561352 
396 238 428 242 1.000000 428 242 636 328 6.979365 636 328 396 238 7.948149 
396 238 428 242 1.000000 428 242 495 384 4.868758 495 384 396 238 5.469935 
396 238 428 242 1.000000 428 242 601 461 8.654145 601 461 396 238 9.392816 
396 238 499 286 1.000000 499 286 626 319 1.154723 626 319 396 238 2.145866 
396 238 499 286 1.000000 499 286 636 328 1.260993 636 328 396 238 2.255636 
495 384 499 286 1.000000 499 286 396 238 1.158580 396 238 495 384 1.798504 
396 238 499 286 1.000000 499 286 601 461 1.782510 601 461 396 238 2.665624 
636 328 626 319 1.000000 626 319 396 238 18.124950 396 238 636 328 19.052124 
626 319 495 384 1.000000 495 384 396 238 1.206241 396 238 626 319 1.667444 
601 461 626 319 1.000000 626 319 396 238 1.691217 396 238 601 461 2.100853 
636 328 495 384 1.000000 495 384 396 238 1.162718 396 238 636 328 1.689501 
601 461 636 328 1.000000 636 328 396 238 1.863764 396 238 601 461 2.202525 
601 461 495 384 1.000000 495 384 396 238 1.346409 396 238 601 461 2.312015 
428 242 499 286 1.000000 499 286 626 319 1.570931 626 319 428 242 2.543389 
428 242 499 286 1.000000 499 286 636 328 1.715504 636 328 428 242 2.694624 
428 242 499 286 1.000000 499 286 495 384 1.174230 495 384 428 242 1.879752 
428 242 499 286 1.000000 499 286 601 461 2.424996 601 461 428 242 3.341231 
636 328 626 319 1.000000 626 319 428 242 15.790934 428 242 636 328 16.729898 
626 319 495 384 1.000000 495 384 428 242 1.073668 428 242 626 319 1.452721 
601 461 626 319 1.000000 626 319 428 242 1.473433 428 242 601 461 1.935638 
636 328 495 384 1.000000 495 384 428 242 1.034929 428 242 636 328 1.483571 
601 461 636 328 1.000000 636 328 428 242 1.636594 428 242 601 461 2.029314 
601 461 495 384 1.000000 495 384 428 242 1.198431 428 242 601 461 2.130193 
636 328 626 319 1.000000 626 319 499 286 9.753311 499 286 636 328 10.650915 
495 384 499 286 1.000000 499 286 626 319 1.337839 626 319 495 384 1.490999 
499 286 626 319 1.000000 626 319 601 461 1.098817 601 461 499 286 1.543669 
495 384 499 286 1.000000 499 286 636 328 1.460961 636 328 495 384 1.546809 
601 461 636 328 1.000000 636 328 499 286 1.041920 499 286 601 461 1.472834 
499 286 495 384 1.000000 495 384 601 461 1.335778 601 461 499 286 2.065180 
636 328 626 319 1.000000 626 319 495 384 10.869899 495 384 636 328 11.276779 
626 319 636 328 1.000000 636 328 601 461 10.222389 601 461 626 319 10.717106 
495 384 601 461 1.000000 601 461 626 319 1.100512 626 319 495 384 1.116202 
495 384 601 461 1.000000 601 461 636 328 1.049711 636 328 495 384 1.157984 