LeoMinor
5 5 10
0 470 194 
1 227 199 
2 320 231 
3 107 249 
4 235 265 
0 2
1 2
1 3
2 4
3 4
227 199 320 231 1.000000 320 231 470 194 1.570857 470 194 227 199 2.471255 
107 249 227 199 1.000000 227 199 470 194 1.869626 470 194 107 249 2.824177 
235 265 227 199 1.000000 227 199 470 194 3.655839 470 194 235 265 3.692539 
470 194 320 231 1.000000 320 231 107 249 1.383591 107 249 470 194 2.376392 
235 265 320 231 1.000000 320 231 470 194 1.687599 470 194 235 265 2.681565 
107 249 235 265 1.000000 235 265 470 194 1.903091 470 194 107 249 2.846155 
320 231 227 199 1.000000 227 199 107 249 1.321791 107 249 320 231 2.173423 
227 199 235 265 1.000000 235 265 320 231 1.377009 320 231 227 199 1.479345 
227 199 235 265 1.000000 235 265 107 249 1.940285 107 249 227 199 1.955385 
320 231 235 265 1.000000 235 265 107 249 1.409058 107 249 320 231 2.334946 