8 56
0 423 126 
1 164 146 
2 221 193 
3 271 211 
4 481 213 
5 258 218 
6 166 277 
7 254 411 
164 146 221 193 1.000000 221 193 423 126 2.880705 423 126 164 146 3.516203 
164 146 271 211 1.000000 271 211 423 126 1.391038 423 126 164 146 2.074918 
481 213 423 126 1.000000 423 126 164 146 2.484397 164 146 481 213 3.098700 
164 146 258 218 1.000000 258 218 423 126 1.595487 423 126 164 146 2.193900 
166 277 164 146 1.000000 164 146 423 126 1.982754 423 126 166 277 2.275133 
423 126 164 146 1.000000 164 146 254 411 1.077357 254 411 423 126 1.275507 
221 193 271 211 1.000000 271 211 423 126 3.277153 423 126 221 193 4.004822 
481 213 423 126 1.000000 423 126 221 193 2.035382 221 193 481 213 2.493933 
221 193 258 218 1.000000 258 218 423 126 4.230626 423 126 221 193 4.765988 
166 277 221 193 1.000000 221 193 423 126 2.119648 423 126 166 277 2.968772 
423 126 221 193 1.000000 221 193 254 411 1.036002 254 411 423 126 1.556890 
481 213 423 126 1.000000 423 126 271 211 1.665557 271 211 481 213 2.008488 
258 218 271 211 1.000000 271 211 423 126 11.795077 423 126 258 218 12.794960 
166 277 271 211 1.000000 271 211 423 126 1.404225 423 126 166 277 2.403457 
423 126 271 211 1.000000 271 211 254 411 1.152562 254 411 423 126 1.902587 
481 213 423 126 1.000000 423 126 258 218 1.806748 258 218 481 213 2.133263 
481 213 423 126 1.000000 423 126 166 277 2.850749 166 277 481 213 3.074147 
423 126 481 213 1.000000 481 213 254 411 2.880799 254 411 423 126 3.168866 
166 277 258 218 1.000000 258 218 423 126 1.728519 423 126 166 277 2.727317 
423 126 258 218 1.000000 258 218 254 411 1.021841 254 411 423 126 1.753906 
254 411 166 277 1.000000 166 277 423 126 1.859354 423 126 254 411 2.066840 
271 211 221 193 1.000000 221 193 164 146 1.390223 164 146 271 211 2.355904 
164 146 221 193 1.000000 221 193 481 213 3.529699 481 213 164 146 4.385634 
258 218 221 193 1.000000 221 193 164 146 1.654452 164 146 258 218 2.651621 
164 146 221 193 1.000000 221 193 166 277 1.359049 166 277 164 146 1.773394 
164 146 221 193 1.000000 221 193 254 411 2.984417 254 411 164 146 3.788205 
164 146 271 211 1.000000 271 211 481 213 1.677448 481 213 164 146 2.587970 
271 211 258 218 1.000000 258 218 164 146 8.019472 164 146 271 211 8.479333 
166 277 271 211 1.000000 271 211 164 146 1.009480 164 146 166 277 1.056403 
164 146 271 211 1.000000 271 211 254 411 1.603258 254 411 164 146 2.235426 
164 146 258 218 1.000000 258 218 481 213 1.883823 481 213 164 146 2.736372 
164 146 166 277 1.000000 166 277 481 213 2.453423 481 213 164 146 2.473018 
164 146 254 411 1.000000 254 411 481 213 1.076298 481 213 164 146 1.157708 
166 277 258 218 1.000000 258 218 164 146 1.083380 164 146 166 277 1.198751 
164 146 258 218 1.000000 258 218 254 411 1.630334 254 411 164 146 2.363612 
164 146 166 277 1.000000 166 277 254 411 1.223615 254 411 164 146 2.136133 
221 193 271 211 1.000000 271 211 481 213 3.951906 481 213 221 193 4.907068 
271 211 258 218 1.000000 258 218 221 193 3.024366 221 193 271 211 3.599184 
271 211 221 193 1.000000 221 193 166 277 1.889381 166 277 271 211 2.333780 
221 193 271 211 1.000000 271 211 254 411 3.777121 254 411 221 193 4.149004 
221 193 258 218 1.000000 258 218 481 213 4.995183 481 213 221 193 5.839718 
166 277 221 193 1.000000 221 193 481 213 2.597184 481 213 166 277 3.201419 
254 411 221 193 1.000000 221 193 481 213 1.182710 481 213 254 411 1.366175 
258 218 221 193 1.000000 221 193 166 277 2.248481 166 277 258 218 2.447544 
221 193 258 218 1.000000 258 218 254 411 4.323027 254 411 221 193 4.937574 
221 193 166 277 1.000000 166 277 254 411 1.596668 254 411 221 193 2.195960 
258 218 271 211 1.000000 271 211 481 213 14.223640 481 213 258 218 15.107262 
166 277 271 211 1.000000 271 211 481 213 1.693350 481 213 166 277 2.591803 
254 411 271 211 1.000000 271 211 481 213 1.046275 481 213 254 411 1.500684 
271 211 258 218 1.000000 258 218 166 277 7.402268 166 277 271 211 8.399705 
271 211 258 218 1.000000 258 218 254 411 13.074417 254 411 271 211 13.594555 
271 211 166 277 1.000000 166 277 254 411 1.292630 254 411 271 211 1.618456 
166 277 258 218 1.000000 258 218 481 213 2.040896 481 213 166 277 2.941042 
254 411 258 218 1.000000 258 218 481 213 1.155483 481 213 254 411 1.560386 
166 277 254 411 1.000000 254 411 481 213 1.878954 481 213 166 277 2.005062 
258 218 166 277 1.000000 166 277 254 411 1.466809 254 411 258 218 1.766272 