Grus
7 7 35
0 451 90 
1 427 109 
2 397 131 
3 255 282 
4 378 286 
5 239 376 
6 200 409 
0 1
1 2
2 3
2 4
3 4
3 5
5 6
451 90 427 109 1.000000 427 109 397 131 1.215341 397 131 451 90 2.214968 
451 90 427 109 1.000000 427 109 255 282 7.969593 255 282 451 90 8.963343 
451 90 427 109 1.000000 427 109 378 286 5.999822 378 286 451 90 6.832732 
451 90 427 109 1.000000 427 109 239 376 10.667828 239 376 451 90 11.630197 
451 90 427 109 1.000000 427 109 200 409 12.290029 200 409 451 90 13.260464 
451 90 397 131 1.000000 397 131 255 282 3.057174 255 282 451 90 4.046714 
451 90 397 131 1.000000 397 131 378 286 2.303207 378 286 451 90 3.084800 
451 90 397 131 1.000000 397 131 239 376 4.299759 239 376 451 90 5.250729 
451 90 397 131 1.000000 397 131 200 409 5.025344 200 409 451 90 5.986752 
255 282 378 286 1.000000 378 286 451 90 1.699533 451 90 255 282 2.229488 
239 376 255 282 1.000000 255 282 451 90 2.877465 451 90 239 376 3.733594 
200 409 255 282 1.000000 255 282 451 90 1.982486 451 90 200 409 2.932910 
239 376 378 286 1.000000 378 286 451 90 1.263056 451 90 239 376 2.149885 
451 90 378 286 1.000000 378 286 200 409 1.034473 200 409 451 90 1.940726 
200 409 239 376 1.000000 239 376 451 90 6.968457 451 90 200 409 7.945263 
427 109 397 131 1.000000 397 131 255 282 5.571721 255 282 427 109 6.557494 
427 109 397 131 1.000000 397 131 378 286 4.197611 378 286 427 109 4.936739 
427 109 397 131 1.000000 397 131 239 376 7.836341 239 376 427 109 8.777640 
427 109 397 131 1.000000 397 131 200 409 9.158724 200 409 427 109 10.112410 
255 282 378 286 1.000000 378 286 427 109 1.492360 427 109 255 282 1.982309 
239 376 255 282 1.000000 255 282 427 109 2.558446 427 109 239 376 3.424649 
200 409 255 282 1.000000 255 282 427 109 1.762691 427 109 200 409 2.718272 
239 376 378 286 1.000000 378 286 427 109 1.109089 427 109 239 376 1.971988 
427 109 378 286 1.000000 378 286 200 409 1.178081 200 409 427 109 2.048399 
200 409 239 376 1.000000 239 376 427 109 6.391835 427 109 200 409 7.363808 
255 282 378 286 1.000000 378 286 397 131 1.268924 397 131 255 282 1.684313 
239 376 255 282 1.000000 255 282 397 131 2.173841 397 131 239 376 3.057396 
200 409 255 282 1.000000 255 282 397 131 1.497710 397 131 200 409 2.461916 
397 131 378 286 1.000000 378 286 239 376 1.060404 239 376 397 131 1.866857 
397 131 378 286 1.000000 378 286 200 409 1.385520 200 409 397 131 2.181889 
200 409 239 376 1.000000 239 376 397 131 5.706385 397 131 200 409 6.669339 
239 376 255 282 1.000000 255 282 378 286 1.290639 378 286 239 376 1.736649 
378 286 255 282 1.000000 255 282 200 409 1.124592 200 409 378 286 1.758120 
200 409 239 376 1.000000 239 376 255 282 1.866420 255 282 200 409 2.709003 
200 409 239 376 1.000000 239 376 378 286 3.241316 378 286 200 409 4.235093 