Columba
10 7 120
0 111 96 
1 407 113 
2 388 132 
3 283 151 
4 450 150 
5 462 163 
6 328 167 
7 317 229 
8 301 307 
9 275 402
0 3
1 5
1 6
3 6
6 7
7 8
8 9 
407 113 388 132 1.000000 388 132 111 96 10.395570 111 96 407 113 11.034132 
407 113 283 151 1.000000 283 151 111 96 1.392373 111 96 407 113 2.286092 
450 150 407 113 1.000000 407 113 111 96 5.226534 111 96 450 150 6.051288 
462 163 407 113 1.000000 407 113 111 96 3.988785 111 96 462 163 4.807423 
407 113 328 167 1.000000 328 167 111 96 2.385983 111 96 407 113 3.098348 
407 113 317 229 1.000000 317 229 111 96 1.670104 111 96 407 113 2.019402 
407 113 301 307 1.000000 301 307 111 96 1.284381 111 96 407 113 1.341148 
111 96 407 113 1.000000 407 113 275 402 1.071607 275 402 111 96 1.170966 
388 132 283 151 1.000000 283 151 111 96 1.692323 111 96 388 132 2.617769 
450 150 388 132 1.000000 388 132 111 96 4.326663 111 96 450 150 5.317126 
462 163 388 132 1.000000 388 132 111 96 3.481570 111 96 462 163 4.453861 
388 132 328 167 1.000000 328 167 111 96 3.286966 111 96 388 132 4.021316 
388 132 317 229 1.000000 317 229 111 96 2.039828 111 96 388 132 2.323716 
301 307 388 132 1.000000 388 132 111 96 1.429287 111 96 301 307 1.452869 
111 96 388 132 1.000000 388 132 275 402 1.047840 275 402 111 96 1.242895 
450 150 283 151 1.000000 283 151 111 96 1.081296 111 96 450 150 2.055496 
462 163 283 151 1.000000 283 151 111 96 1.006565 111 96 462 163 1.991827 
328 167 283 151 1.000000 283 151 111 96 3.780995 111 96 328 167 4.780587 
317 229 283 151 1.000000 283 151 111 96 2.122264 111 96 317 229 2.881763 
301 307 283 151 1.000000 283 151 111 96 1.149932 111 96 301 307 1.808121 
111 96 283 151 1.000000 283 151 275 402 1.390674 275 402 111 96 1.922571 
462 163 450 150 1.000000 450 150 111 96 19.402990 111 96 462 163 20.197903 
450 150 328 167 1.000000 328 167 111 96 1.853566 111 96 450 150 2.786796 
450 150 317 229 1.000000 317 229 111 96 1.585098 111 96 450 150 2.219062 
450 150 301 307 1.000000 301 307 111 96 1.311805 111 96 450 150 1.585937 
275 402 450 150 1.000000 450 150 111 96 1.118869 111 96 275 402 1.131591 
462 163 328 167 1.000000 328 167 111 96 1.703122 111 96 462 163 2.665510 
462 163 317 229 1.000000 317 229 111 96 1.539122 111 96 462 163 2.242973 
462 163 301 307 1.000000 301 307 111 96 1.314515 111 96 462 163 1.654322 
462 163 275 402 1.000000 275 402 111 96 1.144050 111 96 462 163 1.177531 
317 229 328 167 1.000000 328 167 111 96 3.625954 111 96 317 229 3.894090 
301 307 328 167 1.000000 328 167 111 96 1.601348 111 96 301 307 1.991435 
111 96 328 167 1.000000 328 167 275 402 1.055109 275 402 111 96 1.520573 
301 307 317 229 1.000000 317 229 111 96 3.079519 111 96 301 307 3.565985 
275 402 317 229 1.000000 317 229 111 96 1.377355 111 96 275 402 1.950157 
275 402 301 307 1.000000 301 307 111 96 2.882809 111 96 275 402 3.524869 
407 113 388 132 1.000000 388 132 283 151 3.971156 283 151 407 113 4.826634 
388 132 407 113 1.000000 407 113 450 150 2.111176 450 150 388 132 2.402676 
388 132 407 113 1.000000 407 113 462 163 2.766289 462 163 388 132 2.985886 
407 113 388 132 1.000000 388 132 328 167 2.585116 328 167 407 113 3.561295 
407 113 388 132 1.000000 388 132 317 229 4.473684 317 229 407 113 5.464060 
407 113 388 132 1.000000 388 132 301 307 7.273258 301 307 407 113 8.227378 
407 113 388 132 1.000000 388 132 275 402 10.892893 275 402 407 113 11.824256 
450 150 407 113 1.000000 407 113 283 151 2.286230 283 151 450 150 2.943955 
462 163 407 113 1.000000 407 113 283 151 1.744805 283 151 462 163 2.413574 
283 151 328 167 1.000000 328 167 407 113 2.003614 407 113 283 151 2.715503 
317 229 283 151 1.000000 283 151 407 113 1.524206 407 113 317 229 1.725499 
407 113 283 151 1.000000 283 151 301 307 1.210831 301 307 407 113 1.704579 
407 113 283 151 1.000000 283 151 275 402 1.936338 275 402 407 113 2.449793 
462 163 450 150 1.000000 450 150 407 113 3.206423 407 113 462 163 4.201399 
450 150 407 113 1.000000 407 113 328 167 1.686878 328 167 450 150 2.171414 
450 150 407 113 1.000000 407 113 317 229 2.588160 317 229 450 150 2.726957 
407 113 450 150 1.000000 450 150 301 307 3.815591 301 307 407 113 3.897059 
407 113 450 150 1.000000 450 150 275 402 5.408399 275 402 407 113 5.600791 
462 163 407 113 1.000000 407 113 328 167 1.287391 328 167 462 163 1.803566 
462 163 407 113 1.000000 407 113 317 229 1.975231 317 229 462 163 2.143326 
407 113 462 163 1.000000 462 163 301 307 2.905978 301 307 407 113 2.974157 
407 113 462 163 1.000000 462 163 275 402 4.082631 275 402 407 113 4.274411 
317 229 328 167 1.000000 328 167 407 113 1.519690 407 113 317 229 2.331645 
407 113 328 167 1.000000 328 167 301 307 1.489983 301 307 407 113 2.310221 
407 113 328 167 1.000000 328 167 275 402 2.517472 275 402 407 113 3.320212 
301 307 317 229 1.000000 317 229 407 113 1.843909 407 113 301 307 2.776422 
407 113 317 229 1.000000 317 229 275 402 1.212544 275 402 407 113 2.164005 
275 402 301 307 1.000000 301 307 407 113 2.244511 407 113 275 402 3.225776 
450 150 388 132 1.000000 388 132 283 151 1.652805 283 151 450 150 2.586785 
462 163 388 132 1.000000 388 132 283 151 1.329976 283 151 462 163 2.236068 
283 151 328 167 1.000000 328 167 388 132 1.454407 388 132 283 151 2.234205 
317 229 283 151 1.000000 283 151 388 132 1.254054 388 132 317 229 1.412748 
388 132 283 151 1.000000 283 151 301 307 1.471672 301 307 388 132 1.831521 
388 132 283 151 1.000000 283 151 275 402 2.353470 275 402 388 132 2.743003 
462 163 450 150 1.000000 450 150 388 132 3.649150 388 132 462 163 4.534920 
450 150 388 132 1.000000 388 132 328 167 1.075932 328 167 450 150 1.907971 
450 150 388 132 1.000000 388 132 317 229 1.861959 317 229 450 150 2.396114 
450 150 388 132 1.000000 388 132 301 307 3.027148 301 307 450 150 3.352671 
450 150 388 132 1.000000 388 132 275 402 4.533650 275 402 450 150 4.752235 
328 167 388 132 1.000000 388 132 462 163 1.155030 462 163 328 167 1.929966 
462 163 388 132 1.000000 388 132 317 229 1.498277 317 229 462 163 1.985695 
462 163 388 132 1.000000 388 132 301 307 2.435880 301 307 462 163 2.692258 
462 163 388 132 1.000000 388 132 275 402 3.648128 275 402 462 163 3.782374 
317 229 328 167 1.000000 328 167 388 132 1.103131 388 132 317 229 1.909028 
388 132 328 167 1.000000 328 167 301 307 2.052624 301 307 388 132 2.813513 
388 132 328 167 1.000000 328 167 275 402 3.468108 275 402 388 132 4.213696 
301 307 317 229 1.000000 317 229 388 132 1.509695 388 132 301 307 2.454443 
388 132 317 229 1.000000 317 229 275 402 1.480975 275 402 388 132 2.434882 
275 402 301 307 1.000000 301 307 388 132 1.984218 388 132 275 402 2.971691 
462 163 450 150 1.000000 450 150 283 151 9.439567 283 151 462 163 10.140388 
283 151 328 167 1.000000 328 167 450 150 2.579129 450 150 283 151 3.496726 
283 151 317 229 1.000000 317 229 450 150 1.818034 450 150 283 151 1.962705 
301 307 283 151 1.000000 283 151 450 150 1.063476 450 150 301 307 1.378346 
450 150 283 151 1.000000 283 151 275 402 1.503730 275 402 450 150 1.837120 
283 151 328 167 1.000000 328 167 462 163 2.806956 462 163 283 151 3.756333 
283 151 317 229 1.000000 317 229 462 163 1.872342 462 163 283 151 2.108422 
301 307 283 151 1.000000 283 151 462 163 1.142432 462 163 301 307 1.375504 
462 163 283 151 1.000000 283 151 275 402 1.399805 275 402 462 163 1.691529 
283 151 328 167 1.000000 328 167 317 229 1.318436 317 229 283 151 1.781585 
283 151 328 167 1.000000 328 167 301 307 2.985351 301 307 283 151 3.288016 
283 151 328 167 1.000000 328 167 275 402 5.044041 275 402 283 151 5.258133 
301 307 317 229 1.000000 317 229 283 151 1.068623 283 151 301 307 1.972204 
283 151 317 229 1.000000 317 229 275 402 2.092244 275 402 283 151 2.951379 
275 402 301 307 1.000000 301 307 283 151 1.594367 283 151 275 402 2.549682 
462 163 450 150 1.000000 450 150 328 167 6.962474 328 167 462 163 7.577502 
462 163 450 150 1.000000 450 150 317 229 8.743779 317 229 462 163 9.004968 
450 150 462 163 1.000000 462 163 301 307 12.209173 301 307 450 150 12.234399 
450 150 462 163 1.000000 462 163 275 402 17.152762 275 402 450 150 17.341616 
317 229 328 167 1.000000 328 167 450 150 1.956204 450 150 317 229 2.456687 
450 150 328 167 1.000000 328 167 301 307 1.157503 301 307 450 150 1.757191 
450 150 328 167 1.000000 328 167 275 402 1.955715 275 402 450 150 2.490726 
301 307 317 229 1.000000 317 229 450 150 1.942794 450 150 301 307 2.718380 
450 150 317 229 1.000000 317 229 275 402 1.150828 275 402 450 150 1.983309 
275 402 301 307 1.000000 301 307 450 150 2.197589 450 150 275 402 3.114967 
317 229 328 167 1.000000 328 167 462 163 2.129005 462 163 317 229 2.530071 
462 163 328 167 1.000000 328 167 301 307 1.063555 301 307 462 163 1.611240 
462 163 328 167 1.000000 328 167 275 402 1.796979 275 402 462 163 2.263644 
301 307 317 229 1.000000 317 229 462 163 2.000828 462 163 301 307 2.712775 
462 163 317 229 1.000000 317 229 275 402 1.117448 275 402 462 163 1.904811 
275 402 301 307 1.000000 301 307 462 163 2.193058 462 163 275 402 3.081045 
328 167 317 229 1.000000 317 229 301 307 1.264512 301 307 328 167 2.264313 
328 167 317 229 1.000000 317 229 275 402 2.827223 275 402 328 167 3.825777 
275 402 301 307 1.000000 301 307 328 167 1.447604 328 167 275 402 2.445868 
317 229 301 307 1.000000 301 307 275 402 1.236983 275 402 317 229 2.235821 