Auriga
10 11 120
0 228 18 
1 356 163 
2 221 167 
3 221 185 
4 407 197 
5 397 245 
6 411 247 
7 215 322 
8 447 384 
9 342 475 
0 1
0 2
1 3
1 4
1 5
2 3
3 7
4 6
5 8
7 9
8 9
356 163 221 167 1.000000 221 167 228 18 1.104436 228 18 356 163 1.432068 
356 163 221 185 1.000000 221 185 228 18 1.222003 228 18 356 163 1.414043 
407 197 356 163 1.000000 356 163 228 18 3.155495 228 18 407 197 4.129975 
397 245 356 163 1.000000 356 163 228 18 2.109693 228 18 397 245 3.086884 
411 247 356 163 1.000000 356 163 228 18 1.926355 228 18 411 247 2.919581 
228 18 356 163 1.000000 356 163 215 322 1.098749 215 322 228 18 1.573194 
228 18 356 163 1.000000 356 163 447 384 1.235702 447 384 228 18 2.205203 
228 18 356 163 1.000000 356 163 342 475 1.614743 342 475 228 18 2.435212 
221 185 221 167 1.000000 221 167 228 18 8.286908 228 18 221 185 9.285925 
228 18 221 167 1.000000 221 167 407 197 1.263062 407 197 228 18 1.697083 
228 18 221 167 1.000000 221 167 397 245 1.290588 397 245 228 18 1.897248 
228 18 221 167 1.000000 221 167 411 247 1.382068 411 247 228 18 1.965203 
228 18 221 167 1.000000 221 167 215 322 1.039901 215 322 228 18 2.039883 
228 18 221 167 1.000000 221 167 447 384 2.100455 447 384 228 18 2.859378 
228 18 221 167 1.000000 221 167 342 475 2.218462 342 475 228 18 3.157620 
228 18 221 185 1.000000 221 185 407 197 1.115109 407 197 228 18 1.514504 
228 18 221 185 1.000000 221 185 397 245 1.112474 397 245 228 18 1.693135 
228 18 221 185 1.000000 221 185 411 247 1.195716 411 247 228 18 1.753779 
215 322 221 185 1.000000 221 185 228 18 1.218880 228 18 215 322 2.218879 
228 18 221 185 1.000000 221 185 447 384 1.801569 447 384 228 18 2.551755 
228 18 221 185 1.000000 221 185 342 475 1.879971 342 475 228 18 2.817910 
397 245 407 197 1.000000 407 197 228 18 5.162984 228 18 397 245 5.771941 
411 247 407 197 1.000000 407 197 228 18 5.046761 228 18 411 247 5.844093 
215 322 407 197 1.000000 407 197 228 18 1.104928 228 18 215 322 1.328116 
447 384 407 197 1.000000 407 197 228 18 1.323767 228 18 447 384 2.230386 
228 18 407 197 1.000000 407 197 342 475 1.127807 342 475 228 18 1.860616 
411 247 397 245 1.000000 397 245 228 18 20.011247 228 18 411 247 20.728000 
215 322 397 245 1.000000 397 245 228 18 1.432062 228 18 215 322 1.539725 
447 384 397 245 1.000000 397 245 228 18 1.915807 228 18 447 384 2.887349 
342 475 397 245 1.000000 397 245 228 18 1.196702 228 18 342 475 1.991690 
215 322 411 247 1.000000 411 247 228 18 1.396831 228 18 215 322 1.449912 
447 384 411 247 1.000000 411 247 228 18 2.069440 228 18 447 384 3.011044 
342 475 411 247 1.000000 411 247 228 18 1.230576 228 18 342 475 1.977247 
447 384 215 322 1.000000 215 322 228 18 1.267077 228 18 447 384 1.776107 
342 475 215 322 1.000000 215 322 228 18 1.530252 228 18 342 475 2.368740 
342 475 447 384 1.000000 447 384 228 18 3.069662 228 18 342 475 3.389836 
221 185 221 167 1.000000 221 167 356 163 7.503291 356 163 221 185 7.598936 
407 197 356 163 1.000000 356 163 221 167 2.203453 221 167 407 197 3.073754 
397 245 356 163 1.000000 356 163 221 167 1.473179 221 167 397 245 2.099829 
411 247 356 163 1.000000 356 163 221 167 1.345156 221 167 411 247 2.053254 
356 163 221 167 1.000000 221 167 215 322 1.148504 215 322 356 163 1.573484 
221 167 356 163 1.000000 356 163 447 384 1.769609 447 384 221 167 2.319819 
221 167 356 163 1.000000 356 163 342 475 2.312422 342 475 221 167 2.450150 
407 197 356 163 1.000000 356 163 221 185 2.231540 221 185 407 197 3.040845 
397 245 356 163 1.000000 356 163 221 185 1.491957 221 185 397 245 2.028236 
411 247 356 163 1.000000 356 163 221 185 1.362302 221 185 411 247 1.990554 
356 163 221 185 1.000000 221 185 215 322 1.002562 215 322 356 163 1.553679 
221 185 356 163 1.000000 356 163 447 384 1.747336 447 384 221 185 2.201523 
221 185 356 163 1.000000 356 163 342 475 2.283316 342 475 221 185 2.297330 
397 245 407 197 1.000000 407 197 356 163 1.250125 356 163 397 245 1.869828 
411 247 407 197 1.000000 407 197 356 163 1.221983 356 163 411 247 2.001688 
407 197 356 163 1.000000 356 163 215 322 3.467097 215 322 407 197 3.737778 
356 163 407 197 1.000000 407 197 447 384 3.119866 447 384 356 163 3.899250 
356 163 407 197 1.000000 407 197 342 475 4.657814 342 475 356 163 5.095312 
411 247 397 245 1.000000 397 245 356 163 6.482669 356 163 411 247 7.099648 
356 163 397 245 1.000000 397 245 215 322 2.155551 215 322 356 163 2.318023 
356 163 397 245 1.000000 397 245 447 384 1.611271 447 384 356 163 2.606951 
356 163 397 245 1.000000 397 245 342 475 2.579492 342 475 356 163 3.406611 
356 163 411 247 1.000000 411 247 215 322 2.090147 215 322 356 163 2.116580 
356 163 411 247 1.000000 411 247 447 384 1.410808 447 384 356 163 2.380400 
356 163 411 247 1.000000 411 247 342 475 2.372532 342 475 356 163 3.110567 
215 322 356 163 1.000000 356 163 447 384 1.124644 447 384 215 322 1.130006 
342 475 215 322 1.000000 215 322 356 163 1.068758 356 163 342 475 1.570667 
342 475 447 384 1.000000 447 384 356 163 1.720107 356 163 342 475 2.247736 
221 167 221 185 1.000000 221 185 407 197 10.354816 407 197 221 167 10.466879 
221 167 221 185 1.000000 221 185 397 245 10.330346 397 245 221 167 10.694986 
221 167 221 185 1.000000 221 185 411 247 11.103331 411 247 221 167 11.453071 
221 167 221 185 1.000000 221 185 215 322 7.618407 215 322 221 167 8.617560 
221 167 221 185 1.000000 221 185 447 384 16.729234 447 384 221 167 17.406275 
221 167 221 185 1.000000 221 185 342 475 17.457267 342 475 221 167 18.384189 
397 245 407 197 1.000000 407 197 221 167 3.842576 221 167 397 245 3.926318 
411 247 407 197 1.000000 407 197 221 167 3.756076 221 167 411 247 4.109975 
215 322 221 167 1.000000 221 167 407 197 1.214599 407 197 215 322 1.476989 
221 167 407 197 1.000000 407 197 447 384 1.015002 447 384 221 167 1.662986 
221 167 407 197 1.000000 407 197 342 475 1.515350 342 475 221 167 1.756416 
411 247 397 245 1.000000 397 245 221 167 13.612494 221 167 411 247 14.577380 
215 322 221 167 1.000000 221 167 397 245 1.241069 397 245 215 322 1.274003 
447 384 397 245 1.000000 397 245 221 167 1.303213 221 167 447 384 2.121002 
221 167 397 245 1.000000 397 245 342 475 1.228430 342 475 221 167 1.718954 
215 322 221 167 1.000000 221 167 411 247 1.329039 411 247 215 322 1.352919 
447 384 411 247 1.000000 411 247 221 167 1.455375 221 167 447 384 2.211866 
221 167 411 247 1.000000 411 247 342 475 1.155498 342 475 221 167 1.605175 
221 167 215 322 1.000000 215 322 447 384 1.548141 447 384 221 167 2.019861 
221 167 215 322 1.000000 215 322 342 475 1.281889 342 475 221 167 2.133340 
342 475 447 384 1.000000 447 384 221 167 2.254925 221 167 342 475 2.381611 
407 197 397 245 1.000000 397 245 221 185 3.792452 221 185 407 197 3.801436 
411 247 407 197 1.000000 407 197 221 185 3.715862 221 185 411 247 3.984469 
215 322 221 185 1.000000 221 185 407 197 1.359184 407 197 215 322 1.670696 
221 185 407 197 1.000000 407 197 447 384 1.025986 447 384 221 185 1.615599 
221 185 407 197 1.000000 407 197 342 475 1.531750 342 475 221 185 1.685908 
411 247 397 245 1.000000 397 245 221 185 13.148384 221 185 411 247 14.132233 
215 322 221 185 1.000000 221 185 397 245 1.355972 397 245 215 322 1.441088 
447 384 397 245 1.000000 397 245 221 185 1.258781 221 185 447 384 2.038502 
221 185 397 245 1.000000 397 245 342 475 1.271791 342 475 221 185 1.689901 
215 322 221 185 1.000000 221 185 411 247 1.457435 411 247 215 322 1.530354 
447 384 411 247 1.000000 411 247 221 185 1.410932 221 185 447 384 2.125832 
221 185 411 247 1.000000 411 247 342 475 1.191895 342 475 221 185 1.572255 
221 185 215 322 1.000000 215 322 447 384 1.751180 447 384 221 185 2.195897 
221 185 215 322 1.000000 215 322 342 475 1.450009 342 475 221 185 2.291459 
342 475 447 384 1.000000 447 384 221 185 2.167217 221 185 342 475 2.261531 
411 247 397 245 1.000000 397 245 407 197 3.466987 407 197 411 247 3.546830 
407 197 397 245 1.000000 397 245 215 322 4.030510 215 322 407 197 4.672689 
407 197 397 245 1.000000 397 245 447 384 3.012799 447 384 407 197 3.900222 
407 197 397 245 1.000000 397 245 342 475 4.823205 342 475 407 197 5.822849 
407 197 411 247 1.000000 411 247 215 322 4.183823 215 322 407 197 4.567503 
407 197 411 247 1.000000 411 247 447 384 2.823997 447 384 407 197 3.812424 
407 197 411 247 1.000000 411 247 342 475 4.749069 342 475 407 197 5.691772 
447 384 407 197 1.000000 407 197 215 322 1.198057 215 322 447 384 1.255772 
342 475 215 322 1.000000 215 322 407 197 1.152197 407 197 342 475 1.435805 
342 475 447 384 1.000000 447 384 407 197 1.376291 407 197 342 475 2.054739 
411 247 397 245 1.000000 397 245 215 322 13.973725 215 322 411 247 14.839306 
397 245 411 247 1.000000 411 247 447 384 10.016237 447 384 397 245 10.445334 
411 247 397 245 1.000000 397 245 342 475 16.721992 342 475 411 247 16.844138 
447 384 397 245 1.000000 397 245 215 322 1.337796 215 322 447 384 1.625661 
397 245 215 322 1.000000 215 322 342 475 1.006190 342 475 397 245 1.196674 
342 475 447 384 1.000000 447 384 397 245 1.063142 397 245 342 475 1.701989 
447 384 411 247 1.000000 411 247 215 322 1.481525 215 322 447 384 1.695305 
342 475 215 322 1.000000 215 322 411 247 1.055410 411 247 342 475 1.197999 
342 475 447 384 1.000000 447 384 411 247 1.019468 411 247 342 475 1.714422 
447 384 342 475 1.000000 342 475 215 322 1.431071 215 322 447 384 1.728309 