6 20
0 173 165 
1 232 218 
2 240 226 
3 233 249 
4 186 260 
5 287 330 
240 226 232 218 1.000000 232 218 173 165 7.010037 173 165 240 226 8.008784 
233 249 232 218 1.000000 232 218 173 165 2.557042 173 165 233 249 3.328201 
186 260 232 218 1.000000 232 218 173 165 1.273238 173 165 186 260 1.539346 
173 165 232 218 1.000000 232 218 287 330 1.573276 287 330 173 165 2.528722 
233 249 240 226 1.000000 240 226 173 165 3.768840 173 165 233 249 4.293715 
186 260 240 226 1.000000 240 226 173 165 1.419932 173 165 186 260 1.502617 
173 165 240 226 1.000000 240 226 287 330 1.259555 287 330 173 165 2.213374 
233 249 186 260 1.000000 186 260 173 165 1.986435 173 165 233 249 2.138549 
287 330 233 249 1.000000 233 249 173 165 1.060380 173 165 287 330 2.060113 
173 165 186 260 1.000000 186 260 287 330 1.281594 287 330 173 165 2.091579 
232 218 240 226 1.000000 240 226 233 249 2.125000 233 249 232 218 2.741464 
240 226 232 218 1.000000 232 218 186 260 5.505679 186 260 240 226 5.640257 
232 218 240 226 1.000000 240 226 287 330 10.087508 287 330 232 218 11.028727 
232 218 233 249 1.000000 233 249 186 260 1.556290 186 260 232 218 2.008299 
232 218 233 249 1.000000 233 249 287 330 3.138686 287 330 232 218 4.022933 
232 218 186 260 1.000000 186 260 287 330 1.972818 287 330 232 218 2.003155 
240 226 233 249 1.000000 233 249 186 260 2.007770 186 260 240 226 2.654239 
240 226 233 249 1.000000 233 249 287 330 4.049221 287 330 240 226 4.747062 
186 260 240 226 1.000000 240 226 287 330 1.788484 287 330 186 260 1.925746 
186 260 233 249 1.000000 233 249 287 330 2.016775 287 330 186 260 2.545804 