13 286
0 479 72 
1 138 106 
2 385 111 
3 324 137 
4 557 167 
5 491 174 
6 363 185 
7 373 198 
8 98 284 
9 313 305 
10 385 365 
11 571 373 
12 488 425 
479 72 385 111 1.000000 385 111 138 106 2.427554 138 106 479 72 3.367328 
479 72 324 137 1.000000 324 137 138 106 1.121898 138 106 479 72 2.038887 
557 167 479 72 1.000000 479 72 138 106 2.787948 138 106 557 167 3.444693 
491 174 479 72 1.000000 479 72 138 106 3.336702 138 106 491 174 3.500271 
479 72 363 185 1.000000 363 185 138 106 1.472545 138 106 479 72 2.116142 
479 72 373 198 1.000000 373 198 138 106 1.532680 138 106 479 72 2.081238 
98 284 138 106 1.000000 138 106 479 72 1.878385 479 72 98 284 2.389896 
138 106 313 305 1.000000 313 305 479 72 1.079561 479 72 138 106 1.293164 
385 365 479 72 1.000000 479 72 138 106 1.113684 138 106 385 365 1.163100 
571 373 479 72 1.000000 479 72 138 106 1.088786 138 106 571 373 1.616231 
138 106 479 72 1.000000 479 72 488 425 1.030418 488 425 138 106 1.381893 
324 137 385 111 1.000000 385 111 479 72 1.534754 479 72 324 137 2.534726 
385 111 479 72 1.000000 479 72 557 167 1.207816 557 167 385 111 1.777418 
385 111 479 72 1.000000 479 72 491 174 1.009179 491 174 385 111 1.211647 
363 185 385 111 1.000000 385 111 479 72 1.318238 479 72 363 185 2.097658 
373 198 385 111 1.000000 385 111 479 72 1.158792 479 72 373 198 1.874861 
479 72 385 111 1.000000 385 111 98 284 3.292828 98 284 479 72 4.284299 
479 72 385 111 1.000000 385 111 313 305 2.033323 313 305 479 72 2.811118 
479 72 385 111 1.000000 385 111 385 365 2.495840 385 365 479 72 3.023595 
385 111 479 72 1.000000 479 72 571 373 3.092738 571 373 385 111 3.157236 
479 72 385 111 1.000000 385 111 488 425 3.247164 488 425 479 72 3.469755 
557 167 479 72 1.000000 479 72 324 137 1.367387 324 137 557 167 1.911210 
491 174 479 72 1.000000 479 72 324 137 1.636531 324 137 491 174 1.665472 
324 137 363 185 1.000000 363 185 479 72 2.618436 479 72 324 137 2.717650 
324 137 373 198 1.000000 373 198 479 72 2.104428 479 72 324 137 2.148140 
479 72 324 137 1.000000 324 137 98 284 1.604033 98 284 479 72 2.594105 
479 72 324 137 1.000000 324 137 313 305 1.001680 313 305 479 72 1.702107 
479 72 324 137 1.000000 324 137 385 365 1.404229 385 365 479 72 1.830760 
324 137 479 72 1.000000 479 72 571 373 1.872625 571 373 324 137 2.032523 
479 72 324 137 1.000000 324 137 488 425 1.971837 488 425 479 72 2.100906 
557 167 491 174 1.000000 491 174 479 72 1.547434 479 72 557 167 1.852017 
557 167 479 72 1.000000 479 72 363 185 1.317467 363 185 557 167 1.585058 
557 167 479 72 1.000000 479 72 373 198 1.339562 373 198 557 167 1.518021 
557 167 479 72 1.000000 479 72 98 284 3.547145 98 284 557 167 3.853581 
479 72 557 167 1.000000 557 167 313 305 2.280542 313 305 479 72 2.327439 
479 72 557 167 1.000000 557 167 385 365 2.133725 385 365 479 72 2.503357 
479 72 557 167 1.000000 557 167 571 373 1.679771 571 373 479 72 2.560603 
479 72 557 167 1.000000 557 167 488 425 2.172716 488 425 479 72 2.872751 
479 72 491 174 1.000000 491 174 363 185 1.250900 363 185 479 72 1.576786 
479 72 491 174 1.000000 491 174 373 198 1.172462 373 198 479 72 1.603230 
479 72 491 174 1.000000 491 174 98 284 3.973617 98 284 479 72 4.245332 
479 72 491 174 1.000000 491 174 313 305 2.151914 313 305 479 72 2.785550 
479 72 491 174 1.000000 491 174 385 365 2.126922 385 365 479 72 2.996095 
479 72 491 174 1.000000 491 174 571 373 2.088327 571 373 479 72 3.064609 
479 72 491 174 1.000000 491 174 488 425 2.444104 488 425 479 72 3.438197 
373 198 363 185 1.000000 363 185 479 72 9.873738 479 72 373 198 10.039328 
479 72 363 185 1.000000 363 185 98 284 1.746859 98 284 479 72 2.692397 
313 305 363 185 1.000000 363 185 479 72 1.245703 479 72 313 305 2.200659 
479 72 363 185 1.000000 363 185 385 365 1.119785 385 365 479 72 1.900128 
479 72 363 185 1.000000 363 185 571 373 1.731313 571 373 479 72 1.943580 
479 72 363 185 1.000000 363 185 488 425 1.670983 488 425 479 72 2.180510 
479 72 373 198 1.000000 373 198 98 284 1.749900 98 284 479 72 2.647988 
313 305 373 198 1.000000 373 198 479 72 1.342230 479 72 313 305 2.332074 
479 72 373 198 1.000000 373 198 385 365 1.016843 385 365 479 72 1.868787 
479 72 373 198 1.000000 373 198 571 373 1.604860 571 373 479 72 1.911522 
479 72 373 198 1.000000 373 198 488 425 1.545441 488 425 479 72 2.144544 
98 284 313 305 1.000000 313 305 479 72 1.324329 479 72 98 284 2.018350 
98 284 385 365 1.000000 385 365 479 72 1.031850 479 72 98 284 1.462085 
571 373 479 72 1.000000 479 72 98 284 1.385277 98 284 571 373 1.529171 
479 72 488 425 1.000000 488 425 98 284 1.174423 98 284 479 72 1.234755 
385 365 313 305 1.000000 313 305 479 72 3.052460 479 72 385 365 3.283178 
571 373 313 305 1.000000 313 305 479 72 1.072242 479 72 571 373 1.179660 
488 425 313 305 1.000000 313 305 479 72 1.348246 479 72 488 425 1.664137 
571 373 385 365 1.000000 385 365 479 72 1.652823 479 72 571 373 1.690619 
488 425 385 365 1.000000 385 365 479 72 2.581421 479 72 488 425 2.962334 
488 425 571 373 1.000000 571 373 479 72 3.213534 479 72 488 425 3.605277 
385 111 324 137 1.000000 324 137 138 106 2.843704 138 106 385 111 3.725698 
557 167 385 111 1.000000 385 111 138 106 1.365775 138 106 557 167 2.340786 
491 174 385 111 1.000000 385 111 138 106 2.003515 138 106 491 174 2.915369 
385 111 363 185 1.000000 363 185 138 106 3.088895 138 106 385 111 3.200094 
373 198 385 111 1.000000 385 111 138 106 2.813029 138 106 373 198 2.873562 
98 284 138 106 1.000000 138 106 385 111 1.354154 385 111 98 284 1.836827 
313 305 385 111 1.000000 385 111 138 106 1.193885 138 106 313 305 1.280636 
138 106 385 111 1.000000 385 111 385 365 1.028129 385 365 138 106 1.448677 
138 106 385 111 1.000000 385 111 571 373 1.300583 571 373 138 106 2.059102 
138 106 385 111 1.000000 385 111 488 425 1.337628 488 425 138 106 1.916862 
138 106 324 137 1.000000 324 137 557 167 1.245844 557 167 138 106 2.245462 
491 174 324 137 1.000000 324 137 138 106 1.102403 138 106 491 174 2.101669 
363 185 324 137 1.000000 324 137 138 106 3.048926 138 106 363 185 3.855766 
373 198 324 137 1.000000 324 137 138 106 2.409994 138 106 373 198 3.225415 
98 284 138 106 1.000000 138 106 324 137 1.033582 324 137 98 284 1.477762 
313 305 324 137 1.000000 324 137 138 106 1.120016 138 106 313 305 1.574022 
138 106 324 137 1.000000 324 137 385 365 1.251655 385 365 138 106 1.897995 
138 106 324 137 1.000000 324 137 571 373 1.811683 571 373 138 106 2.697746 
138 106 324 137 1.000000 324 137 488 425 1.757591 488 425 138 106 2.511391 
557 167 491 174 1.000000 491 174 138 106 5.416438 138 106 557 167 6.379628 
557 167 363 185 1.000000 363 185 138 106 1.223949 138 106 557 167 2.173228 
557 167 373 198 1.000000 373 198 138 106 1.352498 138 106 557 167 2.269199 
98 284 138 106 1.000000 138 106 557 167 2.320869 557 167 98 284 2.596358 
138 106 313 305 1.000000 313 305 557 167 1.057808 557 167 138 106 1.597789 
557 167 385 365 1.000000 385 365 138 106 1.364587 138 106 557 167 1.614403 
571 373 557 167 1.000000 557 167 138 106 2.050692 138 106 571 373 2.463745 
488 425 557 167 1.000000 557 167 138 106 1.585431 138 106 488 425 1.773193 
491 174 363 185 1.000000 363 185 138 106 1.856174 138 106 491 174 2.798201 
491 174 373 198 1.000000 373 198 138 106 2.095792 138 106 491 174 2.985401 
98 284 138 106 1.000000 138 106 491 174 1.970466 491 174 98 284 2.236934 
491 174 313 305 1.000000 313 305 138 106 1.199054 138 106 491 174 1.626585 
491 174 385 365 1.000000 385 365 138 106 1.638404 138 106 491 174 1.645698 
571 373 491 174 1.000000 491 174 138 106 1.676112 138 106 571 373 2.371811 
488 425 491 174 1.000000 491 174 138 106 1.432128 138 106 488 425 1.886567 
373 198 363 185 1.000000 363 185 138 106 14.539524 138 106 373 198 15.387075 
98 284 138 106 1.000000 138 106 363 185 1.307099 363 185 98 284 1.550593 
313 305 363 185 1.000000 363 185 138 106 1.834353 138 106 313 305 2.038476 
385 365 363 185 1.000000 363 185 138 106 1.315025 138 106 385 365 1.973628 
138 106 363 185 1.000000 363 185 571 373 1.175728 571 373 138 106 2.133228 
138 106 363 185 1.000000 363 185 488 425 1.134758 488 425 138 106 1.985869 
98 284 138 106 1.000000 138 106 373 198 1.383294 373 198 98 284 1.579342 
313 305 373 198 1.000000 373 198 138 106 2.057209 138 106 313 305 2.160206 
385 365 373 198 1.000000 373 198 138 106 1.507292 138 106 385 365 2.137582 
138 106 373 198 1.000000 373 198 571 373 1.047094 571 373 138 106 2.015726 
138 106 373 198 1.000000 373 198 488 425 1.008326 488 425 138 106 1.876483 
138 106 98 284 1.000000 98 284 313 305 1.184084 313 305 138 106 1.452550 
138 106 98 284 1.000000 98 284 385 365 1.634581 385 365 138 106 1.961733 
138 106 98 284 1.000000 98 284 571 373 2.638143 571 373 138 106 2.788341 
138 106 98 284 1.000000 98 284 488 425 2.273121 488 425 138 106 2.595728 
385 365 313 305 1.000000 313 305 138 106 2.827501 138 106 385 365 3.818664 
138 106 313 305 1.000000 313 305 571 373 1.006826 571 373 138 106 1.919618 
488 425 313 305 1.000000 313 305 138 106 1.248884 138 106 488 425 2.231773 
571 373 385 365 1.000000 385 365 138 106 1.922398 138 106 571 373 2.732432 
488 425 385 365 1.000000 385 365 138 106 3.002450 138 106 488 425 3.972786 
571 373 488 425 1.000000 488 425 138 106 4.835035 138 106 571 373 5.193815 
324 137 385 111 1.000000 385 111 557 167 2.727900 557 167 324 137 3.542811 
324 137 385 111 1.000000 385 111 491 174 1.859580 491 174 324 137 2.579551 
363 185 324 137 1.000000 324 137 385 111 1.072167 385 111 363 185 1.248267 
385 111 324 137 1.000000 324 137 373 198 1.179963 373 198 385 111 1.324443 
385 111 324 137 1.000000 324 137 98 284 4.065783 98 284 385 111 5.053680 
385 111 324 137 1.000000 324 137 313 305 2.538984 313 305 385 111 3.120650 
385 111 324 137 1.000000 324 137 385 365 3.559335 385 365 385 111 3.830500 
324 137 385 111 1.000000 385 111 571 373 4.845580 571 373 324 137 5.151889 
324 137 385 111 1.000000 385 111 488 425 4.983598 488 425 324 137 4.998066 
557 167 491 174 1.000000 491 174 385 111 1.857891 385 111 557 167 2.725422 
363 185 385 111 1.000000 385 111 557 167 2.343061 557 167 363 185 2.523713 
373 198 385 111 1.000000 385 111 557 167 2.059657 557 167 373 198 2.124633 
557 167 385 111 1.000000 385 111 98 284 1.852590 98 284 557 167 2.618640 
557 167 385 111 1.000000 385 111 313 305 1.143975 313 305 557 167 1.549706 
557 167 385 111 1.000000 385 111 385 365 1.404194 385 365 557 167 1.449939 
385 111 557 167 1.000000 557 167 571 373 1.141461 571 373 385 111 1.776304 
385 111 557 167 1.000000 557 167 488 425 1.476435 488 425 385 111 1.826899 
363 185 385 111 1.000000 385 111 491 174 1.597240 491 174 363 185 1.664120 
385 111 373 198 1.000000 373 198 491 174 1.371110 491 174 385 111 1.404047 
491 174 385 111 1.000000 385 111 98 284 2.717645 98 284 491 174 3.309617 
491 174 385 111 1.000000 385 111 313 305 1.678147 313 305 491 174 1.792325 
385 111 491 174 1.000000 491 174 385 365 1.771509 385 365 385 111 2.059873 
385 111 491 174 1.000000 491 174 571 373 1.739364 571 373 385 111 2.605738 
385 111 491 174 1.000000 491 174 488 425 2.035689 488 425 385 111 2.679958 
373 198 363 185 1.000000 363 185 385 111 4.707030 385 111 373 198 5.354705 
385 111 363 185 1.000000 363 185 98 284 3.664312 98 284 385 111 4.340731 
385 111 363 185 1.000000 363 185 313 305 1.683915 313 305 385 111 2.680404 
385 111 363 185 1.000000 363 185 385 365 2.348925 385 365 385 111 3.290111 
385 111 363 185 1.000000 363 185 571 373 3.631702 571 373 385 111 4.161988 
385 111 363 185 1.000000 363 185 488 425 3.505150 488 425 385 111 4.280536 
385 111 373 198 1.000000 373 198 98 284 3.280819 98 284 385 111 3.815701 
385 111 373 198 1.000000 373 198 313 305 1.396826 313 305 385 111 2.356197 
385 111 373 198 1.000000 373 198 385 365 1.906440 385 365 385 111 2.892158 
385 111 373 198 1.000000 373 198 571 373 3.008890 571 373 385 111 3.658578 
385 111 373 198 1.000000 373 198 488 425 2.897488 488 425 385 111 3.762787 
385 111 313 305 1.000000 313 305 98 284 1.043943 98 284 385 111 1.619432 
385 111 385 365 1.000000 385 365 98 284 1.174060 98 284 385 111 1.319327 
571 373 385 111 1.000000 385 111 98 284 1.042946 98 284 571 373 1.497932 
488 425 385 111 1.000000 385 111 98 284 1.014063 98 284 488 425 1.254928 
385 365 313 305 1.000000 313 305 385 111 2.207889 385 111 385 365 2.710114 
385 111 313 305 1.000000 313 305 571 373 1.289377 571 373 385 111 1.552747 
385 111 313 305 1.000000 313 305 488 425 1.025424 488 425 385 111 1.596974 
571 373 385 365 1.000000 385 365 385 111 1.364330 385 111 571 373 1.725877 
488 425 385 365 1.000000 385 365 385 111 2.130845 385 111 488 425 2.772295 
488 425 571 373 1.000000 571 373 385 111 3.280551 385 111 488 425 3.373992 
557 167 491 174 1.000000 491 174 324 137 2.577207 324 137 557 167 3.539593 
324 137 363 185 1.000000 363 185 557 167 3.150267 557 167 324 137 3.798486 
324 137 373 198 1.000000 373 198 557 167 2.384784 557 167 324 137 3.002476 
557 167 324 137 1.000000 324 137 98 284 1.147615 98 284 557 167 2.016305 
313 305 324 137 1.000000 324 137 557 167 1.395366 557 167 313 305 1.665014 
557 167 324 137 1.000000 324 137 385 365 1.004664 385 365 557 167 1.116426 
571 373 557 167 1.000000 557 167 324 137 1.137780 324 137 571 373 1.654539 
324 137 557 167 1.000000 557 167 488 425 1.136828 488 425 324 137 1.410763 
324 137 363 185 1.000000 363 185 491 174 2.077266 491 174 324 137 2.765710 
324 137 373 198 1.000000 373 198 491 174 1.538995 491 174 324 137 2.186128 
491 174 324 137 1.000000 324 137 98 284 1.576159 98 284 491 174 2.385881 
313 305 324 137 1.000000 324 137 491 174 1.015977 491 174 313 305 1.312719 
324 137 491 174 1.000000 491 174 385 365 1.277069 385 365 324 137 1.379827 
324 137 491 174 1.000000 491 174 571 373 1.253895 571 373 324 137 1.997204 
324 137 491 174 1.000000 491 174 488 425 1.467515 488 425 324 137 1.937572 
373 198 363 185 1.000000 363 185 324 137 3.770853 324 137 373 198 4.770573 
363 185 324 137 1.000000 324 137 98 284 4.359199 98 284 363 185 4.574039 
324 137 363 185 1.000000 363 185 313 305 2.101975 313 305 324 137 2.722216 
324 137 363 185 1.000000 363 185 385 365 2.932085 385 365 324 137 3.816202 
324 137 363 185 1.000000 363 185 571 373 4.533333 571 373 324 137 5.523686 
324 137 363 185 1.000000 363 185 488 425 4.375362 488 425 324 137 5.358763 
373 198 324 137 1.000000 324 137 98 284 3.445686 98 284 373 198 3.682539 
324 137 373 198 1.000000 373 198 313 305 1.567860 313 305 324 137 2.151749 
324 137 373 198 1.000000 373 198 385 365 2.139874 385 365 324 137 3.016480 
324 137 373 198 1.000000 373 198 571 373 3.377313 571 373 324 137 4.366144 
324 137 373 198 1.000000 373 198 488 425 3.252270 488 425 324 137 4.235782 
324 137 313 305 1.000000 313 305 98 284 1.283105 98 284 324 137 1.601342 
385 365 324 137 1.000000 324 137 98 284 1.142287 98 284 385 365 1.263505 
98 284 324 137 1.000000 324 137 571 373 1.267133 571 373 98 284 1.785228 
98 284 324 137 1.000000 324 137 488 425 1.229300 488 425 98 284 1.538218 
385 365 313 305 1.000000 313 305 324 137 1.796355 324 137 385 365 2.518262 
324 137 313 305 1.000000 313 305 571 373 1.584766 571 373 324 137 2.029114 
324 137 313 305 1.000000 313 305 488 425 1.260343 488 425 324 137 1.968530 
571 373 385 365 1.000000 385 365 324 137 1.267748 324 137 571 373 1.834976 
488 425 385 365 1.000000 385 365 324 137 1.980001 324 137 488 425 2.780344 
571 373 488 425 1.000000 488 425 324 137 3.383787 324 137 571 373 3.487928 
557 167 491 174 1.000000 491 174 363 185 1.935686 363 185 557 167 2.935554 
557 167 491 174 1.000000 491 174 373 198 1.814308 373 198 557 167 2.811400 
557 167 491 174 1.000000 491 174 98 284 6.148909 98 284 557 167 7.136897 
557 167 491 174 1.000000 491 174 313 305 3.329945 313 305 557 167 4.223603 
557 167 491 174 1.000000 491 174 385 365 3.291271 385 365 557 167 3.951695 
491 174 557 167 1.000000 557 167 571 373 3.110963 571 373 491 174 3.231549 
557 167 491 174 1.000000 491 174 488 425 3.782089 488 425 557 167 4.023907 
363 185 373 198 1.000000 373 198 557 167 11.376785 557 167 363 185 11.879194 
557 167 363 185 1.000000 363 185 98 284 1.451953 98 284 557 167 2.431192 
313 305 363 185 1.000000 363 185 557 167 1.498717 557 167 313 305 2.156317 
385 365 363 185 1.000000 363 185 557 167 1.074412 557 167 385 365 1.446319 
363 185 557 167 1.000000 557 167 571 373 1.059753 571 373 363 185 1.439031 
363 185 557 167 1.000000 557 167 488 425 1.370749 488 425 363 185 1.388886 
557 167 373 198 1.000000 373 198 98 284 1.544181 98 284 557 167 2.538556 
313 305 373 198 1.000000 373 198 557 167 1.521044 557 167 313 305 2.285084 
385 365 373 198 1.000000 373 198 557 167 1.114451 557 167 385 365 1.566468 
373 198 557 167 1.000000 557 167 571 373 1.106553 571 373 373 198 1.416192 
557 167 373 198 1.000000 373 198 488 425 1.363759 488 425 557 167 1.431282 
98 284 313 305 1.000000 313 305 557 167 1.297644 557 167 98 284 2.192715 
557 167 385 365 1.000000 385 365 98 284 1.137019 98 284 557 167 1.806035 
571 373 557 167 1.000000 557 167 98 284 2.294112 98 284 571 373 2.331032 
557 167 488 425 1.000000 488 425 98 284 1.552814 98 284 557 167 1.773624 
313 305 385 365 1.000000 385 365 557 167 2.798402 557 167 313 305 2.990955 
557 167 571 373 1.000000 571 373 313 305 1.292217 313 305 557 167 1.357651 
313 305 488 425 1.000000 488 425 557 167 1.258618 557 167 313 305 1.321080 
385 365 571 373 1.000000 571 373 557 167 1.109056 557 167 385 365 1.408776 
488 425 385 365 1.000000 385 365 557 167 2.200263 557 167 488 425 2.240470 
488 425 571 373 1.000000 571 373 557 167 2.108097 557 167 488 425 2.726740 
363 185 373 198 1.000000 373 198 491 174 7.341890 491 174 363 185 7.833063 
491 174 363 185 1.000000 363 185 98 284 2.201952 98 284 491 174 3.176605 
491 174 363 185 1.000000 363 185 313 305 1.011895 313 305 491 174 1.720292 
491 174 363 185 1.000000 363 185 385 365 1.411512 385 365 491 174 1.700313 
363 185 491 174 1.000000 491 174 571 373 1.669459 571 373 363 185 2.182356 
363 185 491 174 1.000000 491 174 488 425 1.953876 488 425 363 185 2.106308 
491 174 373 198 1.000000 373 198 98 284 2.392820 98 284 491 174 3.389121 
491 174 373 198 1.000000 373 198 313 305 1.018755 313 305 491 174 1.835380 
491 174 373 198 1.000000 373 198 385 365 1.390435 385 365 491 174 1.814064 
373 198 491 174 1.000000 491 174 571 373 1.781146 571 373 373 198 2.194492 
373 198 491 174 1.000000 491 174 488 425 2.084590 488 425 373 198 2.113242 
98 284 313 305 1.000000 313 305 491 174 1.023080 491 174 98 284 1.889169 
491 174 385 365 1.000000 385 365 98 284 1.365173 98 284 491 174 1.868248 
571 373 491 174 1.000000 491 174 98 284 1.902775 98 284 571 373 2.244050 
488 425 491 174 1.000000 491 174 98 284 1.625797 98 284 488 425 1.652097 
313 305 385 365 1.000000 385 365 491 174 2.330722 491 174 313 305 2.358109 
571 373 491 174 1.000000 491 174 313 305 1.030449 313 305 571 373 1.243998 
488 425 313 305 1.000000 313 305 491 174 1.041557 491 174 488 425 1.182981 
385 365 571 373 1.000000 571 373 491 174 1.152045 491 174 385 365 1.173336 
488 425 385 365 1.000000 385 365 491 174 1.832546 491 174 488 425 2.105828 
488 425 571 373 1.000000 571 373 491 174 2.189810 491 174 488 425 2.562876 
373 198 363 185 1.000000 363 185 98 284 17.248027 98 284 373 198 17.567819 
363 185 373 198 1.000000 373 198 313 305 7.479588 313 305 363 185 7.926240 
363 185 373 198 1.000000 373 198 385 365 10.208423 385 365 363 185 11.056462 
363 185 373 198 1.000000 373 198 571 373 16.111715 571 373 363 185 17.094533 
363 185 373 198 1.000000 373 198 488 425 15.515192 488 425 363 185 16.498845 
363 185 313 305 1.000000 313 305 98 284 1.661717 98 284 363 185 2.176067 
385 365 363 185 1.000000 363 185 98 284 1.559995 98 284 385 365 1.644492 
571 373 363 185 1.000000 363 185 98 284 1.008979 98 284 571 373 1.716654 
488 425 363 185 1.000000 363 185 98 284 1.045408 98 284 488 425 1.532536 
385 365 313 305 1.000000 313 305 363 185 1.387066 363 185 385 365 1.934845 
363 185 313 305 1.000000 313 305 571 373 2.052391 571 373 363 185 2.156701 
363 185 313 305 1.000000 313 305 488 425 1.632238 488 425 363 185 2.081548 
363 185 385 365 1.000000 385 365 571 373 1.026649 571 373 363 185 1.546112 
488 425 385 365 1.000000 385 365 363 185 1.521285 363 185 488 425 2.270115 
571 373 488 425 1.000000 488 425 363 185 2.762819 363 185 571 373 2.862570 
373 198 313 305 1.000000 313 305 98 284 1.760948 98 284 373 198 2.348768 
385 365 373 198 1.000000 373 198 98 284 1.720914 98 284 385 365 1.781104 
571 373 373 198 1.000000 373 198 98 284 1.090375 98 284 571 373 1.821370 
488 425 373 198 1.000000 373 198 98 284 1.132298 98 284 488 425 1.629697 
385 365 313 305 1.000000 313 305 373 198 1.308904 373 198 385 365 1.786441 
313 305 373 198 1.000000 373 198 571 373 2.154091 571 373 313 305 2.174951 
373 198 313 305 1.000000 313 305 488 425 1.729709 488 425 373 198 2.074338 
373 198 385 365 1.000000 385 365 571 373 1.111935 571 373 373 198 1.578277 
488 425 385 365 1.000000 385 365 373 198 1.404601 373 198 488 425 2.134772 
571 373 488 425 1.000000 488 425 373 198 2.598101 373 198 571 373 2.697992 
385 365 313 305 1.000000 313 305 98 284 2.304911 98 284 385 365 3.181837 
98 284 313 305 1.000000 313 305 571 373 1.235103 571 373 98 284 2.228003 
488 425 313 305 1.000000 313 305 98 284 1.018060 98 284 488 425 1.954400 
571 373 385 365 1.000000 385 365 98 284 1.601806 98 284 571 373 2.585246 
488 425 385 365 1.000000 385 365 98 284 2.501741 98 284 488 425 3.479032 
571 373 488 425 1.000000 488 425 98 284 4.234119 98 284 571 373 4.914043 
313 305 385 365 1.000000 385 365 571 373 1.986406 571 373 313 305 2.846802 
313 305 385 365 1.000000 385 365 488 425 1.271849 488 425 313 305 2.264022 
571 373 488 425 1.000000 488 425 313 305 2.166455 313 305 571 373 2.724120 
571 373 488 425 1.000000 488 425 385 365 1.217039 385 365 571 373 1.900803 