17 680
0 391 42 
1 214 76 
2 312 113 
3 163 148 
4 247 158 
5 202 173 
6 429 214 
7 160 219 
8 608 244 
9 561 261 
10 524 263 
11 266 273 
12 338 302 
13 499 309 
14 271 379 
15 460 385 
16 425 453 
214 76 312 113 1.000000 312 113 391 42 1.013982 391 42 214 76 1.720595 
163 148 214 76 1.000000 214 76 391 42 2.042735 391 42 163 148 2.849692 
247 158 214 76 1.000000 214 76 391 42 2.039072 391 42 247 158 2.091960 
202 173 214 76 1.000000 214 76 391 42 1.844045 391 42 202 173 2.352795 
429 214 391 42 1.000000 391 42 214 76 1.023209 214 76 429 214 1.450363 
160 219 214 76 1.000000 214 76 391 42 1.179121 391 42 160 219 1.903852 
214 76 391 42 1.000000 391 42 608 244 1.644886 608 244 214 76 2.376453 
214 76 391 42 1.000000 391 42 561 261 1.538196 561 261 214 76 2.181781 
214 76 391 42 1.000000 391 42 524 263 1.431091 524 263 214 76 2.008670 
391 42 214 76 1.000000 214 76 266 273 1.130448 266 273 391 42 1.457267 
391 42 214 76 1.000000 214 76 338 302 1.430252 338 302 391 42 1.472220 
214 76 391 42 1.000000 391 42 499 309 1.597992 499 309 214 76 2.042446 
391 42 214 76 1.000000 214 76 271 379 1.710617 271 379 391 42 1.984773 
214 76 391 42 1.000000 391 42 460 385 1.941185 460 385 214 76 2.191375 
214 76 391 42 1.000000 391 42 425 453 2.288133 425 453 214 76 2.397025 
391 42 312 113 1.000000 312 113 163 148 1.440974 163 148 391 42 2.367196 
247 158 312 113 1.000000 312 113 391 42 1.343548 391 42 247 158 2.338957 
391 42 312 113 1.000000 312 113 202 173 1.179660 202 173 391 42 2.165015 
391 42 312 113 1.000000 312 113 429 214 1.455174 429 214 391 42 1.658379 
391 42 312 113 1.000000 312 113 160 219 1.744645 160 219 391 42 2.739826 
312 113 391 42 1.000000 391 42 608 244 2.791156 608 244 312 113 3.047473 
312 113 391 42 1.000000 391 42 561 261 2.610117 561 261 312 113 2.727099 
312 113 391 42 1.000000 391 42 524 263 2.428375 524 263 312 113 2.444999 
391 42 312 113 1.000000 312 113 266 273 1.567373 266 273 391 42 2.472791 
391 42 312 113 1.000000 312 113 338 302 1.796138 338 302 391 42 2.498165 
391 42 312 113 1.000000 312 113 499 309 2.550414 499 309 391 42 2.711584 
391 42 312 113 1.000000 312 113 271 379 2.533887 271 379 391 42 3.367901 
391 42 312 113 1.000000 312 113 460 385 2.915339 460 385 391 42 3.293938 
391 42 312 113 1.000000 312 113 425 453 3.373161 425 453 391 42 3.882663 
163 148 247 158 1.000000 247 158 391 42 2.185884 391 42 163 148 2.972296 
163 148 202 173 1.000000 202 173 391 42 4.964083 391 42 163 148 5.427657 
429 214 391 42 1.000000 391 42 163 148 1.427415 163 148 429 214 1.555886 
160 219 163 148 1.000000 163 148 391 42 3.538193 391 42 160 219 4.095155 
163 148 391 42 1.000000 391 42 608 244 1.179098 608 244 163 148 1.810550 
163 148 391 42 1.000000 391 42 561 261 1.102620 561 261 163 148 1.645472 
163 148 391 42 1.000000 391 42 524 263 1.025844 524 263 163 148 1.506844 
266 273 163 148 1.000000 163 148 391 42 1.552369 391 42 266 273 1.621617 
338 302 163 148 1.000000 163 148 391 42 1.078607 391 42 338 302 1.138283 
163 148 391 42 1.000000 391 42 499 309 1.145483 499 309 163 148 1.481815 
391 42 163 148 1.000000 163 148 271 379 1.014175 271 379 391 42 1.422739 
163 148 391 42 1.000000 391 42 460 385 1.391494 460 385 163 148 1.511205 
391 42 163 148 1.000000 163 148 425 453 1.599139 425 453 391 42 1.640195 
202 173 247 158 1.000000 247 158 391 42 3.898262 391 42 202 173 4.848001 
429 214 391 42 1.000000 391 42 247 158 1.049749 247 158 429 214 1.081028 
160 219 247 158 1.000000 247 158 391 42 1.740265 391 42 160 219 2.738855 
247 158 391 42 1.000000 391 42 608 244 1.603300 608 244 247 158 2.006927 
247 158 391 42 1.000000 391 42 561 261 1.499308 561 261 247 158 1.787142 
247 158 391 42 1.000000 391 42 524 263 1.394911 524 263 247 158 1.602032 
266 273 247 158 1.000000 247 158 391 42 1.586414 391 42 266 273 2.253381 
338 302 247 158 1.000000 247 158 391 42 1.085515 391 42 338 302 1.557714 
247 158 391 42 1.000000 391 42 499 309 1.557592 499 309 247 158 1.588751 
391 42 247 158 1.000000 247 158 271 379 1.202198 271 379 391 42 1.934595 
391 42 247 158 1.000000 247 158 460 385 1.683430 460 385 391 42 1.892109 
391 42 247 158 1.000000 247 158 425 453 1.863286 425 453 391 42 2.230286 
429 214 391 42 1.000000 391 42 202 173 1.305501 202 173 429 214 1.309543 
160 219 202 173 1.000000 202 173 391 42 3.691799 391 42 160 219 4.671972 
202 173 391 42 1.000000 391 42 608 244 1.289209 608 244 202 173 1.792311 
202 173 391 42 1.000000 391 42 561 261 1.205588 561 261 202 173 1.607353 
202 173 391 42 1.000000 391 42 524 263 1.121643 524 263 202 173 1.453905 
266 273 202 173 1.000000 202 173 391 42 1.936895 391 42 266 273 2.212242 
338 302 202 173 1.000000 202 173 391 42 1.226794 391 42 338 302 1.415571 
202 173 391 42 1.000000 391 42 499 309 1.252455 499 309 202 173 1.420491 
271 379 202 173 1.000000 202 173 391 42 1.058514 391 42 271 379 1.646627 
391 42 202 173 1.000000 202 173 460 385 1.452109 460 385 391 42 1.521439 
391 42 202 173 1.000000 202 173 425 453 1.556574 425 453 391 42 1.793366 
391 42 429 214 1.000000 429 214 160 219 1.527392 160 219 391 42 1.652111 
391 42 429 214 1.000000 429 214 608 244 1.030366 608 244 391 42 1.683063 
561 261 429 214 1.000000 429 214 391 42 1.257140 391 42 561 261 1.978608 
524 263 429 214 1.000000 429 214 391 42 1.647896 391 42 524 263 2.413024 
266 273 429 214 1.000000 429 214 391 42 1.016143 391 42 266 273 1.515159 
338 302 429 214 1.000000 429 214 391 42 1.391483 391 42 338 302 2.096115 
499 309 429 214 1.000000 429 214 391 42 1.492723 391 42 499 309 2.440723 
391 42 429 214 1.000000 429 214 271 379 1.296918 271 379 391 42 2.030839 
460 385 429 214 1.000000 429 214 391 42 1.013582 391 42 460 385 2.013217 
391 42 429 214 1.000000 429 214 425 453 1.357006 425 453 391 42 2.341240 
160 219 391 42 1.000000 391 42 608 244 1.018735 608 244 160 219 1.541832 
561 261 391 42 1.000000 391 42 160 219 1.049695 160 219 561 261 1.454322 
524 263 391 42 1.000000 391 42 160 219 1.128255 160 219 524 263 1.421486 
160 219 266 273 1.000000 266 273 391 42 2.207860 391 42 160 219 2.446286 
160 219 338 302 1.000000 338 302 391 42 1.351053 391 42 160 219 1.481748 
499 309 391 42 1.000000 391 42 160 219 1.010416 160 219 499 309 1.217793 
271 379 160 219 1.000000 160 219 391 42 1.494432 391 42 271 379 1.837014 
391 42 160 219 1.000000 160 219 460 385 1.178166 460 385 391 42 1.202243 
391 42 160 219 1.000000 160 219 425 453 1.214803 425 453 391 42 1.417120 
608 244 561 261 1.000000 561 261 391 42 5.546983 391 42 608 244 5.931724 
608 244 524 263 1.000000 524 263 391 42 2.994985 391 42 608 244 3.442413 
266 273 391 42 1.000000 391 42 608 244 1.128747 608 244 266 273 1.306777 
391 42 338 302 1.000000 338 302 608 244 1.040748 608 244 391 42 1.117283 
608 244 499 309 1.000000 499 309 391 42 2.269458 391 42 608 244 2.336056 
608 244 391 42 1.000000 391 42 271 379 1.206633 271 379 608 244 1.224534 
460 385 608 244 1.000000 608 244 391 42 1.450330 391 42 460 385 1.711584 
425 453 608 244 1.000000 608 244 391 42 1.067217 391 42 425 453 1.484563 
561 261 524 263 1.000000 524 263 391 42 6.961030 391 42 561 261 7.482001 
266 273 391 42 1.000000 391 42 561 261 1.055535 561 261 266 273 1.124089 
561 261 338 302 1.000000 338 302 391 42 1.170281 391 42 561 261 1.222726 
499 309 561 261 1.000000 561 261 391 42 3.535787 391 42 499 309 3.673238 
391 42 561 261 1.000000 561 261 271 379 1.129310 271 379 391 42 1.290326 
460 385 561 261 1.000000 561 261 391 42 1.733517 391 42 460 385 2.187679 
425 453 561 261 1.000000 561 261 391 42 1.178298 391 42 425 453 1.752769 
391 42 524 263 1.000000 524 263 266 273 1.001007 266 273 391 42 1.018291 
338 302 524 263 1.000000 524 263 391 42 1.357228 391 42 338 302 1.396234 
499 309 524 263 1.000000 524 263 391 42 4.926679 391 42 499 309 5.501252 
391 42 524 263 1.000000 524 263 271 379 1.079056 271 379 391 42 1.386895 
460 385 524 263 1.000000 524 263 391 42 1.872236 391 42 460 385 2.539571 
425 453 524 263 1.000000 524 263 391 42 1.203920 391 42 425 453 1.924916 
338 302 266 273 1.000000 266 273 391 42 3.383779 391 42 338 302 3.418500 
499 309 266 273 1.000000 266 273 391 42 1.114042 391 42 499 309 1.221623 
271 379 266 273 1.000000 266 273 391 42 2.475096 391 42 271 379 3.371040 
460 385 266 273 1.000000 266 273 391 42 1.172506 391 42 460 385 1.561864 
425 453 266 273 1.000000 266 273 391 42 1.093614 391 42 425 453 1.717143 
499 309 338 302 1.000000 338 302 391 42 1.646562 391 42 499 309 1.787228 
271 379 338 302 1.000000 338 302 391 42 2.599692 391 42 271 379 3.504776 
460 385 338 302 1.000000 338 302 391 42 1.798270 391 42 460 385 2.371097 
425 453 338 302 1.000000 338 302 391 42 1.522621 391 42 425 453 2.366467 
271 379 499 309 1.000000 499 309 391 42 1.207594 391 42 271 379 1.499883 
460 385 499 309 1.000000 499 309 391 42 3.371661 391 42 460 385 4.095777 
425 453 499 309 1.000000 499 309 391 42 1.778959 391 42 425 453 2.547257 
271 379 460 385 1.000000 460 385 391 42 1.850239 391 42 271 379 1.891785 
425 453 271 379 1.000000 271 379 391 42 2.093729 391 42 425 453 2.413742 
425 453 460 385 1.000000 460 385 391 42 4.574753 391 42 425 453 5.392399 
163 148 214 76 1.000000 214 76 312 113 1.187226 312 113 163 148 1.734682 
312 113 247 158 1.000000 247 158 214 76 1.118070 214 76 312 113 1.325021 
202 173 214 76 1.000000 214 76 312 113 1.071748 312 113 202 173 1.281976 
214 76 312 113 1.000000 312 113 429 214 1.475521 429 214 214 76 2.438882 
312 113 214 76 1.000000 214 76 160 219 1.459218 160 219 312 113 1.769039 
214 76 312 113 1.000000 312 113 608 244 3.090084 608 244 214 76 4.088914 
214 76 312 113 1.000000 312 113 561 261 2.765230 561 261 214 76 3.753961 
214 76 312 113 1.000000 312 113 524 263 2.479185 524 263 214 76 3.456108 
214 76 312 113 1.000000 312 113 266 273 1.589288 266 273 214 76 1.945044 
214 76 312 113 1.000000 312 113 338 302 1.821252 338 302 214 76 2.460885 
214 76 312 113 1.000000 312 113 499 309 2.586074 499 309 214 76 3.514224 
214 76 312 113 1.000000 312 113 271 379 2.569316 271 379 214 76 2.943280 
214 76 312 113 1.000000 312 113 460 385 2.956102 460 385 214 76 3.770470 
214 76 312 113 1.000000 312 113 425 453 3.420325 425 453 214 76 4.124310 
247 158 163 148 1.000000 163 148 214 76 1.043024 214 76 247 158 1.044898 
202 173 163 148 1.000000 163 148 214 76 1.904647 214 76 202 173 2.109867 
163 148 214 76 1.000000 214 76 429 214 2.895504 429 214 163 148 3.106171 
160 219 163 148 1.000000 163 148 214 76 1.241605 214 76 160 219 2.150984 
163 148 214 76 1.000000 214 76 608 244 4.854465 608 244 163 148 5.159511 
163 148 214 76 1.000000 214 76 561 261 4.456800 561 261 163 148 4.689087 
163 148 214 76 1.000000 214 76 524 263 4.103181 524 263 163 148 4.294042 
214 76 163 148 1.000000 163 148 266 273 1.835705 266 273 214 76 2.309206 
214 76 163 148 1.000000 163 148 338 302 2.642010 338 302 214 76 2.921627 
163 148 214 76 1.000000 214 76 499 309 4.172177 499 309 163 148 4.222717 
214 76 163 148 1.000000 163 148 271 379 2.890087 271 379 214 76 3.494339 
214 76 163 148 1.000000 163 148 460 385 4.306468 460 385 214 76 4.476399 
214 76 163 148 1.000000 163 148 425 453 4.557053 425 453 214 76 4.896488 
202 173 247 158 1.000000 247 158 214 76 1.863450 214 76 202 173 2.060529 
214 76 247 158 1.000000 247 158 429 214 2.154294 429 214 214 76 2.890311 
214 76 247 158 1.000000 247 158 160 219 1.202093 160 219 214 76 1.729314 
214 76 247 158 1.000000 247 158 608 244 4.198410 608 244 214 76 4.845759 
214 76 247 158 1.000000 247 158 561 261 3.738629 561 261 214 76 4.448807 
214 76 247 158 1.000000 247 158 524 263 3.351387 524 263 214 76 4.095822 
214 76 247 158 1.000000 247 158 266 273 1.318672 266 273 214 76 2.305065 
214 76 247 158 1.000000 247 158 338 302 1.927158 338 302 214 76 2.916387 
214 76 247 158 1.000000 247 158 499 309 3.323602 499 309 214 76 4.164695 
214 76 247 158 1.000000 247 158 271 379 2.514950 271 379 214 76 3.488072 
214 76 247 158 1.000000 247 158 460 385 3.521669 460 385 214 76 4.468371 
214 76 247 158 1.000000 247 158 425 453 3.897920 425 453 214 76 4.887706 
214 76 202 173 1.000000 202 173 429 214 2.360080 429 214 214 76 2.613868 
160 219 202 173 1.000000 202 173 214 76 1.569112 214 76 160 219 2.453957 
214 76 202 173 1.000000 202 173 608 244 4.216940 608 244 214 76 4.382287 
214 76 202 173 1.000000 202 173 561 261 3.781771 561 261 214 76 4.023302 
214 76 202 173 1.000000 202 173 524 263 3.420739 524 263 214 76 3.704078 
214 76 202 173 1.000000 202 173 266 273 1.214725 266 273 214 76 2.084597 
214 76 202 173 1.000000 202 173 338 302 1.917840 338 302 214 76 2.637449 
214 76 202 173 1.000000 202 173 499 309 3.342124 499 309 214 76 3.766363 
214 76 202 173 1.000000 202 173 271 379 2.222733 271 379 214 76 3.154456 
214 76 202 173 1.000000 202 173 460 385 3.416513 460 385 214 76 4.040994 
214 76 202 173 1.000000 202 173 425 453 3.662299 425 453 214 76 4.420222 
160 219 214 76 1.000000 214 76 429 214 1.671362 429 214 160 219 1.760129 
608 244 429 214 1.000000 429 214 214 76 1.407619 214 76 608 244 2.359947 
561 261 429 214 1.000000 429 214 214 76 1.823308 214 76 561 261 2.806462 
524 263 429 214 1.000000 429 214 214 76 2.390047 214 76 524 263 3.386904 
429 214 266 273 1.000000 266 273 214 76 1.175357 214 76 429 214 1.473775 
338 302 429 214 1.000000 429 214 214 76 2.018155 214 76 338 302 2.036362 
499 309 429 214 1.000000 429 214 214 76 2.164990 214 76 499 309 3.119568 
271 379 429 214 1.000000 429 214 214 76 1.118315 214 76 271 379 1.349599 
460 385 429 214 1.000000 429 214 214 76 1.470062 214 76 460 385 2.272690 
425 453 429 214 1.000000 429 214 214 76 1.068796 214 76 425 453 1.807404 
160 219 214 76 1.000000 214 76 608 244 2.802127 608 244 160 219 2.935420 
160 219 214 76 1.000000 214 76 561 261 2.572584 561 261 160 219 2.637732 
160 219 214 76 1.000000 214 76 524 263 2.368466 524 263 160 219 2.398659 
266 273 160 219 1.000000 160 219 214 76 1.284914 214 76 266 273 1.712707 
214 76 160 219 1.000000 160 219 338 302 1.284869 338 302 214 76 1.686441 
214 76 160 219 1.000000 160 219 499 309 2.294599 499 309 214 76 2.408292 
214 76 160 219 1.000000 160 219 271 379 1.273964 271 379 214 76 2.017026 
214 76 160 219 1.000000 160 219 460 385 2.243053 460 385 214 76 2.583897 
214 76 160 219 1.000000 160 219 425 453 2.312805 425 453 214 76 2.826384 
608 244 561 261 1.000000 561 261 214 76 7.867854 214 76 608 244 8.569875 
608 244 524 263 1.000000 524 263 214 76 4.203740 214 76 608 244 4.973436 
214 76 266 273 1.000000 266 273 608 244 1.684573 608 244 214 76 2.102222 
214 76 338 302 1.000000 338 302 608 244 1.071287 608 244 214 76 1.661562 
608 244 499 309 1.000000 499 309 214 76 2.900669 214 76 608 244 3.375024 
214 76 271 379 1.000000 271 379 608 244 1.177480 608 244 214 76 1.389237 
608 244 460 385 1.000000 460 385 214 76 1.932182 214 76 608 244 2.095369 
425 453 608 244 1.000000 608 244 214 76 1.541865 214 76 425 453 1.555213 
561 261 524 263 1.000000 524 263 214 76 9.770454 214 76 561 261 10.612488 
214 76 266 273 1.000000 266 273 561 261 1.449069 561 261 214 76 1.930014 
561 261 338 302 1.000000 338 302 214 76 1.136921 214 76 561 261 1.734318 
561 261 499 309 1.000000 499 309 214 76 4.694887 214 76 561 261 5.015169 
214 76 271 379 1.000000 271 379 561 261 1.015481 561 261 214 76 1.275434 
460 385 561 261 1.000000 561 261 214 76 2.458825 214 76 460 385 2.469638 
425 453 561 261 1.000000 561 261 214 76 1.671300 214 76 425 453 1.836183 
214 76 266 273 1.000000 266 273 524 263 1.267225 524 263 214 76 1.776879 
524 263 338 302 1.000000 338 302 214 76 1.356433 214 76 524 263 1.904996 
499 309 524 263 1.000000 524 263 214 76 6.915052 214 76 499 309 7.031331 
524 263 271 379 1.000000 271 379 214 76 1.107750 214 76 524 263 1.300760 
460 385 524 263 1.000000 524 263 214 76 2.627858 214 76 460 385 2.866883 
425 453 524 263 1.000000 524 263 214 76 1.689814 214 76 425 453 2.016522 
338 302 266 273 1.000000 266 273 214 76 2.624905 214 76 338 302 3.321051 
214 76 266 273 1.000000 266 273 499 309 1.157142 499 309 214 76 1.806758 
271 379 266 273 1.000000 266 273 214 76 1.920010 214 76 271 379 2.905399 
214 76 266 273 1.000000 266 273 460 385 1.099444 460 385 214 76 1.938501 
214 76 266 273 1.000000 266 273 425 453 1.178757 425 453 214 76 2.120420 
499 309 338 302 1.000000 338 302 214 76 1.599625 214 76 499 309 2.284316 
271 379 338 302 1.000000 338 302 214 76 2.525584 214 76 271 379 3.020662 
460 385 338 302 1.000000 338 302 214 76 1.747008 214 76 460 385 2.676696 
425 453 338 302 1.000000 338 302 214 76 1.479216 214 76 425 453 2.479086 
499 309 271 379 1.000000 271 379 214 76 1.292705 214 76 499 309 1.543466 
460 385 499 309 1.000000 499 309 214 76 4.309431 214 76 460 385 4.623661 
425 453 499 309 1.000000 499 309 214 76 2.273746 214 76 425 453 2.668480 
460 385 271 379 1.000000 271 379 214 76 1.630474 214 76 460 385 2.088707 
425 453 271 379 1.000000 271 379 214 76 1.804523 214 76 425 453 2.528611 
425 453 460 385 1.000000 460 385 214 76 5.164370 214 76 425 453 5.649021 
312 113 247 158 1.000000 247 158 163 148 1.070028 163 148 312 113 1.936017 
163 148 202 173 1.000000 202 173 312 113 2.704799 312 113 163 148 3.303956 
163 148 312 113 1.000000 312 113 429 214 1.009855 429 214 163 148 1.790629 
160 219 163 148 1.000000 163 148 312 113 2.153790 312 113 160 219 2.607681 
163 148 312 113 1.000000 312 113 608 244 2.114871 608 244 163 148 2.974327 
163 148 312 113 1.000000 312 113 561 261 1.892539 561 261 163 148 2.703140 
163 148 312 113 1.000000 312 113 524 263 1.696768 524 263 163 148 2.475406 
312 113 163 148 1.000000 163 148 266 273 1.058238 266 273 312 113 1.087718 
163 148 312 113 1.000000 312 113 338 302 1.246475 338 302 163 148 1.523052 
163 148 312 113 1.000000 312 113 499 309 1.769924 499 309 163 148 2.434290 
312 113 163 148 1.000000 163 148 271 379 1.666062 271 379 312 113 1.758455 
163 148 312 113 1.000000 312 113 460 385 2.023173 460 385 163 148 2.482570 
163 148 312 113 1.000000 312 113 425 453 2.340890 425 453 163 148 2.627026 
202 173 247 158 1.000000 247 158 312 113 1.666667 312 113 202 173 2.641548 
247 158 312 113 1.000000 312 113 429 214 1.955096 429 214 247 158 2.408651 
312 113 247 158 1.000000 247 158 160 219 1.344024 160 219 312 113 2.344014 
247 158 312 113 1.000000 312 113 608 244 4.094425 608 244 247 158 4.694115 
247 158 312 113 1.000000 312 113 561 261 3.663987 561 261 247 158 4.180048 
247 158 312 113 1.000000 312 113 524 263 3.284972 524 263 247 158 3.747084 
312 113 247 158 1.000000 247 158 266 273 1.474368 266 273 312 113 2.105840 
312 113 247 158 1.000000 247 158 338 302 2.154697 338 302 312 113 2.413197 
247 158 312 113 1.000000 312 113 499 309 3.426602 499 309 247 158 3.716019 
312 113 247 158 1.000000 247 158 271 379 2.811889 271 379 312 113 3.404397 
247 158 312 113 1.000000 312 113 460 385 3.916897 460 385 247 158 3.937471 
312 113 247 158 1.000000 247 158 425 453 4.358146 425 453 312 113 4.532002 
202 173 312 113 1.000000 312 113 429 214 1.233554 429 214 202 173 1.840970 
160 219 202 173 1.000000 202 173 312 113 2.011565 312 113 160 219 2.974982 
202 173 312 113 1.000000 312 113 608 244 2.583349 608 244 202 173 3.289406 
202 173 312 113 1.000000 312 113 561 261 2.311767 561 261 202 173 2.949954 
202 173 312 113 1.000000 312 113 524 263 2.072630 524 263 202 173 2.668333 
266 273 202 173 1.000000 202 173 312 113 1.055363 312 113 266 273 1.402224 
312 113 202 173 1.000000 202 173 338 302 1.496003 338 302 312 113 1.522590 
202 173 312 113 1.000000 312 113 499 309 2.161991 499 309 202 173 2.607009 
312 113 202 173 1.000000 202 173 271 379 1.733833 271 379 312 113 2.147981 
202 173 312 113 1.000000 312 113 460 385 2.471339 460 385 202 173 2.665037 
312 113 202 173 1.000000 202 173 425 453 2.856761 425 453 312 113 2.859435 
429 214 312 113 1.000000 312 113 160 219 1.198925 160 219 429 214 1.740681 
312 113 429 214 1.000000 429 214 608 244 1.174249 608 244 312 113 2.094233 
561 261 429 214 1.000000 429 214 312 113 1.103100 312 113 561 261 2.067286 
524 263 429 214 1.000000 429 214 312 113 1.445976 312 113 524 263 2.429543 
429 214 312 113 1.000000 312 113 266 273 1.077103 266 273 429 214 1.121538 
338 302 429 214 1.000000 429 214 312 113 1.220981 312 113 338 302 1.507071 
499 309 429 214 1.000000 429 214 312 113 1.309817 312 113 499 309 2.295652 
312 113 429 214 1.000000 429 214 271 379 1.478024 271 379 312 113 1.741294 
312 113 429 214 1.000000 429 214 460 385 1.124371 460 385 312 113 2.003429 
312 113 429 214 1.000000 429 214 425 453 1.546503 425 453 312 113 2.318046 
160 219 312 113 1.000000 312 113 608 244 1.746758 608 244 160 219 2.421325 
160 219 312 113 1.000000 312 113 561 261 1.563125 561 261 160 219 2.175772 
160 219 312 113 1.000000 312 113 524 263 1.401430 524 263 160 219 1.978569 
160 219 266 273 1.000000 266 273 312 113 1.399447 312 113 160 219 1.557727 
160 219 312 113 1.000000 312 113 338 302 1.029515 338 302 160 219 1.059843 
160 219 312 113 1.000000 312 113 499 309 1.461852 499 309 160 219 1.892734 
312 113 160 219 1.000000 160 219 271 379 1.050848 271 379 312 113 1.452379 
160 219 312 113 1.000000 312 113 460 385 1.671021 460 385 160 219 1.850215 
312 113 160 219 1.000000 160 219 425 453 1.907752 425 453 312 113 1.933437 
608 244 561 261 1.000000 561 261 312 113 5.795591 312 113 608 244 6.476446 
608 244 524 263 1.000000 524 263 312 113 3.015487 312 113 608 244 3.758537 
266 273 312 113 1.000000 312 113 608 244 1.944320 608 244 266 273 2.061658 
312 113 338 302 1.000000 338 302 608 244 1.447528 608 244 312 113 1.696681 
608 244 499 309 1.000000 499 309 312 113 2.134567 312 113 608 244 2.550581 
271 379 312 113 1.000000 312 113 608 244 1.202687 608 244 271 379 1.348862 
608 244 460 385 1.000000 460 385 312 113 1.514858 312 113 608 244 1.583517 
425 453 608 244 1.000000 608 244 312 113 1.165222 312 113 425 453 1.289751 
561 261 524 263 1.000000 524 263 312 113 7.008683 312 113 561 261 7.817334 
266 273 312 113 1.000000 312 113 561 261 1.739917 561 261 266 273 1.773437 
312 113 338 302 1.000000 338 302 561 261 1.188478 561 261 312 113 1.518312 
561 261 499 309 1.000000 499 309 312 113 3.454910 312 113 561 261 3.694256 
271 379 312 113 1.000000 312 113 561 261 1.076251 561 261 271 379 1.163285 
460 385 561 261 1.000000 561 261 312 113 1.811211 312 113 460 385 1.936232 
425 453 561 261 1.000000 561 261 312 113 1.231107 312 113 425 453 1.522762 
312 113 266 273 1.000000 266 273 524 263 1.550888 524 263 312 113 1.559935 
524 263 338 302 1.000000 338 302 312 113 1.003869 312 113 524 263 1.366519 
499 309 524 263 1.000000 524 263 312 113 4.960405 312 113 499 309 5.174271 
524 263 312 113 1.000000 312 113 271 379 1.036355 271 379 524 263 1.071719 
460 385 524 263 1.000000 524 263 312 113 1.885053 312 113 460 385 2.247678 
425 453 524 263 1.000000 524 263 312 113 1.212162 312 113 425 453 1.672319 
338 302 266 273 1.000000 266 273 312 113 2.144800 312 113 338 302 2.457844 
312 113 266 273 1.000000 266 273 499 309 1.416164 499 309 312 113 1.627190 
271 379 266 273 1.000000 266 273 312 113 1.568833 312 113 271 379 2.536248 
312 113 266 273 1.000000 266 273 460 385 1.345551 460 385 312 113 1.860017 
312 113 266 273 1.000000 266 273 425 453 1.442617 425 453 312 113 2.152112 
499 309 338 302 1.000000 338 302 312 113 1.183850 312 113 499 309 1.681000 
271 379 338 302 1.000000 338 302 312 113 1.869135 312 113 271 379 2.636866 
460 385 338 302 1.000000 338 302 312 113 1.292926 312 113 460 385 2.098568 
425 453 338 302 1.000000 338 302 312 113 1.094739 312 113 425 453 2.055927 
499 309 271 379 1.000000 271 379 312 113 1.128457 312 113 499 309 1.135818 
460 385 499 309 1.000000 499 309 312 113 3.171257 312 113 460 385 3.625016 
425 453 499 309 1.000000 499 309 312 113 1.673222 312 113 425 453 2.212993 
460 385 271 379 1.000000 271 379 312 113 1.423311 312 113 460 385 1.637576 
425 453 271 379 1.000000 271 379 312 113 1.575246 312 113 425 453 2.096999 
425 453 460 385 1.000000 460 385 312 113 4.048940 312 113 425 453 4.684781 
163 148 202 173 1.000000 202 173 247 158 1.023944 247 158 163 148 1.826082 
163 148 247 158 1.000000 247 158 429 214 2.251017 429 214 163 148 3.239810 
160 219 163 148 1.000000 163 148 247 158 1.190391 247 158 160 219 1.495207 
163 148 247 158 1.000000 247 158 608 244 4.386909 608 244 163 148 5.381492 
163 148 247 158 1.000000 247 158 561 261 3.906484 561 261 163 148 4.890829 
163 148 247 158 1.000000 247 158 524 263 3.501856 524 263 163 148 4.478787 
163 148 247 158 1.000000 247 158 266 273 1.377878 266 273 163 148 1.914684 
163 148 247 158 1.000000 247 158 338 302 2.013683 338 302 163 148 2.755679 
163 148 247 158 1.000000 247 158 499 309 3.472824 499 309 163 148 4.404394 
163 148 247 158 1.000000 247 158 271 379 2.627865 271 379 163 148 3.014429 
163 148 247 158 1.000000 247 158 460 385 3.679783 460 385 163 148 4.491748 
163 148 247 158 1.000000 247 158 425 453 4.072927 425 453 163 148 4.753114 
163 148 202 173 1.000000 202 173 429 214 4.979455 429 214 163 148 5.916159 
163 148 202 173 1.000000 202 173 160 219 1.344624 160 219 163 148 1.534019 
163 148 202 173 1.000000 202 173 608 244 8.897181 608 244 163 148 9.827046 
163 148 202 173 1.000000 202 173 561 261 7.979032 561 261 163 148 8.931055 
163 148 202 173 1.000000 202 173 524 263 7.217303 524 263 163 148 8.178632 
163 148 202 173 1.000000 202 173 266 273 2.562908 266 273 163 148 3.496370 
163 148 202 173 1.000000 202 173 338 302 4.046388 338 302 163 148 5.032096 
163 148 202 173 1.000000 202 173 499 309 7.051435 499 309 163 148 8.042785 
163 148 202 173 1.000000 202 173 271 379 4.689671 271 379 163 148 5.504594 
163 148 202 173 1.000000 202 173 460 385 7.208388 460 385 163 148 8.202300 
163 148 202 173 1.000000 202 173 425 453 7.726963 425 453 163 148 8.679576 
163 148 160 219 1.000000 160 219 429 214 3.786009 429 214 163 148 3.856639 
608 244 429 214 1.000000 429 214 163 148 1.510032 163 148 608 244 2.508242 
561 261 429 214 1.000000 429 214 163 148 1.955966 163 148 561 261 2.952734 
524 263 429 214 1.000000 429 214 163 148 2.563938 163 148 524 263 3.544447 
163 148 266 273 1.000000 266 273 429 214 1.070262 429 214 163 148 1.692086 
429 214 338 302 1.000000 338 302 163 148 1.841471 163 148 429 214 2.164989 
499 309 429 214 1.000000 429 214 163 148 2.322507 163 148 499 309 3.157357 
429 214 271 379 1.000000 271 379 163 148 1.116222 163 148 429 214 1.199679 
460 385 429 214 1.000000 429 214 163 148 1.577019 163 148 460 385 2.186415 
425 453 429 214 1.000000 429 214 163 148 1.146558 163 148 425 453 1.682111 
163 148 160 219 1.000000 160 219 608 244 6.314042 608 244 163 148 6.406077 
163 148 160 219 1.000000 160 219 561 261 5.673719 561 261 163 148 5.821997 
163 148 160 219 1.000000 160 219 524 263 5.159477 524 263 163 148 5.331505 
163 148 160 219 1.000000 160 219 266 273 1.674030 266 273 163 148 2.279222 
163 148 160 219 1.000000 160 219 338 302 2.763733 338 302 163 148 3.280334 
163 148 160 219 1.000000 160 219 499 309 4.935645 499 309 163 148 5.242949 
163 148 160 219 1.000000 160 219 271 379 2.740275 271 379 163 148 3.588347 
163 148 160 219 1.000000 160 219 460 385 4.824771 460 385 163 148 5.346934 
163 148 160 219 1.000000 160 219 425 453 4.974808 425 453 163 148 5.658062 
608 244 561 261 1.000000 561 261 163 148 8.277924 163 148 608 244 9.108390 
608 244 524 263 1.000000 524 263 163 148 4.399278 163 148 608 244 5.285958 
163 148 266 273 1.000000 266 273 608 244 2.119091 608 244 163 148 2.810642 
163 148 338 302 1.000000 338 302 608 244 1.184666 608 244 163 148 1.952873 
608 244 499 309 1.000000 499 309 163 148 2.935807 163 148 608 244 3.587104 
163 148 271 379 1.000000 271 379 608 244 1.423664 608 244 163 148 1.785244 
608 244 460 385 1.000000 460 385 163 148 1.858833 163 148 608 244 2.227038 
608 244 425 453 1.000000 425 453 163 148 1.447402 163 148 608 244 1.638753 
561 261 524 263 1.000000 524 263 163 148 10.224928 163 148 561 261 11.165608 
163 148 266 273 1.000000 266 273 561 261 1.822841 561 261 163 148 2.554379 
561 261 338 302 1.000000 338 302 163 148 1.028111 163 148 561 261 1.824710 
561 261 499 309 1.000000 499 309 163 148 4.751759 163 148 561 261 5.276558 
163 148 271 379 1.000000 271 379 561 261 1.227795 561 261 163 148 1.622473 
561 261 460 385 1.000000 460 385 163 148 2.375887 163 148 561 261 2.586979 
561 261 425 453 1.000000 425 453 163 148 1.708895 163 148 561 261 1.758408 
163 148 266 273 1.000000 266 273 524 263 1.594092 524 263 163 148 2.339178 
524 263 338 302 1.000000 338 302 163 148 1.226614 163 148 524 263 1.993608 
524 263 499 309 1.000000 499 309 163 148 7.116506 163 148 524 263 7.236708 
163 148 271 379 1.000000 271 379 524 263 1.091472 524 263 163 148 1.485783 
460 385 524 263 1.000000 524 263 163 148 2.750093 163 148 460 385 2.758052 
425 453 524 263 1.000000 524 263 163 148 1.768416 163 148 425 453 1.876732 
338 302 266 273 1.000000 266 273 163 148 2.086670 163 148 338 302 3.003207 
163 148 266 273 1.000000 266 273 499 309 1.455615 499 309 163 148 2.300324 
271 379 266 273 1.000000 266 273 163 148 1.526314 163 148 271 379 2.402989 
163 148 266 273 1.000000 266 273 460 385 1.383035 460 385 163 148 2.345947 
163 148 266 273 1.000000 266 273 425 453 1.482805 425 453 163 148 2.482453 
499 309 338 302 1.000000 338 302 163 148 1.446531 163 148 499 309 2.311987 
271 379 338 302 1.000000 338 302 163 148 2.283871 163 148 271 379 2.498320 
460 385 338 302 1.000000 338 302 163 148 1.579809 163 148 460 385 2.575084 
425 453 338 302 1.000000 338 302 163 148 1.337647 163 148 425 453 2.307230 
499 309 271 379 1.000000 271 379 163 148 1.069166 163 148 499 309 1.562163 
460 385 499 309 1.000000 499 309 163 148 4.361633 163 148 460 385 4.448139 
425 453 499 309 1.000000 499 309 163 148 2.301289 163 148 425 453 2.483495 
460 385 271 379 1.000000 271 379 163 148 1.348527 163 148 460 385 2.009417 
425 453 271 379 1.000000 271 379 163 148 1.492479 163 148 425 453 2.353323 
425 453 460 385 1.000000 460 385 163 148 4.968322 163 148 425 453 5.257419 
202 173 247 158 1.000000 247 158 429 214 4.014418 429 214 202 173 4.863012 
247 158 202 173 1.000000 202 173 160 219 1.313181 160 219 247 158 2.240040 
202 173 247 158 1.000000 247 158 608 244 7.823526 608 244 202 173 8.689125 
202 173 247 158 1.000000 247 158 561 261 6.966746 561 261 202 173 7.792446 
202 173 247 158 1.000000 247 158 524 263 6.245140 524 263 202 173 7.048530 
202 173 247 158 1.000000 247 158 266 273 2.457279 266 273 202 173 2.502976 
202 173 247 158 1.000000 247 158 338 302 3.591162 338 302 202 173 3.951765 
202 173 247 158 1.000000 247 158 499 309 6.193366 499 309 202 173 6.886541 
247 158 202 173 1.000000 202 173 271 379 4.580005 271 379 247 158 4.686482 
202 173 247 158 1.000000 247 158 460 385 6.562452 460 385 202 173 7.039823 
202 173 247 158 1.000000 247 158 425 453 7.263577 425 453 202 173 7.546272 
160 219 247 158 1.000000 247 158 429 214 1.792119 429 214 160 219 2.532097 
608 244 429 214 1.000000 429 214 247 158 1.049169 247 158 608 244 2.044680 
561 261 429 214 1.000000 429 214 247 158 1.359003 247 158 561 261 2.358457 
524 263 429 214 1.000000 429 214 247 158 1.781422 247 158 524 263 2.771318 
247 158 266 273 1.000000 266 273 429 214 1.487224 429 214 247 158 1.633684 
429 214 338 302 1.000000 338 302 247 158 1.345635 247 158 429 214 1.504232 
499 309 429 214 1.000000 429 214 247 158 1.613676 247 158 499 309 2.489547 
429 214 247 158 1.000000 247 158 271 379 1.167412 271 379 429 214 1.199708 
460 385 429 214 1.000000 429 214 247 158 1.095711 247 158 460 385 1.791181 
247 158 429 214 1.000000 429 214 425 453 1.255292 425 453 247 158 1.809372 
160 219 247 158 1.000000 247 158 608 244 3.492584 608 244 160 219 4.222855 
160 219 247 158 1.000000 247 158 561 261 3.110100 561 261 160 219 3.794605 
160 219 247 158 1.000000 247 158 524 263 2.787960 524 263 160 219 3.450677 
160 219 247 158 1.000000 247 158 266 273 1.096980 266 273 160 219 1.119598 
160 219 247 158 1.000000 247 158 338 302 1.603169 338 302 160 219 1.848395 
160 219 247 158 1.000000 247 158 499 309 2.764846 499 309 160 219 3.300978 
247 158 160 219 1.000000 160 219 271 379 1.832706 271 379 247 158 2.092142 
160 219 247 158 1.000000 247 158 460 385 2.929614 460 385 160 219 3.226825 
160 219 247 158 1.000000 247 158 425 453 3.242611 425 453 160 219 3.327170 
608 244 561 261 1.000000 561 261 247 158 6.611881 247 158 608 244 7.425019 
608 244 524 263 1.000000 524 263 247 158 3.439690 247 158 608 244 4.309031 
247 158 266 273 1.000000 266 273 608 244 2.944666 608 244 247 158 3.183816 
247 158 338 302 1.000000 338 302 608 244 1.621189 608 244 247 158 2.178550 
608 244 499 309 1.000000 499 309 247 158 2.314857 247 158 608 244 2.924152 
247 158 271 379 1.000000 271 379 608 244 1.633088 608 244 247 158 1.669381 
608 244 460 385 1.000000 460 385 247 158 1.522815 247 158 608 244 1.815447 
608 244 425 453 1.000000 425 453 247 158 1.240274 247 158 608 244 1.335886 
561 261 524 263 1.000000 524 263 247 158 7.994627 247 158 561 261 8.918380 
247 158 266 273 1.000000 266 273 561 261 2.533000 561 261 247 158 2.835146 
247 158 338 302 1.000000 338 302 561 261 1.331060 561 261 247 158 1.939970 
561 261 499 309 1.000000 499 309 247 158 3.746718 247 158 561 261 4.214580 
247 158 271 379 1.000000 271 379 561 261 1.408407 561 261 247 158 1.486562 
561 261 460 385 1.000000 460 385 247 158 1.946402 247 158 561 261 2.066315 
425 453 561 261 1.000000 561 261 247 158 1.404505 247 158 425 453 1.464346 
247 158 266 273 1.000000 266 273 524 263 2.215133 524 263 247 158 2.541486 
247 158 338 302 1.000000 338 302 524 263 1.115654 524 263 247 158 1.739031 
524 263 499 309 1.000000 499 309 247 158 5.611300 247 158 524 263 5.658208 
247 158 271 379 1.000000 271 379 524 263 1.252030 524 263 247 158 1.332586 
460 385 524 263 1.000000 524 263 247 158 2.150232 247 158 460 385 2.259484 
425 453 524 263 1.000000 524 263 247 158 1.382682 247 158 425 453 1.608166 
338 302 266 273 1.000000 266 273 247 158 1.501645 247 158 338 302 2.194561 
247 158 266 273 1.000000 266 273 499 309 2.022707 499 309 247 158 2.520416 
271 379 266 273 1.000000 266 273 247 158 1.098392 247 158 271 379 2.094834 
247 158 266 273 1.000000 266 273 460 385 1.921850 460 385 247 158 2.670617 
247 158 266 273 1.000000 266 273 425 453 2.060490 425 453 247 158 2.955943 
499 309 338 302 1.000000 338 302 247 158 1.057037 247 158 499 309 1.822980 
271 379 338 302 1.000000 338 302 247 158 1.668914 247 158 271 379 2.177941 
460 385 338 302 1.000000 338 302 247 158 1.154429 247 158 460 385 2.109591 
247 158 338 302 1.000000 338 302 425 453 1.023048 425 453 247 158 2.022626 
247 158 271 379 1.000000 271 379 499 309 1.072894 499 309 247 158 1.321538 
460 385 499 309 1.000000 499 309 247 158 3.439108 247 158 460 385 3.644058 
425 453 499 309 1.000000 499 309 247 158 1.814546 247 158 425 453 2.128099 
460 385 271 379 1.000000 271 379 247 158 1.175595 247 158 460 385 1.646178 
425 453 271 379 1.000000 271 379 247 158 1.301087 247 158 425 453 2.016554 
425 453 460 385 1.000000 460 385 247 158 4.070208 247 158 425 453 4.505064 
160 219 202 173 1.000000 202 173 429 214 3.703231 429 214 160 219 4.319281 
608 244 429 214 1.000000 429 214 202 173 1.270949 202 173 608 244 2.270905 
561 261 429 214 1.000000 429 214 202 173 1.646278 202 173 561 261 2.637982 
524 263 429 214 1.000000 429 214 202 173 2.157990 202 173 524 263 3.127827 
202 173 266 273 1.000000 266 273 429 214 1.460072 429 214 202 173 1.942892 
429 214 338 302 1.000000 338 302 202 173 1.480755 202 173 429 214 1.822207 
499 309 429 214 1.000000 429 214 202 173 1.954785 202 173 499 309 2.768183 
202 173 271 379 1.000000 271 379 429 214 1.051556 429 214 202 173 1.061792 
460 385 429 214 1.000000 429 214 202 173 1.327330 202 173 460 385 1.921477 
202 173 429 214 1.000000 429 214 425 453 1.036244 425 453 202 173 1.551769 
160 219 202 173 1.000000 202 173 608 244 6.616852 608 244 160 219 7.203396 
160 219 202 173 1.000000 202 173 561 261 5.934023 561 261 160 219 6.472882 
160 219 202 173 1.000000 202 173 524 263 5.367524 524 263 160 219 5.886206 
160 219 202 173 1.000000 202 173 266 273 1.906040 266 273 160 219 1.909823 
160 219 202 173 1.000000 202 173 338 302 3.009307 338 302 160 219 3.153014 
160 219 202 173 1.000000 202 173 499 309 5.244167 499 309 160 219 5.630847 
202 173 160 219 1.000000 160 219 271 379 3.126252 271 379 202 173 3.487718 
160 219 202 173 1.000000 202 173 460 385 5.360893 460 385 160 219 5.504356 
202 173 160 219 1.000000 160 219 425 453 5.675526 425 453 202 173 5.746559 
608 244 561 261 1.000000 561 261 202 173 7.395523 202 173 608 244 8.246527 
608 244 524 263 1.000000 524 263 202 173 3.882180 202 173 608 244 4.785785 
202 173 266 273 1.000000 266 273 608 244 2.890906 608 244 202 173 3.471517 
202 173 338 302 1.000000 338 302 608 244 1.473253 608 244 202 173 2.198796 
608 244 499 309 1.000000 499 309 202 173 2.573941 202 173 608 244 3.247682 
202 173 271 379 1.000000 271 379 608 244 1.671055 608 244 202 173 1.897187 
608 244 460 385 1.000000 460 385 202 173 1.633589 202 173 608 244 2.016309 
608 244 425 453 1.000000 425 453 202 173 1.288545 202 173 608 244 1.483690 
561 261 524 263 1.000000 524 263 202 173 9.023075 202 173 561 261 9.975389 
202 173 266 273 1.000000 266 273 561 261 2.486755 561 261 202 173 3.113273 
202 173 338 302 1.000000 338 302 561 261 1.209599 561 261 202 173 1.971890 
561 261 499 309 1.000000 499 309 202 173 4.166059 202 173 561 261 4.714093 
202 173 271 379 1.000000 271 379 561 261 1.441149 561 261 202 173 1.701406 
561 261 460 385 1.000000 460 385 202 173 2.087989 202 173 561 261 2.311215 
561 261 425 453 1.000000 425 453 202 173 1.521338 202 173 561 261 1.570967 
202 173 266 273 1.000000 266 273 524 263 2.174692 524 263 202 173 2.816060 
202 173 338 302 1.000000 338 302 524 263 1.013850 524 263 202 173 1.783641 
524 263 499 309 1.000000 499 309 202 173 6.239329 202 173 524 263 6.386094 
202 173 271 379 1.000000 271 379 524 263 1.281137 524 263 202 173 1.538979 
524 263 460 385 1.000000 460 385 202 173 2.423845 202 173 524 263 2.426843 
425 453 524 263 1.000000 524 263 202 173 1.560554 202 173 425 453 1.670755 
338 302 266 273 1.000000 266 273 202 173 1.529570 202 173 338 302 2.414926 
202 173 266 273 1.000000 266 273 499 309 1.985779 499 309 202 173 2.751341 
271 379 266 273 1.000000 266 273 202 173 1.118818 202 173 271 379 2.047240 
202 173 266 273 1.000000 266 273 460 385 1.886763 460 385 202 173 2.812581 
202 173 266 273 1.000000 266 273 425 453 2.022872 425 453 202 173 3.014920 
499 309 338 302 1.000000 338 302 202 173 1.163178 202 173 499 309 2.027012 
271 379 338 302 1.000000 338 302 202 173 1.836497 202 173 271 379 2.128458 
460 385 338 302 1.000000 338 302 202 173 1.270349 202 173 460 385 2.263049 
425 453 338 302 1.000000 338 302 202 173 1.075623 202 173 425 453 2.054004 
202 173 271 379 1.000000 271 379 499 309 1.097837 499 309 202 173 1.503610 
460 385 499 309 1.000000 499 309 202 173 3.824021 202 173 460 385 3.909137 
425 453 499 309 1.000000 499 309 202 173 2.017634 202 173 425 453 2.210923 
460 385 271 379 1.000000 271 379 202 173 1.148885 202 173 460 385 1.765926 
425 453 271 379 1.000000 271 379 202 173 1.271526 202 173 425 453 2.095037 
425 453 460 385 1.000000 460 385 202 173 4.366286 202 173 425 453 4.680399 
608 244 429 214 1.000000 429 214 160 219 1.482378 160 219 608 244 2.472207 
561 261 429 214 1.000000 429 214 160 219 1.920145 160 219 561 261 2.877532 
524 263 429 214 1.000000 429 214 160 219 2.516982 160 219 524 263 3.430080 
160 219 266 273 1.000000 266 273 429 214 1.457180 429 214 160 219 2.261613 
429 214 338 302 1.000000 338 302 160 219 1.551468 160 219 429 214 2.125339 
499 309 429 214 1.000000 429 214 160 219 2.279973 160 219 499 309 2.972296 
160 219 271 379 1.000000 271 379 429 214 1.173139 429 214 160 219 1.381616 
460 385 429 214 1.000000 429 214 160 219 1.548137 160 219 460 385 1.972898 
425 453 429 214 1.000000 429 214 160 219 1.125560 160 219 425 453 1.478983 
608 244 561 261 1.000000 561 261 429 214 2.803478 429 214 608 244 3.631384 
608 244 524 263 1.000000 524 263 429 214 1.241175 429 214 608 244 2.107435 
266 273 429 214 1.000000 429 214 608 244 1.046999 608 244 266 273 1.979975 
338 302 429 214 1.000000 429 214 608 244 1.433737 608 244 338 302 2.181528 
429 214 499 309 1.000000 499 309 608 244 1.075465 608 244 429 214 1.538051 
608 244 429 214 1.000000 429 214 271 379 1.258697 271 379 608 244 2.000228 
460 385 429 214 1.000000 429 214 608 244 1.044361 608 244 460 385 1.176230 
608 244 429 214 1.000000 429 214 425 453 1.317014 425 453 608 244 1.530579 
561 261 524 263 1.000000 524 263 429 214 2.884774 429 214 561 261 3.781447 
561 261 429 214 1.000000 429 214 266 273 1.237169 266 273 561 261 2.107112 
338 302 429 214 1.000000 429 214 561 261 1.106864 561 261 338 302 1.791120 
561 261 499 309 1.000000 499 309 429 214 1.504980 429 214 561 261 1.787008 
561 261 429 214 1.000000 429 214 271 379 1.630407 271 379 561 261 2.234462 
429 214 561 261 1.000000 561 261 460 385 1.141383 460 385 429 214 1.240294 
429 214 561 261 1.000000 561 261 425 453 1.679209 425 453 429 214 1.705946 
524 263 429 214 1.000000 429 214 266 273 1.621717 266 273 524 263 2.415453 
524 263 429 214 1.000000 429 214 338 302 1.184273 338 302 524 263 1.777906 
499 309 524 263 1.000000 524 263 429 214 2.041703 429 214 499 309 2.253944 
524 263 429 214 1.000000 429 214 271 379 2.137186 271 379 524 263 2.603788 
429 214 524 263 1.000000 524 263 460 385 1.288846 460 385 429 214 1.625814 
429 214 524 263 1.000000 524 263 425 453 2.004306 425 453 429 214 2.236205 
266 273 338 302 1.000000 338 302 429 214 1.630874 429 214 266 273 2.233283 
499 309 429 214 1.000000 429 214 266 273 1.469010 266 273 499 309 1.997934 
271 379 266 273 1.000000 266 273 429 214 1.633555 429 214 271 379 2.152787 
266 273 429 214 1.000000 429 214 460 385 1.002526 460 385 266 273 1.292240 
266 273 429 214 1.000000 429 214 425 453 1.378912 425 453 266 273 1.385461 
499 309 429 214 1.000000 429 214 338 302 1.072757 338 302 499 309 1.365647 
271 379 338 302 1.000000 338 302 429 214 1.240243 429 214 271 379 2.238192 
429 214 338 302 1.000000 338 302 460 385 1.165628 460 385 429 214 1.372837 
429 214 338 302 1.000000 338 302 425 453 1.376649 425 453 429 214 1.888251 
499 309 429 214 1.000000 429 214 271 379 1.935940 271 379 499 309 2.021145 
460 385 499 309 1.000000 499 309 429 214 1.381419 429 214 460 385 2.034444 
429 214 499 309 1.000000 499 309 425 453 1.371995 425 453 429 214 2.025635 
429 214 460 385 1.000000 460 385 271 379 1.088085 271 379 429 214 1.314533 
425 453 271 379 1.000000 271 379 429 214 1.337081 429 214 425 453 1.399029 
425 453 460 385 1.000000 460 385 429 214 2.272360 429 214 425 453 3.125489 
608 244 561 261 1.000000 561 261 160 219 8.067098 160 219 608 244 8.977532 
608 244 524 263 1.000000 524 263 160 219 4.257329 160 219 608 244 5.210016 
160 219 266 273 1.000000 266 273 608 244 2.885180 608 244 160 219 3.771762 
160 219 338 302 1.000000 338 302 608 244 1.406106 608 244 160 219 2.284607 
608 244 499 309 1.000000 499 309 160 219 2.763731 160 219 608 244 3.535569 
160 219 271 379 1.000000 271 379 608 244 1.864266 608 244 160 219 2.304163 
608 244 460 385 1.000000 460 385 160 219 1.677306 160 219 608 244 2.195043 
608 244 425 453 1.000000 425 453 160 219 1.272617 160 219 608 244 1.615210 
561 261 524 263 1.000000 524 263 160 219 9.895006 160 219 561 261 10.881237 
160 219 266 273 1.000000 266 273 561 261 2.481831 561 261 160 219 3.389258 
160 219 338 302 1.000000 338 302 561 261 1.154469 561 261 160 219 2.052919 
561 261 499 309 1.000000 499 309 160 219 4.473245 160 219 561 261 5.142172 
160 219 271 379 1.000000 271 379 561 261 1.607779 561 261 160 219 2.070492 
561 261 460 385 1.000000 460 385 160 219 2.143866 160 219 561 261 2.521092 
561 261 425 453 1.000000 425 453 160 219 1.502533 160 219 561 261 1.713624 
160 219 266 273 1.000000 266 273 524 263 2.170385 524 263 160 219 3.082069 
524 263 338 302 1.000000 338 302 160 219 1.033441 160 219 524 263 1.929281 
524 263 499 309 1.000000 499 309 160 219 6.699388 160 219 524 263 7.003205 
160 219 271 379 1.000000 271 379 524 263 1.429265 524 263 160 219 1.882831 
524 263 460 385 1.000000 460 385 160 219 2.488710 160 219 524 263 2.661358 
524 263 425 453 1.000000 425 453 160 219 1.650103 160 219 524 263 1.711356 
338 302 266 273 1.000000 266 273 160 219 1.532606 160 219 338 302 2.530249 
160 219 266 273 1.000000 266 273 499 309 1.981846 499 309 160 219 2.948361 
271 379 266 273 1.000000 266 273 160 219 1.121038 160 219 271 379 1.835065 
160 219 266 273 1.000000 266 273 460 385 1.883026 460 385 160 219 2.882129 
160 219 266 273 1.000000 266 273 425 453 2.018866 425 453 160 219 2.971756 
499 309 338 302 1.000000 338 302 160 219 1.218725 160 219 499 309 2.176475 
338 302 271 379 1.000000 271 379 160 219 1.907865 160 219 338 302 1.924197 
460 385 338 302 1.000000 338 302 160 219 1.331014 160 219 460 385 2.323610 
425 453 338 302 1.000000 338 302 160 219 1.126988 160 219 425 453 2.028615 
160 219 271 379 1.000000 271 379 499 309 1.224772 499 309 160 219 1.801149 
499 309 460 385 1.000000 460 385 160 219 4.013749 160 219 499 309 4.105986 
425 453 499 309 1.000000 499 309 160 219 2.166404 160 219 425 453 2.183594 
460 385 271 379 1.000000 271 379 160 219 1.029815 160 219 460 385 1.813184 
425 453 271 379 1.000000 271 379 160 219 1.139746 160 219 425 453 2.069141 
425 453 460 385 1.000000 460 385 160 219 4.483133 160 219 425 453 4.622545 
524 263 561 261 1.000000 561 261 608 244 1.348842 608 244 524 263 2.324229 
608 244 561 261 1.000000 561 261 266 273 5.907243 266 273 608 244 6.867294 
608 244 561 261 1.000000 561 261 338 302 4.536570 338 302 608 244 5.525398 
608 244 561 261 1.000000 561 261 499 309 1.568811 499 309 608 244 2.539204 
608 244 561 261 1.000000 561 261 271 379 6.264263 271 379 608 244 7.263595 
608 244 561 261 1.000000 561 261 460 385 3.199842 460 385 608 244 4.089912 
608 244 561 261 1.000000 561 261 425 453 4.707625 425 453 608 244 5.558121 
608 244 524 263 1.000000 524 263 266 273 2.997999 266 273 608 244 3.985362 
608 244 524 263 1.000000 524 263 338 302 2.206692 338 302 608 244 3.206606 
499 309 524 263 1.000000 524 263 608 244 1.644976 608 244 499 309 2.424037 
608 244 524 263 1.000000 524 263 271 379 3.231756 271 379 608 244 4.215350 
608 244 524 263 1.000000 524 263 460 385 1.599683 460 385 608 244 2.373537 
608 244 524 263 1.000000 524 263 425 453 2.487694 425 453 608 244 3.225597 
266 273 338 302 1.000000 338 302 608 244 3.557798 608 244 266 273 4.421843 
608 244 499 309 1.000000 499 309 266 273 1.857740 266 273 608 244 2.704506 
271 379 266 273 1.000000 266 273 608 244 3.234397 608 244 271 379 3.421049 
608 244 460 385 1.000000 460 385 266 273 1.095860 266 273 608 244 1.679081 
266 273 425 453 1.000000 425 453 608 244 1.156666 608 244 266 273 1.429109 
608 244 499 309 1.000000 499 309 338 302 1.269820 338 302 608 244 2.176035 
271 379 338 302 1.000000 338 302 608 244 2.705625 608 244 271 379 3.556769 
338 302 460 385 1.000000 460 385 608 244 1.385323 608 244 338 302 1.871547 
425 453 338 302 1.000000 338 302 608 244 1.584665 608 244 425 453 1.594050 
608 244 499 309 1.000000 499 309 271 379 1.879322 271 379 608 244 2.860579 
460 385 499 309 1.000000 499 309 608 244 1.485668 608 244 460 385 2.392974 
608 244 499 309 1.000000 499 309 425 453 1.275723 425 453 608 244 2.188923 
271 379 460 385 1.000000 460 385 608 244 1.081010 608 244 271 379 1.919850 
271 379 425 453 1.000000 425 453 608 244 1.625894 608 244 271 379 2.124789 
425 453 460 385 1.000000 460 385 608 244 2.672818 608 244 425 453 3.632314 
561 261 524 263 1.000000 524 263 266 273 6.968036 266 273 561 261 7.967935 
561 261 524 263 1.000000 524 263 338 302 5.128857 338 302 561 261 6.119114 
561 261 524 263 1.000000 524 263 499 309 1.412925 499 309 561 261 2.116078 
561 261 524 263 1.000000 524 263 271 379 7.511341 271 379 561 261 8.449499 
561 261 524 263 1.000000 524 263 460 385 3.718030 460 385 561 261 4.316080 
561 261 524 263 1.000000 524 263 425 453 5.781970 425 453 561 261 6.349840 
266 273 338 302 1.000000 338 302 561 261 2.921092 561 261 266 273 3.803667 
561 261 499 309 1.000000 499 309 266 273 3.006851 266 273 561 261 3.765426 
271 379 266 273 1.000000 266 273 561 261 2.782227 561 261 271 379 2.950378 
561 261 460 385 1.000000 460 385 266 273 1.400685 266 273 561 261 1.846104 
561 261 425 453 1.000000 425 453 266 273 1.020748 266 273 561 261 1.254825 
561 261 499 309 1.000000 499 309 338 302 2.055271 338 302 561 261 2.891724 
271 379 338 302 1.000000 338 302 561 261 2.221425 561 261 271 379 3.067426 
338 302 460 385 1.000000 460 385 561 261 1.083841 561 261 338 302 1.536614 
425 453 338 302 1.000000 338 302 561 261 1.301072 561 261 425 453 1.350130 
561 261 499 309 1.000000 499 309 271 379 3.041782 271 379 561 261 3.993000 
561 261 499 309 1.000000 499 309 460 385 1.089445 460 385 561 261 2.039660 
561 261 499 309 1.000000 499 309 425 453 2.064825 425 453 561 261 3.000759 
561 261 460 385 1.000000 460 385 271 379 1.182376 271 379 561 261 1.957679 
271 379 425 453 1.000000 425 453 561 261 1.377102 561 261 271 379 1.832459 
425 453 460 385 1.000000 460 385 561 261 2.091144 561 261 425 453 3.076502 
266 273 338 302 1.000000 338 302 524 263 2.448371 524 263 266 273 3.326344 
524 263 499 309 1.000000 499 309 266 273 4.503232 266 273 524 263 4.931638 
271 379 266 273 1.000000 266 273 524 263 2.433085 524 263 271 379 2.622795 
524 263 460 385 1.000000 460 385 266 273 1.625988 266 273 524 263 1.874121 
524 263 425 453 1.000000 425 453 266 273 1.120999 266 273 524 263 1.205132 
524 263 499 309 1.000000 499 309 338 302 3.078091 338 302 524 263 3.629956 
271 379 338 302 1.000000 338 302 524 263 1.861931 524 263 271 379 2.726846 
524 263 460 385 1.000000 460 385 338 302 1.071053 338 302 524 263 1.379456 
425 453 338 302 1.000000 338 302 524 263 1.090520 524 263 425 453 1.229387 
524 263 499 309 1.000000 499 309 271 379 4.555547 271 379 524 263 5.316162 
524 263 499 309 1.000000 499 309 460 385 1.631615 460 385 524 263 2.631441 
524 263 499 309 1.000000 499 309 425 453 3.092399 425 453 524 263 4.092197 
524 263 460 385 1.000000 460 385 271 379 1.372563 271 379 524 263 2.020248 
271 379 425 453 1.000000 425 453 524 263 1.253947 524 263 271 379 1.628999 
425 453 460 385 1.000000 460 385 524 263 1.801388 524 263 425 453 2.801369 
266 273 338 302 1.000000 338 302 499 309 2.076144 499 309 266 273 3.037388 
266 273 338 302 1.000000 338 302 271 379 1.314963 271 379 266 273 1.367130 
266 273 338 302 1.000000 338 302 460 385 1.900993 460 385 266 273 2.885937 
266 273 338 302 1.000000 338 302 425 453 2.245142 425 453 266 273 3.094125 
271 379 266 273 1.000000 266 273 499 309 2.221725 499 309 271 379 2.247536 
499 309 460 385 1.000000 460 385 266 273 2.622365 266 273 499 309 2.759984 
425 453 499 309 1.000000 499 309 266 273 1.456226 266 273 425 453 1.483427 
266 273 271 379 1.000000 271 379 460 385 1.781936 460 385 266 273 2.110945 
266 273 271 379 1.000000 271 379 425 453 1.610065 425 453 266 273 2.263226 
425 453 460 385 1.000000 460 385 266 273 2.929035 266 273 425 453 3.140332 
271 379 338 302 1.000000 338 302 499 309 1.578861 499 309 271 379 2.336700 
499 309 460 385 1.000000 460 385 338 302 1.727376 338 302 499 309 1.886530 
338 302 499 309 1.000000 499 309 425 453 1.004648 425 453 338 302 1.081400 
271 379 338 302 1.000000 338 302 460 385 1.445663 460 385 271 379 1.852629 
338 302 271 379 1.000000 271 379 425 453 1.673939 425 453 338 302 1.707380 
425 453 460 385 1.000000 460 385 338 302 1.929382 338 302 425 453 2.278671 
499 309 460 385 1.000000 460 385 271 379 2.213647 271 379 499 309 2.792048 
499 309 425 453 1.000000 425 453 271 379 1.055314 271 379 499 309 1.473143 
425 453 460 385 1.000000 460 385 499 309 1.116944 499 309 425 453 2.116944 
460 385 425 453 1.000000 425 453 271 379 2.234041 271 379 460 385 2.472520 