Monoceros
9 9 84
0 462 71 
1 499 117 
2 539 166 
3 430 205 
4 323 257 
5 67 304 
6 578 362 
7 516 375 
8 191 421 
0 1
1 2
1 3
2 3
3 4
4 5
4 7
5 8
6 7
462 71 499 117 1.000000 499 117 539 166 1.071477 539 166 462 71 2.071464 
462 71 499 117 1.000000 499 117 430 205 1.894264 430 205 462 71 2.333709 
462 71 499 117 1.000000 499 117 323 257 3.809525 323 257 462 71 3.933340 
499 117 462 71 1.000000 462 71 67 304 7.768420 67 304 499 117 7.974007 
462 71 499 117 1.000000 499 117 578 362 4.360577 578 362 462 71 5.306583 
462 71 499 117 1.000000 499 117 516 375 4.379848 516 375 462 71 5.230196 
462 71 499 117 1.000000 499 117 191 421 7.330681 191 421 462 71 7.498273 
430 205 539 166 1.000000 539 166 462 71 1.056316 462 71 430 205 1.190045 
539 166 462 71 1.000000 462 71 323 257 1.898822 323 257 539 166 1.916698 
539 166 462 71 1.000000 462 71 67 304 3.750208 67 304 539 166 4.021375 
462 71 539 166 1.000000 539 166 578 362 1.634214 578 362 462 71 2.561756 
462 71 539 166 1.000000 539 166 516 375 1.719418 516 375 462 71 2.524880 
462 71 539 166 1.000000 539 166 191 421 3.527998 191 421 462 71 3.619795 
323 257 430 205 1.000000 430 205 462 71 1.158041 462 71 323 257 1.951815 
462 71 430 205 1.000000 430 205 67 304 2.731099 67 304 462 71 3.328787 
462 71 430 205 1.000000 430 205 578 362 1.566123 578 362 462 71 2.273884 
462 71 430 205 1.000000 430 205 516 375 1.382870 516 375 462 71 2.241152 
462 71 430 205 1.000000 430 205 191 421 2.338312 191 421 462 71 3.213028 
462 71 323 257 1.000000 323 257 67 304 1.120923 67 304 462 71 1.975019 
462 71 323 257 1.000000 323 257 578 362 1.187645 578 362 462 71 1.349129 
516 375 323 257 1.000000 323 257 462 71 1.026461 462 71 516 375 1.364894 
191 421 323 257 1.000000 323 257 462 71 1.102968 462 71 191 421 2.102630 
578 362 462 71 1.000000 462 71 67 304 1.463921 67 304 578 362 1.641663 
462 71 516 375 1.000000 516 375 67 304 1.472278 67 304 462 71 1.485302 
67 304 191 421 1.000000 191 421 462 71 2.596435 462 71 67 304 2.689979 
578 362 516 375 1.000000 516 375 462 71 4.873992 462 71 578 362 4.945177 
462 71 578 362 1.000000 578 362 191 421 1.249637 191 421 462 71 1.413013 
462 71 516 375 1.000000 516 375 191 421 1.063093 191 421 462 71 1.433651 
539 166 499 117 1.000000 499 117 430 205 1.767899 430 205 539 166 1.830208 
539 166 499 117 1.000000 499 117 323 257 3.555396 323 257 539 166 3.705512 
539 166 499 117 1.000000 499 117 67 304 7.442070 67 304 539 166 7.774438 
499 117 539 166 1.000000 539 166 578 362 3.159391 578 362 499 117 4.069688 
499 117 539 166 1.000000 539 166 516 375 3.324115 516 375 499 117 4.087673 
499 117 539 166 1.000000 539 166 191 421 6.820603 191 421 499 117 6.841659 
499 117 430 205 1.000000 430 205 323 257 1.063855 323 257 499 117 2.011085 
499 117 430 205 1.000000 430 205 67 304 3.364680 67 304 499 117 4.209555 
499 117 430 205 1.000000 430 205 578 362 1.929443 578 362 499 117 2.301991 
499 117 430 205 1.000000 430 205 516 375 1.703678 516 375 499 117 2.312164 
499 117 430 205 1.000000 430 205 191 421 2.880771 191 421 499 117 3.869937 
499 117 323 257 1.000000 323 257 67 304 1.157354 67 304 499 117 2.093176 
323 257 499 117 1.000000 499 117 578 362 1.144651 578 362 323 257 1.226245 
499 117 323 257 1.000000 323 257 516 375 1.005885 516 375 499 117 1.149710 
191 421 323 257 1.000000 323 257 499 117 1.068249 499 117 191 421 2.055634 
578 362 499 117 1.000000 499 117 67 304 1.828659 67 304 578 362 1.997814 
499 117 516 375 1.000000 516 375 67 304 1.758121 67 304 499 117 1.820613 
67 304 191 421 1.000000 191 421 499 117 2.538403 499 117 67 304 2.761168 
516 375 578 362 1.000000 578 362 499 117 4.063599 499 117 516 375 4.081557 
499 117 578 362 1.000000 578 362 191 421 1.520740 191 421 499 117 1.681126 
499 117 516 375 1.000000 516 375 191 421 1.269492 191 421 499 117 1.673729 
539 166 430 205 1.000000 430 205 323 257 1.027636 323 257 539 166 2.024639 
539 166 430 205 1.000000 430 205 67 304 3.250131 67 304 539 166 4.247843 
430 205 539 166 1.000000 539 166 578 362 1.726247 578 362 430 205 1.863756 
539 166 430 205 1.000000 430 205 516 375 1.645677 516 375 539 166 1.816249 
539 166 430 205 1.000000 430 205 191 421 2.782696 191 421 539 166 3.726681 
539 166 323 257 1.000000 323 257 67 304 1.110468 67 304 539 166 2.098074 
578 362 539 166 1.000000 539 166 323 257 1.172856 323 257 578 362 1.379945 
539 166 516 375 1.000000 516 375 323 257 1.075871 323 257 539 166 1.114736 
191 421 323 257 1.000000 323 257 539 166 1.113352 539 166 191 421 2.049308 
578 362 539 166 1.000000 539 166 67 304 2.460739 67 304 578 362 2.573433 
539 166 516 375 1.000000 516 375 67 304 2.161967 67 304 539 166 2.338800 
67 304 191 421 1.000000 191 421 539 166 2.530590 539 166 67 304 2.884484 
516 375 578 362 1.000000 578 362 539 166 3.154664 539 166 516 375 3.319141 
539 166 578 362 1.000000 578 362 191 421 1.958901 191 421 539 166 2.158834 
539 166 516 375 1.000000 516 375 191 421 1.561098 191 421 539 166 2.051855 
430 205 323 257 1.000000 323 257 67 304 2.187834 67 304 430 205 3.162724 
323 257 430 205 1.000000 430 205 578 362 1.813634 578 362 323 257 2.318064 
323 257 430 205 1.000000 430 205 516 375 1.601420 516 375 323 257 1.901499 
430 205 323 257 1.000000 323 257 191 421 1.769602 191 421 430 205 2.707861 
578 362 430 205 1.000000 430 205 67 304 1.743861 67 304 578 362 2.383563 
516 375 430 205 1.000000 430 205 67 304 1.974951 67 304 516 375 2.386052 
67 304 191 421 1.000000 191 421 430 205 1.889580 430 205 67 304 2.206990 
578 362 516 375 1.000000 516 375 430 205 3.007425 430 205 578 362 3.405958 
578 362 430 205 1.000000 430 205 191 421 1.493058 191 421 578 362 1.814372 
516 375 430 205 1.000000 430 205 191 421 1.690913 191 421 516 375 1.722904 
67 304 323 257 1.000000 323 257 578 362 1.059524 578 362 67 304 1.975886 
516 375 323 257 1.000000 323 257 67 304 1.150584 67 304 516 375 2.009504 
67 304 191 421 1.000000 191 421 323 257 1.234851 323 257 67 304 1.526699 
578 362 516 375 1.000000 516 375 323 257 3.570967 323 257 578 362 4.353264 
191 421 323 257 1.000000 323 257 578 362 1.309935 578 362 191 421 1.859518 
191 421 323 257 1.000000 323 257 516 375 1.074535 516 375 191 421 1.559160 
578 362 516 375 1.000000 516 375 67 304 7.175873 67 304 578 362 8.118316 
67 304 191 421 1.000000 191 421 578 362 2.296228 578 362 67 304 3.016584 
67 304 191 421 1.000000 191 421 516 375 1.925331 516 375 67 304 2.666393 
578 362 516 375 1.000000 516 375 191 421 5.181505 191 421 578 362 6.179675 