6 20
0 254 52 
1 166 158 
2 376 185 
3 311 363 
4 164 419 
5 158 451 
166 158 254 52 1.000000 254 52 376 185 1.310029 376 185 166 158 1.536850 
254 52 166 158 1.000000 166 158 311 363 1.822613 311 363 254 52 2.295021 
254 52 166 158 1.000000 166 158 164 419 1.894546 164 419 254 52 2.742832 
254 52 166 158 1.000000 166 158 158 451 2.127558 158 451 254 52 2.978824 
254 52 376 185 1.000000 376 185 311 363 1.049960 311 363 254 52 1.751887 
254 52 376 185 1.000000 376 185 164 419 1.749519 164 419 254 52 2.093719 
254 52 376 185 1.000000 376 185 158 451 1.905578 158 451 254 52 2.273862 
164 419 311 363 1.000000 311 363 254 52 2.009977 254 52 164 419 2.402169 
158 451 311 363 1.000000 311 363 254 52 1.791368 254 52 158 451 2.325107 
158 451 164 419 1.000000 164 419 254 52 11.606317 254 52 158 451 12.604918 
311 363 376 185 1.000000 376 185 166 158 1.117321 166 158 311 363 1.325076 
376 185 166 158 1.000000 166 158 164 419 1.232746 164 419 376 185 1.491310 
376 185 166 158 1.000000 166 158 158 451 1.384363 158 451 376 185 1.624337 
164 419 311 363 1.000000 311 363 166 158 1.596242 166 158 164 419 1.659241 
158 451 311 363 1.000000 311 363 166 158 1.422632 166 158 158 451 1.660655 
158 451 164 419 1.000000 164 419 166 158 8.016787 166 158 158 451 9.002777 
164 419 311 363 1.000000 311 363 376 185 1.204642 376 185 164 419 2.007261 
158 451 311 363 1.000000 311 363 376 185 1.073623 376 185 158 451 1.948524 
158 451 164 419 1.000000 164 419 376 185 9.698278 376 185 158 451 10.563376 
158 451 164 419 1.000000 164 419 311 363 4.831598 311 363 158 451 5.421220 