Cassiopeia
5 4 16
0 49 136  
1 210 225 
2 119 234 
3 362 249 
4 266 327
0 2
1 2
1 4 
3 4
210 225 119 234 1.000000 119 234 49 136 1.317009 49 136 210 225 2.011745 
362 249 210 225 1.000000 210 225 49 136 1.195466 49 136 362 249 2.162507 
266 327 210 225 1.000000 210 225 49 136 1.580952 49 136 266 327 2.484368 
210 225 119 234 1.000000 119 234 49 136 1.317009 49 136 210 225 2.011745 
362 249 210 225 1.000000 210 225 49 136 1.195466 49 136 362 249 2.162507 
266 327 210 225 1.000000 210 225 49 136 1.580952 49 136 266 327 2.484368 
49 136 119 234 1.000000 119 234 362 249 2.021567 362 249 49 136 2.763150 
49 136 119 234 1.000000 119 234 266 327 1.444363 266 327 49 136 2.400387 
362 249 266 327 1.000000 266 327 49 136 2.337112 49 136 362 249 2.690312 
119 234 210 225 1.000000 210 225 362 249 1.682813 362 249 119 234 2.662423 
119 234 210 225 1.000000 210 225 266 327 1.272490 266 327 119 234 1.902239 
210 225 266 327 1.000000 266 327 362 249 1.063008 362 249 210 225 1.322457 
119 234 210 225 1.000000 210 225 362 249 1.682813 362 249 119 234 2.662423 
119 234 210 225 1.000000 210 225 266 327 1.272490 266 327 119 234 1.902239 
210 225 266 327 1.000000 266 327 362 249 1.063008 362 249 210 225 1.322457 
362 249 266 327 1.000000 266 327 119 234 1.406288 119 234 362 249 1.968278 