9 84
0 250 68 
1 220 117 
2 248 137 
3 227 181 
4 264 210 
5 178 266 
6 223 296 
7 303 379 
8 295 429 
248 137 220 117 1.000000 220 117 250 68 1.669733 250 68 248 137 2.006114 
250 68 220 117 1.000000 220 117 227 181 1.120571 227 181 250 68 2.007106 
250 68 220 117 1.000000 220 117 264 210 1.790699 264 210 250 68 2.483511 
250 68 220 117 1.000000 220 117 178 266 2.694424 178 266 250 68 3.666993 
250 68 220 117 1.000000 220 117 223 296 3.115956 223 296 250 68 3.996098 
250 68 220 117 1.000000 220 117 303 379 4.783498 303 379 250 68 5.491035 
250 68 220 117 1.000000 220 117 295 429 5.585094 295 429 250 68 6.331880 
227 181 248 137 1.000000 248 137 250 68 1.415849 250 68 227 181 2.365258 
250 68 248 137 1.000000 248 137 264 210 1.082630 264 210 250 68 2.067081 
250 68 248 137 1.000000 248 137 178 266 2.126187 178 266 250 68 3.052118 
250 68 248 137 1.000000 248 137 223 296 2.331679 223 296 250 68 3.326040 
250 68 248 137 1.000000 248 137 303 379 3.595176 303 379 250 68 4.570309 
250 68 248 137 1.000000 248 137 295 429 4.284553 295 429 250 68 5.270162 
264 210 227 181 1.000000 227 181 250 68 2.452997 250 68 264 210 3.035238 
178 266 227 181 1.000000 227 181 250 68 1.175358 250 68 178 266 2.147385 
223 296 227 181 1.000000 227 181 250 68 1.002150 250 68 223 296 1.995255 
250 68 227 181 1.000000 227 181 303 379 1.839148 303 379 250 68 2.735797 
250 68 227 181 1.000000 227 181 295 429 2.229973 295 429 250 68 3.154730 
178 266 264 210 1.000000 264 210 250 68 1.390380 250 68 178 266 2.052945 
223 296 264 210 1.000000 264 210 250 68 1.497675 250 68 223 296 2.409837 
250 68 264 210 1.000000 264 210 303 379 1.215527 303 379 250 68 2.210997 
250 68 264 210 1.000000 264 210 295 429 1.550112 295 429 250 68 2.549568 
223 296 178 266 1.000000 178 266 250 68 3.895560 250 68 223 296 4.245178 
303 379 178 266 1.000000 178 266 250 68 1.250315 250 68 303 379 1.872249 
295 429 178 266 1.000000 178 266 250 68 1.050042 250 68 295 429 1.813132 
303 379 223 296 1.000000 223 296 250 68 1.991649 250 68 303 379 2.736723 
295 429 223 296 1.000000 223 296 250 68 1.518089 250 68 295 429 2.405436 
295 429 303 379 1.000000 303 379 250 68 6.230430 250 68 295 429 7.184498 
220 117 248 137 1.000000 248 137 227 181 1.416898 227 181 220 117 1.871054 
220 117 248 137 1.000000 248 137 264 210 2.171880 264 210 220 117 2.989989 
220 117 248 137 1.000000 248 137 178 266 4.265374 178 266 220 117 4.498968 
220 117 248 137 1.000000 248 137 223 296 4.677613 223 296 220 117 5.202812 
220 117 248 137 1.000000 248 137 303 379 7.212332 303 379 220 117 7.987162 
220 117 248 137 1.000000 248 137 295 429 8.595302 295 429 220 117 9.325613 
264 210 227 181 1.000000 227 181 220 117 1.369513 220 117 264 210 2.188514 
220 117 227 181 1.000000 227 181 178 266 1.523915 178 266 220 117 2.404509 
220 117 227 181 1.000000 227 181 223 296 1.787303 223 296 220 117 2.780685 
220 117 227 181 1.000000 227 181 303 379 3.294181 303 379 220 117 4.268803 
220 117 227 181 1.000000 227 181 295 429 3.994206 295 429 220 117 4.984149 
178 266 264 210 1.000000 264 210 220 117 1.002513 220 117 178 266 1.508458 
223 296 264 210 1.000000 264 210 220 117 1.079877 220 117 223 296 1.879070 
220 117 264 210 1.000000 264 210 303 379 1.685807 303 379 220 117 2.671302 
220 117 264 210 1.000000 264 210 295 429 2.149843 295 429 220 117 3.118946 
223 296 178 266 1.000000 178 266 220 117 2.862370 220 117 223 296 3.310176 
220 117 178 266 1.000000 178 266 303 379 1.088490 303 379 220 117 1.775332 
220 117 178 266 1.000000 178 266 295 429 1.296097 295 429 220 117 2.072834 
303 379 223 296 1.000000 223 296 220 117 1.552987 220 117 303 379 2.384088 
295 429 223 296 1.000000 223 296 220 117 1.183729 220 117 295 429 2.121738 
295 429 303 379 1.000000 303 379 220 117 5.427619 220 117 295 429 6.337154 
264 210 227 181 1.000000 227 181 248 137 1.037095 248 137 264 210 1.589701 
248 137 227 181 1.000000 227 181 178 266 2.012372 178 266 248 137 3.010359 
248 137 227 181 1.000000 227 181 223 296 2.360184 223 296 248 137 3.301305 
248 137 227 181 1.000000 227 181 303 379 4.350059 303 379 248 137 5.090225 
248 137 227 181 1.000000 227 181 295 429 5.274461 295 429 248 137 6.066280 
248 137 264 210 1.000000 264 210 178 266 1.373232 178 266 248 137 1.963909 
248 137 264 210 1.000000 264 210 223 296 1.274851 223 296 248 137 2.153717 
248 137 264 210 1.000000 264 210 303 379 2.320822 303 379 248 137 3.320779 
248 137 264 210 1.000000 264 210 295 429 2.959651 295 429 248 137 3.957541 
223 296 178 266 1.000000 178 266 248 137 2.713751 248 137 223 296 2.976030 
248 137 178 266 1.000000 178 266 303 379 1.148102 303 379 248 137 1.690903 
248 137 178 266 1.000000 178 266 295 429 1.367078 295 429 248 137 2.015135 
303 379 223 296 1.000000 223 296 248 137 1.396221 248 137 303 379 2.152809 
295 429 223 296 1.000000 223 296 248 137 1.064238 248 137 295 429 1.955579 
295 429 303 379 1.000000 303 379 248 137 4.901089 248 137 295 429 5.840876 
264 210 227 181 1.000000 227 181 178 266 2.087021 178 266 264 210 2.183028 
227 181 264 210 1.000000 264 210 223 296 2.026633 223 296 227 181 2.447734 
227 181 264 210 1.000000 264 210 303 379 3.689413 303 379 227 181 4.511423 
227 181 264 210 1.000000 264 210 295 429 4.704960 295 429 227 181 5.470116 
223 296 178 266 1.000000 178 266 227 181 1.814095 227 181 223 296 2.127637 
227 181 178 266 1.000000 178 266 303 379 1.717475 303 379 227 181 2.161657 
227 181 178 266 1.000000 178 266 295 429 2.045046 295 429 227 181 2.621017 
227 181 223 296 1.000000 223 296 303 379 1.001811 303 379 227 181 1.843102 
227 181 223 296 1.000000 223 296 295 429 1.314320 295 429 227 181 2.234767 
295 429 303 379 1.000000 303 379 227 181 4.188425 227 181 295 429 5.078479 
178 266 223 296 1.000000 223 296 264 210 1.761604 264 210 178 266 1.897547 
264 210 178 266 1.000000 178 266 303 379 1.641942 303 379 264 210 1.690044 
264 210 178 266 1.000000 178 266 295 429 1.955108 295 429 264 210 2.155245 
264 210 223 296 1.000000 223 296 303 379 1.209971 303 379 264 210 1.820464 
264 210 223 296 1.000000 223 296 295 429 1.587415 295 429 264 210 2.321565 
295 429 303 379 1.000000 303 379 264 210 3.425266 264 210 295 429 4.368105 
178 266 223 296 1.000000 223 296 303 379 2.131490 303 379 178 266 3.115662 
178 266 223 296 1.000000 223 296 295 429 2.796396 295 429 178 266 3.709908 
295 429 303 379 1.000000 303 379 178 266 3.327777 178 266 295 429 3.962480 
295 429 303 379 1.000000 303 379 223 296 2.276602 223 296 295 429 2.986775 