SerpensCaput
13 10 286
0 360 62 
1 332 87 
2 302 126 
3 341 130 
4 386 209 
5 379 217 
6 348 274 
7 322 305 
8 324 342 
9 319 426 
10 326 432 
11 225 435 
12 244 431 
0 1
0 3
1 2
2 3
3 4
4 6
6 7
7 8
8 10
10 11
360 62 332 87 1.000000 332 87 302 126 1.310816 302 126 360 62 2.300986 
360 62 332 87 1.000000 332 87 341 130 1.170370 341 130 360 62 1.880949 
360 62 332 87 1.000000 332 87 386 209 3.554303 386 209 360 62 3.976956 
360 62 332 87 1.000000 332 87 379 217 3.682676 379 217 360 62 4.160206 
360 62 332 87 1.000000 332 87 348 274 5.000000 348 274 360 62 5.656854 
360 62 332 87 1.000000 332 87 322 305 5.813765 322 305 360 62 6.552350 
360 62 332 87 1.000000 332 87 324 342 6.796703 324 342 360 62 7.520778 
360 62 332 87 1.000000 332 87 319 426 9.037812 319 426 360 62 9.758511 
360 62 332 87 1.000000 332 87 326 432 9.192407 326 432 360 62 9.898563 
360 62 332 87 1.000000 332 87 225 435 9.699275 225 435 360 62 10.567771 
360 62 332 87 1.000000 332 87 244 431 9.459487 244 431 360 62 10.304691 
302 126 341 130 1.000000 341 130 360 62 1.800925 360 62 302 126 2.203091 
360 62 302 126 1.000000 302 126 386 209 1.367225 386 209 360 62 1.728371 
360 62 302 126 1.000000 302 126 379 217 1.380154 379 217 360 62 1.808010 
360 62 302 126 1.000000 302 126 348 274 1.794391 348 274 360 62 2.458448 
360 62 302 126 1.000000 302 126 322 305 2.085344 322 305 360 62 2.847627 
360 62 302 126 1.000000 302 126 324 342 2.513769 324 342 360 62 3.268503 
360 62 302 126 1.000000 302 126 319 426 3.478949 319 426 360 62 4.241013 
360 62 302 126 1.000000 302 126 326 432 3.553724 326 432 360 62 4.301879 
360 62 302 126 1.000000 302 126 225 435 3.686982 225 435 360 62 4.592715 
360 62 302 126 1.000000 302 126 244 431 3.594548 244 431 360 62 4.478381 
360 62 341 130 1.000000 341 130 386 209 1.287701 386 209 360 62 2.114335 
360 62 341 130 1.000000 341 130 379 217 1.344628 379 217 360 62 2.211758 
360 62 341 130 1.000000 341 130 348 274 2.041937 348 274 360 62 3.007446 
360 62 341 130 1.000000 341 130 322 305 2.493160 322 305 360 62 3.483533 
360 62 341 130 1.000000 341 130 324 342 3.012278 324 342 360 62 3.998395 
360 62 341 130 1.000000 341 130 319 426 4.203929 319 426 360 62 5.188078 
360 62 341 130 1.000000 341 130 326 432 4.282619 326 432 360 62 5.262536 
360 62 341 130 1.000000 341 130 225 435 4.621718 225 435 360 62 5.618318 
360 62 341 130 1.000000 341 130 244 431 4.479083 244 431 360 62 5.478452 
379 217 386 209 1.000000 386 209 360 62 14.043233 360 62 379 217 14.690313 
348 274 386 209 1.000000 386 209 360 62 1.982682 360 62 348 274 2.820183 
322 305 386 209 1.000000 386 209 360 62 1.293852 360 62 322 305 2.131724 
324 342 386 209 1.000000 386 209 360 62 1.017312 360 62 324 342 1.923827 
360 62 386 209 1.000000 386 209 319 426 1.521339 319 426 360 62 2.453764 
360 62 386 209 1.000000 386 209 326 432 1.546947 326 432 360 62 2.488980 
360 62 386 209 1.000000 386 209 225 435 1.858791 225 435 360 62 2.657251 
360 62 386 209 1.000000 386 209 244 431 1.765320 244 431 360 62 2.591100 
348 274 379 217 1.000000 379 217 360 62 2.406740 360 62 348 274 3.272574 
322 305 379 217 1.000000 379 217 360 62 1.489403 360 62 322 305 2.345819 
324 342 379 217 1.000000 379 217 360 62 1.143486 360 62 324 342 2.067183 
360 62 379 217 1.000000 379 217 319 426 1.392429 319 426 360 62 2.345680 
360 62 379 217 1.000000 379 217 326 432 1.418007 326 432 360 62 2.379345 
360 62 379 217 1.000000 379 217 225 435 1.709195 225 435 360 62 2.540204 
360 62 379 217 1.000000 379 217 244 431 1.620283 244 431 360 62 2.476967 
322 305 348 274 1.000000 348 274 360 62 5.248149 360 62 322 305 6.078945 
324 342 348 274 1.000000 348 274 360 62 2.944617 360 62 324 342 3.914863 
319 426 348 274 1.000000 348 274 360 62 1.372218 360 62 319 426 2.367182 
326 432 348 274 1.000000 348 274 360 62 1.331078 360 62 326 432 2.329168 
225 435 348 274 1.000000 348 274 360 62 1.048030 360 62 225 435 1.957863 
244 431 348 274 1.000000 348 274 360 62 1.127536 360 62 244 431 2.053953 
324 342 322 305 1.000000 322 305 360 62 6.637695 360 62 324 342 7.618737 
319 426 322 305 1.000000 322 305 360 62 2.032047 360 62 319 426 3.026357 
326 432 322 305 1.000000 322 305 360 62 1.935680 360 62 326 432 2.924210 
225 435 322 305 1.000000 322 305 360 62 1.516353 360 62 225 435 2.445607 
244 431 322 305 1.000000 322 305 360 62 1.659726 360 62 244 431 2.610203 
319 426 324 342 1.000000 324 342 360 62 3.354833 360 62 319 426 4.353031 
326 432 324 342 1.000000 324 342 360 62 3.135946 360 62 326 432 4.127413 
225 435 324 342 1.000000 324 342 360 62 2.078357 360 62 225 435 2.920389 
244 431 324 342 1.000000 324 342 360 62 2.359020 360 62 244 431 3.232241 
326 432 319 426 1.000000 319 426 360 62 39.731007 360 62 326 432 40.301219 
225 435 319 426 1.000000 319 426 360 62 3.879088 360 62 225 435 4.200776 
244 431 319 426 1.000000 319 426 360 62 4.873207 360 62 244 431 5.145958 
225 435 326 432 1.000000 326 432 360 62 3.677179 360 62 225 435 3.925781 
244 431 326 432 1.000000 326 432 360 62 4.530869 360 62 244 431 4.716766 
225 435 244 431 1.000000 244 431 360 62 19.921397 360 62 225 435 20.429993 
302 126 341 130 1.000000 341 130 332 87 1.120577 332 87 302 126 1.255048 
332 87 302 126 1.000000 302 126 386 209 2.400003 386 209 332 87 2.711519 
332 87 302 126 1.000000 302 126 379 217 2.422700 379 217 332 87 2.809452 
332 87 302 126 1.000000 302 126 348 274 3.149844 348 274 332 87 3.814416 
332 87 302 126 1.000000 302 126 322 305 3.660578 322 305 332 87 4.435224 
332 87 302 126 1.000000 302 126 324 342 4.412629 324 342 332 87 5.185091 
332 87 302 126 1.000000 302 126 319 426 6.106889 319 426 332 87 6.894796 
332 87 302 126 1.000000 302 126 326 432 6.238149 326 432 332 87 7.012734 
332 87 302 126 1.000000 302 126 225 435 6.472067 225 435 332 87 7.399415 
332 87 302 126 1.000000 302 126 244 431 6.309811 244 431 332 87 7.216485 
332 87 341 130 1.000000 341 130 386 209 2.069517 386 209 332 87 3.036906 
332 87 341 130 1.000000 341 130 379 217 2.161006 379 217 332 87 3.146591 
332 87 341 130 1.000000 341 130 348 274 3.281681 348 274 332 87 4.272153 
332 87 341 130 1.000000 341 130 322 305 4.006859 322 305 332 87 4.967459 
332 87 341 130 1.000000 341 130 324 342 4.841156 324 342 332 87 5.807312 
332 87 341 130 1.000000 341 130 319 426 6.756306 319 426 332 87 7.722184 
332 87 341 130 1.000000 341 130 326 432 6.882771 326 432 332 87 7.854275 
332 87 341 130 1.000000 341 130 225 435 7.427752 225 435 332 87 8.287358 
332 87 341 130 1.000000 341 130 244 431 7.198517 244 431 332 87 8.082476 
379 217 386 209 1.000000 386 209 332 87 12.550782 332 87 379 217 13.004084 
348 274 386 209 1.000000 386 209 332 87 1.771972 332 87 348 274 2.492713 
322 305 386 209 1.000000 386 209 332 87 1.156347 332 87 322 305 1.891434 
332 87 386 209 1.000000 386 209 324 342 1.099872 324 342 332 87 1.912246 
332 87 386 209 1.000000 386 209 319 426 1.702246 319 426 332 87 2.542780 
332 87 386 209 1.000000 386 209 326 432 1.730899 326 432 332 87 2.586275 
332 87 386 209 1.000000 386 209 225 435 2.079826 225 435 332 87 2.728882 
332 87 386 209 1.000000 386 209 244 431 1.975240 244 431 332 87 2.661418 
348 274 379 217 1.000000 379 217 332 87 2.130482 332 87 348 274 2.892574 
322 305 379 217 1.000000 379 217 332 87 1.318442 332 87 322 305 2.081397 
324 342 379 217 1.000000 379 217 332 87 1.012231 332 87 324 342 1.868161 
332 87 379 217 1.000000 379 217 319 426 1.572984 319 426 332 87 2.454143 
332 87 379 217 1.000000 379 217 326 432 1.601879 326 432 332 87 2.496122 
332 87 379 217 1.000000 379 217 225 435 1.930825 225 435 332 87 2.633758 
332 87 379 217 1.000000 379 217 244 431 1.830384 244 431 332 87 2.568645 
322 305 348 274 1.000000 348 274 332 87 4.638752 332 87 322 305 5.393722 
324 342 348 274 1.000000 348 274 332 87 2.602698 332 87 324 342 3.537954 
319 426 348 274 1.000000 348 274 332 87 1.212881 332 87 319 426 2.192357 
326 432 348 274 1.000000 348 274 332 87 1.176518 332 87 326 432 2.163007 
332 87 348 274 1.000000 348 274 225 435 1.079521 225 435 332 87 1.939855 
332 87 348 274 1.000000 348 274 244 431 1.003401 244 431 332 87 1.891897 
324 342 322 305 1.000000 322 305 332 87 5.889490 332 87 324 342 6.885231 
319 426 322 305 1.000000 322 305 332 87 1.802993 332 87 319 426 2.802851 
326 432 322 305 1.000000 322 305 332 87 1.717489 332 87 326 432 2.715600 
225 435 322 305 1.000000 322 305 332 87 1.345429 332 87 225 435 2.244619 
244 431 322 305 1.000000 322 305 332 87 1.472641 332 87 244 431 2.396111 
319 426 324 342 1.000000 324 342 332 87 3.031842 332 87 319 426 4.031545 
326 432 324 342 1.000000 324 342 332 87 2.834028 332 87 326 432 3.832967 
225 435 324 342 1.000000 324 342 332 87 1.878260 332 87 225 435 2.680381 
244 431 324 342 1.000000 324 342 332 87 2.131901 332 87 244 431 2.967129 
326 432 319 426 1.000000 319 426 332 87 36.796739 332 87 326 432 37.426163 
225 435 319 426 1.000000 319 426 332 87 3.592605 332 87 225 435 3.855542 
244 431 319 426 1.000000 319 426 332 87 4.513304 332 87 244 431 4.723880 
225 435 326 432 1.000000 326 432 332 87 3.414852 332 87 225 435 3.603146 
244 431 326 432 1.000000 326 432 332 87 4.207640 332 87 244 431 4.329891 
225 435 244 431 1.000000 244 431 332 87 18.287419 332 87 225 435 18.750986 
302 126 341 130 1.000000 341 130 386 209 2.319053 386 209 302 126 3.012120 
302 126 341 130 1.000000 341 130 379 217 2.421574 379 217 302 126 3.040606 
302 126 341 130 1.000000 341 130 348 274 3.677376 348 274 302 126 3.953207 
302 126 341 130 1.000000 341 130 322 305 4.489995 322 305 302 126 4.594203 
302 126 341 130 1.000000 341 130 324 342 5.424888 324 342 302 126 5.538063 
302 126 341 130 1.000000 341 130 319 426 7.570961 319 426 302 126 7.664441 
302 126 341 130 1.000000 341 130 326 432 7.712675 326 432 302 126 7.829178 
341 130 302 126 1.000000 302 126 225 435 8.122757 225 435 341 130 8.323369 
341 130 302 126 1.000000 302 126 244 431 7.919118 244 431 341 130 8.066493 
379 217 386 209 1.000000 386 209 302 126 11.108874 302 126 379 217 11.213929 
348 274 386 209 1.000000 386 209 302 126 1.568397 302 126 348 274 2.058417 
322 305 386 209 1.000000 386 209 302 126 1.023499 302 126 322 305 1.561081 
302 126 386 209 1.000000 386 209 324 342 1.242633 324 342 302 126 1.838593 
302 126 386 209 1.000000 386 209 319 426 1.923194 319 426 302 126 2.544533 
302 126 386 209 1.000000 386 209 326 432 1.955566 326 432 302 126 2.599225 
302 126 386 209 1.000000 386 209 225 435 2.349782 225 435 302 126 2.696691 
302 126 386 209 1.000000 386 209 244 431 2.231622 244 431 302 126 2.629084 
348 274 379 217 1.000000 379 217 302 126 1.837198 302 126 348 274 2.388611 
322 305 379 217 1.000000 379 217 302 126 1.136944 302 126 322 305 1.717865 
302 126 379 217 1.000000 379 217 324 342 1.145625 324 342 302 126 1.821368 
302 126 379 217 1.000000 379 217 319 426 1.824090 319 426 302 126 2.520695 
302 126 379 217 1.000000 379 217 326 432 1.857598 326 432 302 126 2.574875 
302 126 379 217 1.000000 379 217 225 435 2.239056 225 435 302 126 2.671427 
302 126 379 217 1.000000 379 217 244 431 2.122581 244 431 302 126 2.604454 
322 305 348 274 1.000000 348 274 302 126 3.830559 302 126 322 305 4.451668 
324 342 348 274 1.000000 348 274 302 126 2.149240 302 126 324 342 3.010878 
319 426 348 274 1.000000 348 274 302 126 1.001565 302 126 319 426 1.941825 
302 126 348 274 1.000000 348 274 326 432 1.029296 326 432 302 126 1.980462 
302 126 348 274 1.000000 348 274 225 435 1.307284 225 435 302 126 2.054726 
302 126 348 274 1.000000 348 274 244 431 1.215104 244 431 302 126 2.003213 
324 342 322 305 1.000000 322 305 302 126 4.860846 302 126 324 342 5.859486 
319 426 322 305 1.000000 322 305 302 126 1.488087 302 126 319 426 2.482553 
326 432 322 305 1.000000 322 305 302 126 1.417516 302 126 326 432 2.415650 
225 435 322 305 1.000000 322 305 302 126 1.110440 302 126 225 435 1.963307 
244 431 322 305 1.000000 322 305 302 126 1.215433 302 126 244 431 2.095065 
319 426 324 342 1.000000 324 342 302 126 2.580165 302 126 319 426 3.570838 
326 432 324 342 1.000000 324 342 302 126 2.411821 302 126 326 432 3.409600 
225 435 324 342 1.000000 324 342 302 126 1.598441 302 126 225 435 2.344457 
244 431 324 342 1.000000 324 342 302 126 1.814296 302 126 244 431 2.594341 
326 432 319 426 1.000000 319 426 302 126 32.591771 302 126 326 432 33.292288 
225 435 319 426 1.000000 319 426 302 126 3.182058 302 126 225 435 3.372337 
244 431 319 426 1.000000 319 426 302 126 3.997543 302 126 244 431 4.130375 
225 435 326 432 1.000000 326 432 302 126 3.037668 302 126 225 435 3.151574 
244 431 326 432 1.000000 326 432 302 126 3.742889 302 126 244 431 3.785887 
225 435 244 431 1.000000 244 431 302 126 15.989801 302 126 225 435 16.400977 
379 217 386 209 1.000000 386 209 341 130 8.552803 341 130 379 217 8.930905 
348 274 386 209 1.000000 386 209 341 130 1.207520 341 130 348 274 1.914793 
341 130 386 209 1.000000 386 209 322 305 1.269036 322 305 341 130 1.936132 
341 130 386 209 1.000000 386 209 324 342 1.614004 324 342 341 130 2.339268 
341 130 386 209 1.000000 386 209 319 426 2.497955 319 426 341 130 3.264677 
341 130 386 209 1.000000 386 209 326 432 2.540002 326 432 341 130 3.325786 
341 130 386 209 1.000000 386 209 225 435 3.052033 225 435 341 130 3.589123 
341 130 386 209 1.000000 386 209 244 431 2.898559 244 431 341 130 3.478356 
348 274 379 217 1.000000 379 217 341 130 1.463166 341 130 348 274 2.221948 
341 130 379 217 1.000000 379 217 322 305 1.104392 322 305 341 130 1.854164 
341 130 379 217 1.000000 379 217 324 342 1.438483 324 342 341 130 2.240232 
341 130 379 217 1.000000 379 217 319 426 2.290386 319 426 341 130 3.126463 
341 130 379 217 1.000000 379 217 326 432 2.332459 326 432 341 130 3.184984 
341 130 379 217 1.000000 379 217 225 435 2.811430 225 435 341 130 3.437173 
341 130 379 217 1.000000 379 217 244 431 2.665180 244 431 341 130 3.331095 
322 305 348 274 1.000000 348 274 341 130 3.563286 341 130 322 305 4.350693 
324 342 348 274 1.000000 348 274 341 130 1.999279 341 130 324 342 2.949348 
341 130 348 274 1.000000 348 274 319 426 1.073328 319 426 341 130 2.058794 
341 130 348 274 1.000000 348 274 326 432 1.106501 326 432 341 130 2.097331 
341 130 348 274 1.000000 348 274 225 435 1.405341 225 435 341 130 2.263399 
341 130 348 274 1.000000 348 274 244 431 1.306246 244 431 341 130 2.193546 
324 342 322 305 1.000000 322 305 341 130 4.750589 341 130 324 342 5.739743 
319 426 322 305 1.000000 322 305 341 130 1.454333 341 130 319 426 2.452275 
326 432 322 305 1.000000 322 305 341 130 1.385363 341 130 326 432 2.379704 
225 435 322 305 1.000000 322 305 341 130 1.085252 341 130 225 435 2.011796 
244 431 322 305 1.000000 322 305 341 130 1.187864 341 130 244 431 2.134055 
319 426 324 342 1.000000 324 342 341 130 2.527437 341 130 319 426 3.527286 
326 432 324 342 1.000000 324 342 341 130 2.362534 341 130 326 432 3.358863 
225 435 324 342 1.000000 324 342 341 130 1.565776 341 130 225 435 2.402359 
244 431 324 342 1.000000 324 342 341 130 1.777219 341 130 244 431 2.642622 
326 432 319 426 1.000000 319 426 341 130 32.194263 341 130 326 432 32.796879 
225 435 319 426 1.000000 319 426 341 130 3.143247 341 130 225 435 3.455626 
244 431 319 426 1.000000 319 426 341 130 3.948787 341 130 244 431 4.207242 
225 435 326 432 1.000000 326 432 341 130 2.992465 341 130 225 435 3.229410 
244 431 326 432 1.000000 326 432 341 130 3.687193 341 130 244 431 3.856342 
225 435 244 431 1.000000 244 431 341 130 16.287373 341 130 225 435 16.806040 
386 209 379 217 1.000000 379 217 348 274 6.103822 348 274 386 209 7.082947 
386 209 379 217 1.000000 379 217 322 305 9.863224 322 305 386 209 10.853815 
386 209 379 217 1.000000 379 217 324 342 12.846955 324 342 386 209 13.804257 
386 209 379 217 1.000000 379 217 319 426 20.455218 319 426 386 209 21.364514 
386 209 379 217 1.000000 379 217 326 432 20.830967 326 432 386 209 21.724135 
386 209 379 217 1.000000 379 217 225 435 25.108614 225 435 386 209 26.103436 
386 209 379 217 1.000000 379 217 244 431 23.802469 244 431 386 209 24.790806 
322 305 348 274 1.000000 348 274 386 209 1.860925 386 209 322 305 2.851657 
324 342 348 274 1.000000 348 274 386 209 1.044123 386 209 324 342 2.034935 
386 209 348 274 1.000000 348 274 319 426 2.055200 319 426 386 209 3.016331 
386 209 348 274 1.000000 348 274 326 432 2.118720 326 432 386 209 3.067104 
386 209 348 274 1.000000 348 274 225 435 2.690936 225 435 386 209 3.685392 
386 209 348 274 1.000000 348 274 244 431 2.501190 244 431 386 209 3.500069 
324 342 322 305 1.000000 322 305 386 209 3.113769 386 209 324 342 3.960199 
386 209 322 305 1.000000 322 305 319 426 1.049052 319 426 386 209 1.968387 
386 209 322 305 1.000000 322 305 326 432 1.101279 326 432 386 209 2.001521 
386 209 322 305 1.000000 322 305 225 435 1.405823 225 435 386 209 2.405001 
386 209 322 305 1.000000 322 305 244 431 1.284383 244 431 386 209 2.284064 
319 426 324 342 1.000000 324 342 386 209 1.743833 386 209 319 426 2.698889 
326 432 324 342 1.000000 324 342 386 209 1.630056 386 209 326 432 2.565264 
225 435 324 342 1.000000 324 342 386 209 1.080324 386 209 225 435 2.042861 
244 431 324 342 1.000000 324 342 386 209 1.226212 386 209 244 431 2.202131 
326 432 319 426 1.000000 319 426 386 209 24.633311 386 209 326 432 25.047954 
225 435 319 426 1.000000 319 426 386 209 2.405043 386 209 225 435 2.938512 
244 431 319 426 1.000000 319 426 386 209 3.021399 386 209 244 431 3.505949 
225 435 326 432 1.000000 326 432 386 209 2.285435 386 209 225 435 2.746149 
244 431 326 432 1.000000 326 432 386 209 2.816019 386 209 244 431 3.213540 
225 435 244 431 1.000000 244 431 386 209 13.572480 386 209 225 435 14.291119 
322 305 348 274 1.000000 348 274 379 217 1.603676 379 217 322 305 2.591396 
379 217 348 274 1.000000 348 274 324 342 1.111375 324 342 379 217 2.104740 
379 217 348 274 1.000000 348 274 319 426 2.384879 319 426 379 217 3.351215 
379 217 348 274 1.000000 348 274 326 432 2.458588 326 432 379 217 3.412775 
379 217 348 274 1.000000 348 274 225 435 3.122594 225 435 379 217 4.113589 
379 217 348 274 1.000000 348 274 244 431 2.902411 244 431 379 217 3.899601 
324 342 322 305 1.000000 322 305 379 217 2.829586 379 217 324 342 3.685566 
379 217 322 305 1.000000 322 305 319 426 1.154412 319 426 379 217 2.073888 
379 217 322 305 1.000000 322 305 326 432 1.211884 326 432 379 217 2.111984 
379 217 322 305 1.000000 322 305 225 435 1.547013 225 435 379 217 2.545680 
379 217 322 305 1.000000 322 305 244 431 1.413377 244 431 379 217 2.413254 
319 426 324 342 1.000000 324 342 379 217 1.622901 379 217 319 426 2.584021 
326 432 324 342 1.000000 324 342 379 217 1.517014 379 217 326 432 2.459795 
225 435 324 342 1.000000 324 342 379 217 1.005405 379 217 225 435 1.965005 
244 431 324 342 1.000000 324 342 379 217 1.141176 379 217 244 431 2.114339 
326 432 319 426 1.000000 319 426 379 217 23.584890 379 217 326 432 24.018130 
225 435 319 426 1.000000 319 426 379 217 2.302682 379 217 225 435 2.826523 
244 431 319 426 1.000000 319 426 379 217 2.892805 379 217 244 431 3.366177 
225 435 326 432 1.000000 326 432 379 217 2.191471 379 217 225 435 2.641491 
244 431 326 432 1.000000 326 432 379 217 2.700241 379 217 244 431 3.085426 
225 435 244 431 1.000000 244 431 379 217 13.031384 379 217 225 435 13.746473 
324 342 322 305 1.000000 322 305 348 274 1.091916 348 274 324 342 1.946106 
348 274 322 305 1.000000 322 305 319 426 2.991538 319 426 348 274 3.824574 
348 274 322 305 1.000000 322 305 326 432 3.140470 326 432 348 274 3.942779 
348 274 322 305 1.000000 322 305 225 435 4.008924 225 435 348 274 5.007630 
348 274 322 305 1.000000 322 305 244 431 3.662620 244 431 348 274 4.654528 
348 274 324 342 1.000000 324 342 319 426 1.166932 319 426 348 274 2.145882 
348 274 324 342 1.000000 324 342 326 432 1.248384 326 432 348 274 2.212204 
348 274 324 342 1.000000 324 342 225 435 1.883634 225 435 348 274 2.809667 
348 274 324 342 1.000000 324 342 244 431 1.659530 244 431 348 274 2.611550 
326 432 319 426 1.000000 319 426 348 274 16.784096 348 274 326 432 17.302839 
225 435 319 426 1.000000 319 426 348 274 1.638695 348 274 225 435 2.145592 
244 431 319 426 1.000000 319 426 348 274 2.058653 348 274 244 431 2.505392 
225 435 326 432 1.000000 326 432 348 274 1.578752 348 274 225 435 2.005135 
244 431 326 432 1.000000 326 432 348 274 1.945274 348 274 244 431 2.296433 
225 435 244 431 1.000000 244 431 348 274 9.699052 348 274 225 435 10.434843 
322 305 324 342 1.000000 324 342 319 426 2.270973 319 426 322 305 3.266507 
322 305 324 342 1.000000 324 342 326 432 2.429486 326 432 322 305 3.429128 
322 305 324 342 1.000000 324 342 225 435 3.665751 225 435 322 305 4.377407 
322 305 324 342 1.000000 324 342 244 431 3.229620 244 431 322 305 3.999272 
326 432 319 426 1.000000 319 426 322 305 13.128326 322 305 326 432 13.781915 
225 435 319 426 1.000000 319 426 322 305 1.281768 322 305 225 435 1.717682 
244 431 319 426 1.000000 319 426 322 305 1.610255 322 305 244 431 1.971478 
225 435 326 432 1.000000 326 432 322 305 1.257495 322 305 225 435 1.605238 
244 431 326 432 1.000000 326 432 322 305 1.549433 322 305 244 431 1.807049 
225 435 244 431 1.000000 244 431 322 305 7.632125 322 305 225 435 8.353750 
326 432 319 426 1.000000 319 426 324 342 9.127206 324 342 326 432 9.764281 
324 342 319 426 1.000000 319 426 225 435 1.122179 225 435 324 342 1.614176 
244 431 319 426 1.000000 319 426 324 342 1.119497 324 342 244 431 1.592071 
324 342 326 432 1.000000 326 432 225 435 1.122440 225 435 324 342 1.508858 
244 431 326 432 1.000000 326 432 324 342 1.097750 324 342 244 431 1.459286 
225 435 244 431 1.000000 244 431 324 342 6.163338 324 342 225 435 6.995641 
326 432 319 426 1.000000 319 426 225 435 10.242357 225 435 326 432 10.959820 
326 432 319 426 1.000000 319 426 244 431 8.152950 244 431 326 432 8.894810 
225 435 244 431 1.000000 244 431 319 426 3.871271 319 426 225 435 4.863386 
225 435 244 431 1.000000 244 431 326 432 4.223529 326 432 225 435 5.204059 