6 20
0 202 119 
1 218 128 
2 319 161 
3 355 314 
4 187 335 
5 365 378 
202 119 218 128 1.000000 218 128 319 161 5.788047 319 161 202 119 6.771602 
202 119 218 128 1.000000 218 128 355 314 12.583843 355 314 202 119 13.501731 
202 119 218 128 1.000000 218 128 187 335 11.401754 187 335 202 119 11.794607 
202 119 218 128 1.000000 218 128 365 378 15.798152 365 378 202 119 16.670128 
202 119 319 161 1.000000 319 161 355 314 1.264404 355 314 202 119 1.993875 
319 161 202 119 1.000000 202 119 187 335 1.741775 187 335 319 161 1.756923 
202 119 319 161 1.000000 319 161 365 378 1.784425 365 378 202 119 2.461770 
355 314 187 335 1.000000 187 335 202 119 1.278858 202 119 355 314 1.463957 
365 378 355 314 1.000000 355 314 202 119 3.826367 202 119 365 378 4.724286 
365 378 187 335 1.000000 187 335 202 119 1.182394 202 119 365 378 1.671159 
218 128 319 161 1.000000 319 161 355 314 1.479263 355 314 218 128 2.174109 
319 161 218 128 1.000000 218 128 187 335 1.969879 187 335 319 161 2.055475 
218 128 319 161 1.000000 319 161 365 378 2.087650 365 378 218 128 2.729444 
355 314 187 335 1.000000 187 335 218 128 1.236262 218 128 355 314 1.364433 
365 378 355 314 1.000000 355 314 218 128 3.566240 218 128 365 378 4.477169 
365 378 187 335 1.000000 187 335 218 128 1.143011 218 128 365 378 1.583744 
319 161 355 314 1.000000 355 314 187 335 1.077168 187 335 319 161 1.389526 
365 378 355 314 1.000000 355 314 319 161 2.426469 319 161 365 378 3.424419 
365 378 187 335 1.000000 187 335 319 161 1.192677 319 161 365 378 1.211347 
365 378 355 314 1.000000 355 314 187 335 2.613715 187 335 365 378 2.826952 