5 10
0 126 51 
1 185 93 
2 305 191 
3 415 328 
4 519 442 
126 51 185 93 1.000000 185 93 305 191 2.139287 305 191 126 51 3.137795 
126 51 185 93 1.000000 185 93 415 328 4.540360 415 328 126 51 5.527468 
126 51 185 93 1.000000 185 93 519 442 6.670182 519 442 126 51 7.654727 
415 328 305 191 1.000000 305 191 126 51 1.293409 126 51 415 328 2.278441 
126 51 305 191 1.000000 305 191 519 442 1.451480 519 442 126 51 2.439524 
519 442 415 328 1.000000 415 328 126 51 2.594186 126 51 519 442 3.592564 
185 93 305 191 1.000000 305 191 415 328 1.134017 415 328 185 93 2.122371 
185 93 305 191 1.000000 305 191 519 442 2.128956 519 442 185 93 3.117946 
519 442 415 328 1.000000 415 328 185 93 2.130910 185 93 519 442 3.130491 
519 442 415 328 1.000000 415 328 305 191 1.138579 305 191 519 442 2.137522 