7 35
0 311 73 
1 271 142 
2 242 230 
3 266 327 
4 218 356 
5 326 404 
6 281 450 
311 73 271 142 1.000000 271 142 242 230 1.161736 242 230 311 73 2.150229 
311 73 271 142 1.000000 271 142 266 327 2.320425 266 327 311 73 3.234312 
311 73 271 142 1.000000 271 142 218 356 2.764253 218 356 311 73 3.735013 
311 73 271 142 1.000000 271 142 326 404 3.356626 326 404 311 73 4.154424 
311 73 271 142 1.000000 271 142 281 450 3.863819 281 450 311 73 4.741867 
266 327 242 230 1.000000 242 230 311 73 1.716222 311 73 266 327 2.581491 
218 356 242 230 1.000000 242 230 311 73 1.337021 311 73 218 356 2.322445 
311 73 242 230 1.000000 242 230 326 404 1.126661 326 404 311 73 1.932084 
311 73 242 230 1.000000 242 230 281 450 1.302849 281 450 311 73 2.205284 
218 356 266 327 1.000000 266 327 311 73 4.599751 311 73 218 356 5.311834 
326 404 266 327 1.000000 266 327 311 73 2.642537 311 73 326 404 3.394297 
281 450 266 327 1.000000 266 327 311 73 2.081776 311 73 281 450 3.052118 
326 404 218 356 1.000000 218 356 311 73 2.520506 311 73 326 404 2.803537 
281 450 218 356 1.000000 218 356 311 73 2.632480 311 73 281 450 3.342122 
281 450 326 404 1.000000 326 404 311 73 5.148976 311 73 281 450 5.877051 
271 142 242 230 1.000000 242 230 266 327 1.078460 266 327 271 142 1.997377 
271 142 242 230 1.000000 242 230 218 356 1.384329 218 356 271 142 2.379416 
271 142 242 230 1.000000 242 230 326 404 2.085309 326 404 271 142 2.889319 
271 142 242 230 1.000000 242 230 281 450 2.411412 281 450 271 142 3.325901 
218 356 266 327 1.000000 266 327 271 142 3.300046 271 142 218 356 3.931245 
326 404 266 327 1.000000 266 327 271 142 1.895862 271 142 326 404 2.742471 
281 450 266 327 1.000000 266 327 271 142 1.493549 271 142 281 450 2.486960 
326 404 218 356 1.000000 218 356 271 142 1.865406 271 142 326 404 2.265158 
281 450 218 356 1.000000 218 356 271 142 1.948277 271 142 281 450 2.723264 
281 450 326 404 1.000000 326 404 271 142 4.160189 271 142 281 450 4.788802 
218 356 266 327 1.000000 266 327 242 230 1.781820 242 230 218 356 2.287173 
326 404 266 327 1.000000 266 327 242 230 1.023647 242 230 326 404 1.979324 
242 230 266 327 1.000000 266 327 281 450 1.240043 281 450 242 230 2.235978 
326 404 218 356 1.000000 218 356 242 230 1.085281 242 230 326 404 1.634833 
281 450 218 356 1.000000 218 356 242 230 1.133495 242 230 281 450 1.974476 
281 450 326 404 1.000000 326 404 242 230 3.002535 242 230 281 450 3.472074 
218 356 266 327 1.000000 266 327 326 404 1.740658 326 404 218 356 2.107448 
266 327 218 356 1.000000 218 356 281 450 2.017806 281 450 266 327 2.209533 
281 450 326 404 1.000000 326 404 266 327 1.516949 266 327 281 450 1.925565 
326 404 281 450 1.000000 281 450 218 356 1.758479 218 356 326 404 1.836600 