Lynx
8 7 56
0 633 40 
1 555 70 
2 506 232 
3 347 333 
4 229 341 
5 201 392 
6 155 409 
7 138 446 
0 1
1 2
2 3
3 4
4 5
5 6
6 7
633 40 555 70 1.000000 555 70 506 232 2.025220 506 232 633 40 2.754591 
633 40 555 70 1.000000 555 70 347 333 4.012313 347 333 633 40 4.899403 
633 40 555 70 1.000000 555 70 229 341 5.072738 229 341 633 40 6.028486 
633 40 555 70 1.000000 555 70 201 392 5.726188 201 392 633 40 6.668041 
633 40 555 70 1.000000 555 70 155 409 6.274106 155 409 633 40 7.225751 
633 40 555 70 1.000000 555 70 138 446 6.718708 138 446 633 40 7.660660 
347 333 506 232 1.000000 506 232 633 40 1.222096 633 40 347 333 2.173658 
633 40 506 232 1.000000 506 232 229 341 1.293100 229 341 633 40 2.188523 
633 40 506 232 1.000000 506 232 201 392 1.496163 201 392 633 40 2.420701 
633 40 506 232 1.000000 506 232 155 409 1.707643 155 409 633 40 2.623167 
633 40 506 232 1.000000 506 232 138 446 1.849242 138 446 633 40 2.781052 
229 341 347 333 1.000000 347 333 633 40 3.461924 633 40 229 341 4.259735 
201 392 347 333 1.000000 347 333 633 40 2.600134 633 40 201 392 3.538758 
155 409 347 333 1.000000 347 333 633 40 1.982836 633 40 155 409 2.924331 
138 446 347 333 1.000000 347 333 633 40 1.723310 633 40 138 446 2.694550 
201 392 229 341 1.000000 229 341 633 40 8.659265 633 40 201 392 9.577917 
155 409 229 341 1.000000 229 341 633 40 5.013023 633 40 155 409 6.008616 
138 446 229 341 1.000000 229 341 633 40 3.625886 633 40 138 446 4.607572 
155 409 201 392 1.000000 201 392 633 40 11.362996 633 40 155 409 12.313389 
138 446 201 392 1.000000 201 392 633 40 6.715810 633 40 138 446 7.715540 
138 446 155 409 1.000000 155 409 633 40 14.830059 633 40 138 446 15.722660 
555 70 506 232 1.000000 506 232 347 333 1.112960 347 333 555 70 1.981173 
555 70 506 232 1.000000 506 232 229 341 1.758802 229 341 555 70 2.504783 
555 70 506 232 1.000000 506 232 201 392 2.034997 201 392 555 70 2.827440 
555 70 506 232 1.000000 506 232 155 409 2.322640 155 409 555 70 3.097987 
555 70 506 232 1.000000 506 232 138 446 2.515235 138 446 555 70 3.317519 
229 341 347 333 1.000000 347 333 555 70 2.835105 555 70 229 341 3.584402 
201 392 347 333 1.000000 347 333 555 70 2.129351 555 70 201 392 3.038912 
155 409 347 333 1.000000 347 333 555 70 1.623822 555 70 155 409 2.539191 
138 446 347 333 1.000000 347 333 555 70 1.411286 555 70 138 446 2.363230 
201 392 229 341 1.000000 229 341 555 70 7.286437 555 70 201 392 8.225047 
155 409 229 341 1.000000 229 341 555 70 4.218265 555 70 155 409 5.217269 
138 446 229 341 1.000000 229 341 555 70 3.051044 555 70 138 446 4.041027 
155 409 201 392 1.000000 201 392 555 70 9.757986 555 70 155 409 10.691691 
138 446 201 392 1.000000 201 392 555 70 5.767210 555 70 138 446 6.766840 
138 446 155 409 1.000000 155 409 555 70 12.876911 555 70 138 446 13.789408 
229 341 347 333 1.000000 347 333 506 232 1.592672 506 232 229 341 2.516886 
201 392 347 333 1.000000 347 333 506 232 1.196202 506 232 201 392 2.187200 
506 232 347 333 1.000000 347 333 155 409 1.096237 155 409 506 232 2.086903 
506 232 347 333 1.000000 347 333 138 446 1.261328 138 446 506 232 2.259951 
201 392 229 341 1.000000 229 341 506 232 5.116371 506 232 201 392 5.919824 
155 409 229 341 1.000000 229 341 506 232 2.961970 506 232 155 409 3.911521 
138 446 229 341 1.000000 229 341 506 232 2.142374 506 232 138 446 3.063775 
155 409 201 392 1.000000 201 392 506 232 7.023128 506 232 155 409 8.015837 
138 446 201 392 1.000000 201 392 506 232 4.150841 506 232 138 446 5.130398 
138 446 155 409 1.000000 155 409 506 232 9.654152 506 232 138 446 10.454681 
201 392 229 341 1.000000 229 341 347 333 2.032818 347 333 201 392 2.706576 
155 409 229 341 1.000000 229 341 347 333 1.176839 347 333 155 409 2.054698 
347 333 229 341 1.000000 229 341 138 446 1.174812 138 446 347 333 2.008881 
155 409 201 392 1.000000 201 392 347 333 3.211013 347 333 155 409 4.210669 
138 446 201 392 1.000000 201 392 347 333 1.897788 347 333 138 446 2.863387 
138 446 155 409 1.000000 155 409 347 333 5.071265 347 333 138 446 5.834985 
155 409 201 392 1.000000 201 392 229 341 1.186374 229 341 155 409 2.049289 
229 341 201 392 1.000000 201 392 138 446 1.426174 138 446 229 341 2.388179 
138 446 155 409 1.000000 155 409 229 341 2.468132 229 341 138 446 3.412352 
138 446 155 409 1.000000 155 409 201 392 1.204385 201 392 138 446 2.037791 