Andromeda
6 5 20
0 130 130 
1 344 175 
2 322 215 
3 279 258 
4 377 335 
5 486 356
0 3
1 2
2 3
3 4
4 5
344 175 322 215 1.000000 322 215 130 130 4.599560 130 130 344 175 4.790275 
344 175 279 258 1.000000 279 258 130 130 1.863263 130 130 344 175 2.074312 
377 335 344 175 1.000000 344 175 130 130 1.338576 130 130 377 335 1.964826 
130 130 344 175 1.000000 344 175 486 356 1.052013 486 356 130 130 1.928285 
322 215 279 258 1.000000 279 258 130 130 3.230173 130 130 322 215 3.452881 
377 335 322 215 1.000000 322 215 130 130 1.590665 130 130 377 335 2.431666 
130 130 322 215 1.000000 322 215 486 356 1.030033 486 356 130 130 2.008239 
377 335 279 258 1.000000 279 258 130 130 1.576092 130 130 377 335 2.575506 
130 130 279 258 1.000000 279 258 486 356 1.165939 486 356 130 130 2.146700 
486 356 377 335 1.000000 377 335 130 130 2.891676 130 130 486 356 3.798743 
344 175 322 215 1.000000 322 215 279 258 1.332093 279 258 344 175 2.309332 
344 175 322 215 1.000000 322 215 377 335 2.891595 377 335 344 175 3.578634 
344 175 322 215 1.000000 322 215 486 356 4.737697 486 356 344 175 5.039432 
344 175 279 258 1.000000 279 258 377 335 1.182204 377 335 344 175 1.549640 
344 175 279 258 1.000000 279 258 486 356 2.172451 486 356 344 175 2.182203 
486 356 377 335 1.000000 377 335 344 175 1.471721 344 175 486 356 2.072478 
322 215 279 258 1.000000 279 258 377 335 2.049483 377 335 322 215 2.170716 
279 258 322 215 1.000000 322 215 486 356 3.556581 486 356 279 258 3.766186 
486 356 377 335 1.000000 377 335 322 215 1.189175 322 215 486 356 1.948389 
486 356 377 335 1.000000 377 335 279 258 1.122760 279 258 486 356 2.063215 