Capricornus
16 15 560
0 445 132 
1 432 136 
2 428 172 
3 53 198 
4 84 206 
5 161 206 
6 232 212 
7 386 239 
8 100 256 
9 110 267 
10 137 297 
11 146 307 
12 228 352 
13 314 357 
14 270 375 
15 291 387
0 1
0 2
1 6
2 7
3 4
3 8
4 6
7 13
8 9
9 10
10 11
11 12
12 14
13 15
14 15
445 132 432 136 1.000000 432 136 428 172 2.663061 428 172 445 132 3.195436 
445 132 432 136 1.000000 432 136 53 198 28.235018 53 198 445 132 29.226053 
445 132 432 136 1.000000 432 136 84 206 26.097944 84 206 445 132 27.093133 
445 132 432 136 1.000000 432 136 161 206 20.578262 161 206 445 132 21.577265 
445 132 432 136 1.000000 432 136 232 212 15.730157 232 212 445 132 16.728193 
445 132 432 136 1.000000 432 136 386 239 8.293599 386 239 445 132 8.983468 
445 132 432 136 1.000000 432 136 100 256 25.954638 100 256 445 132 26.953514 
445 132 432 136 1.000000 432 136 110 267 25.558095 110 267 445 132 26.554381 
445 132 432 136 1.000000 432 136 137 297 24.708681 137 297 445 132 25.689308 
445 132 432 136 1.000000 432 136 146 307 24.498980 146 307 445 132 25.471341 
445 132 432 136 1.000000 432 136 228 352 21.843671 228 352 445 132 22.719084 
445 132 432 136 1.000000 432 136 314 357 18.419291 314 357 445 132 19.141860 
445 132 432 136 1.000000 432 136 270 375 21.227850 270 375 445 132 22.016456 
445 132 432 136 1.000000 432 136 291 387 21.166266 291 387 445 132 21.901623 
445 132 428 172 1.000000 428 172 53 198 8.648816 53 198 445 132 9.146186 
445 132 428 172 1.000000 428 172 84 206 7.953411 84 206 445 132 8.478697 
445 132 428 172 1.000000 428 172 161 206 6.192817 161 206 445 132 6.752526 
445 132 428 172 1.000000 428 172 232 212 4.602575 232 212 445 132 5.235027 
445 132 428 172 1.000000 428 172 386 239 1.819400 386 239 445 132 2.811344 
445 132 428 172 1.000000 428 172 100 256 7.790263 100 256 445 132 8.435004 
445 132 428 172 1.000000 428 172 110 267 7.636147 110 267 445 132 8.310096 
445 132 428 172 1.000000 428 172 137 297 7.286978 137 297 445 132 8.039375 
445 132 428 172 1.000000 428 172 146 307 7.193499 146 307 445 132 7.971163 
445 132 428 172 1.000000 428 172 228 352 6.190893 228 352 445 132 7.109854 
445 132 428 172 1.000000 428 172 314 357 4.999788 314 357 445 132 5.990375 
445 132 428 172 1.000000 428 172 270 375 5.918674 270 375 445 132 6.889969 
445 132 428 172 1.000000 428 172 291 387 5.865711 291 387 445 132 6.854033 
53 198 84 206 1.000000 84 206 445 132 11.510208 445 132 53 198 12.416354 
53 198 161 206 1.000000 161 206 445 132 2.710006 445 132 53 198 3.670659 
53 198 232 212 1.000000 232 212 445 132 1.267236 445 132 53 198 2.214006 
445 132 386 239 1.000000 386 239 53 198 2.745879 53 198 445 132 3.253315 
53 198 100 256 1.000000 100 256 445 132 4.910851 445 132 53 198 5.324901 
53 198 110 267 1.000000 110 267 445 132 4.035578 445 132 53 198 4.441603 
53 198 137 297 1.000000 137 297 445 132 2.691213 445 132 53 198 3.061723 
53 198 146 307 1.000000 146 307 445 132 2.417927 445 132 53 198 2.774352 
53 198 228 352 1.000000 228 352 445 132 1.325601 445 132 53 198 1.705266 
445 132 314 357 1.000000 314 357 53 198 1.173838 53 198 445 132 1.526814 
53 198 270 375 1.000000 270 375 445 132 1.069364 445 132 53 198 1.419542 
445 132 291 387 1.000000 291 387 53 198 1.020215 53 198 445 132 1.334424 
84 206 161 206 1.000000 161 206 445 132 3.811462 445 132 84 206 4.785798 
84 206 232 212 1.000000 232 212 445 132 1.536090 445 132 84 206 2.487865 
445 132 386 239 1.000000 386 239 84 206 2.486305 84 206 445 132 3.015888 
84 206 100 256 1.000000 100 256 445 132 6.983315 445 132 84 206 7.019489 
84 206 110 267 1.000000 110 267 445 132 5.446830 445 132 84 206 5.557339 
84 206 137 297 1.000000 137 297 445 132 3.317970 445 132 84 206 3.499285 
84 206 146 307 1.000000 146 307 445 132 2.923323 445 132 84 206 3.109455 
84 206 228 352 1.000000 228 352 445 132 1.506896 445 132 84 206 1.797015 
445 132 314 357 1.000000 314 357 84 206 1.056771 84 206 445 132 1.415387 
84 206 270 375 1.000000 270 375 445 132 1.191578 445 132 84 206 1.466339 
84 206 291 387 1.000000 291 387 445 132 1.083359 445 132 84 206 1.340156 
161 206 232 212 1.000000 232 212 445 132 3.193238 445 132 161 206 4.118876 
445 132 386 239 1.000000 386 239 161 206 1.861119 161 206 445 132 2.401886 
100 256 161 206 1.000000 161 206 445 132 3.720936 445 132 100 256 4.648054 
110 267 161 206 1.000000 161 206 445 132 3.691093 445 132 110 267 4.542499 
137 297 161 206 1.000000 161 206 445 132 3.118451 445 132 137 297 3.712743 
146 307 161 206 1.000000 161 206 445 132 2.874242 445 132 146 307 3.392961 
228 352 161 206 1.000000 161 206 445 132 1.826965 445 132 228 352 1.923644 
161 206 314 357 1.000000 314 357 445 132 1.211161 445 132 161 206 1.365257 
270 375 161 206 1.000000 161 206 445 132 1.459372 445 132 270 375 1.489076 
291 387 161 206 1.000000 161 206 445 132 1.316966 445 132 291 387 1.336763 
445 132 386 239 1.000000 386 239 232 212 1.279573 232 212 445 132 1.862109 
100 256 232 212 1.000000 232 212 445 132 1.635243 445 132 100 256 2.634806 
110 267 232 212 1.000000 232 212 445 132 1.700197 445 132 110 267 2.698897 
137 297 232 212 1.000000 232 212 445 132 1.784877 445 132 137 297 2.741016 
146 307 232 212 1.000000 232 212 445 132 1.775559 445 132 146 307 2.703572 
228 352 232 212 1.000000 232 212 445 132 1.624537 445 132 228 352 2.206335 
314 357 232 212 1.000000 232 212 445 132 1.365876 445 132 314 357 1.562954 
270 375 232 212 1.000000 232 212 445 132 1.359424 445 132 270 375 1.789178 
291 387 232 212 1.000000 232 212 445 132 1.232025 445 132 291 387 1.613046 
445 132 386 239 1.000000 386 239 100 256 2.344779 100 256 445 132 3.000346 
445 132 386 239 1.000000 386 239 110 267 2.270401 110 267 445 132 2.955916 
445 132 386 239 1.000000 386 239 137 297 2.092390 137 297 445 132 2.859620 
445 132 386 239 1.000000 386 239 146 307 2.041498 146 307 445 132 2.835357 
445 132 386 239 1.000000 386 239 228 352 1.589757 228 352 445 132 2.528988 
445 132 386 239 1.000000 386 239 314 357 1.131300 314 357 445 132 2.130787 
445 132 386 239 1.000000 386 239 270 375 1.462915 270 375 445 132 2.450775 
445 132 386 239 1.000000 386 239 291 387 1.439306 291 387 445 132 2.437992 
100 256 110 267 1.000000 110 267 445 132 24.295504 445 132 100 256 24.660684 
100 256 137 297 1.000000 137 297 445 132 6.326862 445 132 100 256 6.638215 
100 256 146 307 1.000000 146 307 445 132 5.044344 445 132 100 256 5.337874 
100 256 228 352 1.000000 228 352 445 132 1.931331 445 132 100 256 2.291296 
100 256 314 357 1.000000 314 357 445 132 1.100240 445 132 100 256 1.549241 
100 256 270 375 1.000000 270 375 445 132 1.443083 445 132 100 256 1.766685 
100 256 291 387 1.000000 291 387 445 132 1.286203 445 132 100 256 1.582883 
110 267 137 297 1.000000 137 297 445 132 8.657205 445 132 110 267 8.948732 
110 267 146 307 1.000000 146 307 445 132 6.437813 445 132 110 267 6.711549 
110 267 228 352 1.000000 228 352 445 132 2.124867 445 132 110 267 2.483574 
110 267 314 357 1.000000 314 357 445 132 1.167675 445 132 110 267 1.619847 
110 267 270 375 1.000000 270 375 445 132 1.551274 445 132 110 267 1.871015 
110 267 291 387 1.000000 291 387 445 132 1.371736 445 132 110 267 1.663147 
137 297 146 307 1.000000 146 307 445 132 25.751254 445 132 137 297 25.971616 
137 297 228 352 1.000000 228 352 445 132 2.906178 445 132 137 297 3.286123 
137 297 314 357 1.000000 314 357 445 132 1.393083 445 132 137 297 1.869585 
137 297 270 375 1.000000 270 375 445 132 1.942188 445 132 137 297 2.266190 
137 297 291 387 1.000000 291 387 445 132 1.670088 445 132 137 297 1.958914 
146 307 228 352 1.000000 228 352 445 132 3.303676 445 132 146 307 3.703893 
146 307 314 357 1.000000 314 357 445 132 1.485358 445 132 146 307 1.976509 
146 307 270 375 1.000000 270 375 445 132 2.117475 445 132 146 307 2.449755 
146 307 291 387 1.000000 291 387 445 132 1.798825 445 132 146 307 2.092013 
228 352 314 357 1.000000 314 357 445 132 3.022308 445 132 228 352 3.587116 
228 352 270 375 1.000000 270 375 445 132 6.253616 445 132 228 352 6.453193 
228 352 291 387 1.000000 291 387 445 132 4.133436 445 132 228 352 4.287713 
270 375 314 357 1.000000 314 357 445 132 5.476660 445 132 270 375 6.299108 
291 387 314 357 1.000000 314 357 445 132 6.887378 445 132 291 387 7.880360 
270 375 291 387 1.000000 291 387 445 132 12.316413 445 132 270 375 12.380989 
432 136 428 172 1.000000 428 172 53 198 10.377810 53 198 432 136 10.602469 
432 136 428 172 1.000000 428 172 84 206 9.543386 84 206 432 136 9.799981 
432 136 428 172 1.000000 428 172 161 206 7.430829 161 206 432 136 7.727298 
432 136 428 172 1.000000 428 172 232 212 5.522681 232 212 432 136 5.906796 
432 136 428 172 1.000000 428 172 386 239 2.183118 386 239 432 136 3.114311 
432 136 428 172 1.000000 428 172 100 256 9.347623 100 256 432 136 9.746169 
432 136 428 172 1.000000 428 172 110 267 9.162698 110 267 432 136 9.597264 
432 136 428 172 1.000000 428 172 137 297 8.743726 137 297 432 136 9.278302 
432 136 428 172 1.000000 428 172 146 307 8.631559 146 307 432 136 9.199558 
432 136 428 172 1.000000 428 172 228 352 7.428521 228 352 432 136 8.202468 
432 136 428 172 1.000000 428 172 314 357 5.999301 314 357 432 136 6.916587 
432 136 428 172 1.000000 428 172 270 375 7.101883 270 375 432 136 7.971223 
432 136 428 172 1.000000 428 172 291 387 7.038331 291 387 432 136 7.948098 
53 198 84 206 1.000000 84 206 432 136 11.087413 432 136 53 198 11.995324 
53 198 161 206 1.000000 161 206 432 136 2.584536 432 136 53 198 3.546190 
53 198 232 212 1.000000 232 212 432 136 1.191631 432 136 53 198 2.138930 
432 136 386 239 1.000000 386 239 53 198 2.974284 53 198 432 136 3.404435 
53 198 100 256 1.000000 100 256 432 136 4.728859 432 136 53 198 5.144337 
53 198 110 267 1.000000 110 267 432 136 3.884169 432 136 53 198 4.290992 
53 198 137 297 1.000000 137 297 432 136 2.588483 432 136 53 198 2.957902 
53 198 146 307 1.000000 146 307 432 136 2.325623 432 136 53 198 2.680276 
53 198 228 352 1.000000 228 352 432 136 1.274523 432 136 53 198 1.647442 
432 136 314 357 1.000000 314 357 53 198 1.219886 53 198 432 136 1.532905 
53 198 270 375 1.000000 270 375 432 136 1.031060 432 136 53 198 1.371406 
432 136 291 387 1.000000 291 387 53 198 1.055659 53 198 432 136 1.333963 
84 206 161 206 1.000000 161 206 432 136 3.634995 432 136 84 206 4.610005 
84 206 232 212 1.000000 232 212 432 136 1.444444 432 136 84 206 2.396480 
432 136 386 239 1.000000 386 239 84 206 2.693119 84 206 432 136 3.146757 
84 206 100 256 1.000000 100 256 432 136 6.724519 432 136 84 206 6.761648 
84 206 110 267 1.000000 110 267 432 136 5.242472 432 136 84 206 5.353206 
84 206 137 297 1.000000 137 297 432 136 3.191315 432 136 84 206 3.370749 
84 206 146 307 1.000000 146 307 432 136 2.811726 432 136 84 206 2.995238 
84 206 228 352 1.000000 228 352 432 136 1.448832 432 136 84 206 1.731007 
432 136 314 357 1.000000 314 357 84 206 1.098227 84 206 432 136 1.416881 
84 206 270 375 1.000000 270 375 432 136 1.148897 432 136 84 206 1.412477 
84 206 291 387 1.000000 291 387 432 136 1.046985 432 136 84 206 1.290930 
161 206 232 212 1.000000 232 212 432 136 3.002723 432 136 161 206 3.928176 
432 136 386 239 1.000000 386 239 161 206 2.015929 161 206 432 136 2.481222 
100 256 161 206 1.000000 161 206 432 136 3.548661 432 136 100 256 4.475801 
110 267 161 206 1.000000 161 206 432 136 3.520200 432 136 110 267 4.372070 
137 297 161 206 1.000000 161 206 432 136 2.974070 432 136 137 297 3.571019 
146 307 161 206 1.000000 161 206 432 136 2.741168 432 136 146 307 3.263435 
228 352 161 206 1.000000 161 206 432 136 1.742379 432 136 228 352 1.849522 
161 206 314 357 1.000000 314 357 432 136 1.165442 432 136 161 206 1.302047 
270 375 161 206 1.000000 161 206 432 136 1.391805 432 136 270 375 1.435739 
291 387 161 206 1.000000 161 206 432 136 1.255992 432 136 291 387 1.291881 
432 136 386 239 1.000000 386 239 232 212 1.386009 232 212 432 136 1.896662 
100 256 232 212 1.000000 232 212 432 136 1.537681 432 136 100 256 2.537162 
110 267 232 212 1.000000 232 212 432 136 1.598760 432 136 110 267 2.597638 
137 297 232 212 1.000000 232 212 432 136 1.678388 432 136 137 297 2.636384 
146 307 232 212 1.000000 232 212 432 136 1.669626 432 136 146 307 2.600363 
228 352 232 212 1.000000 232 212 432 136 1.527614 432 136 228 352 2.121320 
314 357 232 212 1.000000 232 212 432 136 1.284385 432 136 314 357 1.503956 
270 375 232 212 1.000000 232 212 432 136 1.278319 432 136 270 375 1.725091 
291 387 232 212 1.000000 232 212 432 136 1.158520 432 136 291 387 1.558887 
432 136 386 239 1.000000 386 239 100 256 2.539820 100 256 432 136 3.129478 
432 136 386 239 1.000000 386 239 110 267 2.459255 110 267 432 136 3.081665 
432 136 386 239 1.000000 386 239 137 297 2.266437 137 297 432 136 2.979247 
432 136 386 239 1.000000 386 239 146 307 2.211312 146 307 432 136 2.953962 
432 136 386 239 1.000000 386 239 228 352 1.721995 228 352 432 136 2.633799 
432 136 386 239 1.000000 386 239 314 357 1.225402 314 357 432 136 2.220904 
432 136 386 239 1.000000 386 239 270 375 1.584602 270 375 432 136 2.559546 
432 136 386 239 1.000000 386 239 291 387 1.559028 291 387 432 136 2.552121 
100 256 110 267 1.000000 110 267 432 136 23.383968 432 136 100 256 23.746779 
100 256 137 297 1.000000 137 297 432 136 6.085349 432 136 100 256 6.392208 
100 256 146 307 1.000000 146 307 432 136 4.851778 432 136 100 256 5.140057 
100 256 228 352 1.000000 228 352 432 136 1.856913 432 136 100 256 2.206383 
100 256 314 357 1.000000 314 357 432 136 1.058708 432 136 100 256 1.491827 
100 256 270 375 1.000000 270 375 432 136 1.391393 432 136 100 256 1.701213 
100 256 291 387 1.000000 291 387 432 136 1.243019 432 136 100 256 1.524222 
110 267 137 297 1.000000 137 297 432 136 8.326738 432 136 110 267 8.612987 
110 267 146 307 1.000000 146 307 432 136 6.192052 432 136 110 267 6.459740 
110 267 228 352 1.000000 228 352 432 136 2.042992 432 136 110 267 2.390394 
110 267 314 357 1.000000 314 357 432 136 1.123597 432 136 110 267 1.559072 
110 267 270 375 1.000000 270 375 432 136 1.495709 432 136 110 267 1.800817 
110 267 291 387 1.000000 291 387 432 136 1.325680 432 136 110 267 1.600748 
137 297 146 307 1.000000 146 307 432 136 24.768207 432 136 137 297 24.980213 
137 297 228 352 1.000000 228 352 432 136 2.794197 432 136 137 297 3.160683 
137 297 314 357 1.000000 314 357 432 136 1.340497 432 136 137 297 1.798218 
137 297 270 375 1.000000 270 375 432 136 1.872621 432 136 137 297 2.179683 
137 297 291 387 1.000000 291 387 432 136 1.614014 432 136 137 297 1.884138 
146 307 228 352 1.000000 228 352 432 136 3.176379 432 136 146 307 3.562498 
146 307 314 357 1.000000 314 357 432 136 1.429288 432 136 146 307 1.901056 
146 307 270 375 1.000000 270 375 432 136 2.041629 432 136 146 307 2.356236 
146 307 291 387 1.000000 291 387 432 136 1.738428 432 136 146 307 2.012151 
228 352 314 357 1.000000 314 357 432 136 2.908222 432 136 228 352 3.448897 
228 352 270 375 1.000000 270 375 432 136 6.029619 432 136 228 352 6.204538 
228 352 291 387 1.000000 291 387 432 136 3.994654 432 136 228 352 4.122499 
270 375 314 357 1.000000 314 357 432 136 5.269926 432 136 270 375 6.073481 
291 387 314 357 1.000000 314 357 432 136 6.627392 432 136 291 387 7.615773 
270 375 291 387 1.000000 291 387 432 136 11.902883 432 136 270 375 11.937515 
53 198 84 206 1.000000 84 206 428 172 10.797109 428 172 53 198 11.741151 
53 198 161 206 1.000000 161 206 428 172 2.485377 428 172 53 198 3.471048 
53 198 232 212 1.000000 232 212 428 172 1.114139 428 172 53 198 2.093608 
428 172 386 239 1.000000 386 239 53 198 4.242942 53 198 428 172 4.753663 
53 198 100 256 1.000000 100 256 428 172 4.535483 428 172 53 198 5.035332 
53 198 110 267 1.000000 110 267 428 172 3.708293 428 172 53 198 4.200068 
53 198 137 297 1.000000 137 297 428 172 2.439345 428 172 53 198 2.895226 
53 198 146 307 1.000000 146 307 428 172 2.182035 428 172 53 198 2.623482 
53 198 228 352 1.000000 228 352 428 172 1.154265 428 172 53 198 1.612534 
428 172 314 357 1.000000 314 357 53 198 1.406405 53 198 428 172 1.729836 
428 172 270 375 1.000000 270 375 53 198 1.088598 53 198 428 172 1.461276 
428 172 291 387 1.000000 291 387 53 198 1.192112 53 198 428 172 1.474470 
84 206 161 206 1.000000 161 206 428 172 3.495534 428 172 84 206 4.489301 
84 206 232 212 1.000000 232 212 428 172 1.350512 428 172 84 206 2.333733 
428 172 386 239 1.000000 386 239 84 206 3.841848 84 206 428 172 4.371447 
84 206 100 256 1.000000 100 256 428 172 6.449536 428 172 84 206 6.584606 
84 206 110 267 1.000000 110 267 428 172 5.005092 428 172 84 206 5.213042 
84 206 137 297 1.000000 137 297 428 172 3.007445 428 172 84 206 3.282492 
84 206 146 307 1.000000 146 307 428 172 2.638125 428 172 84 206 2.916813 
84 206 228 352 1.000000 228 352 428 172 1.312127 428 172 84 206 1.685684 
428 172 314 357 1.000000 314 357 84 206 1.266144 84 206 428 172 1.590750 
84 206 270 375 1.000000 270 375 428 172 1.023599 428 172 84 206 1.375494 
428 172 291 387 1.000000 291 387 84 206 1.078582 84 206 428 172 1.355916 
161 206 232 212 1.000000 232 212 428 172 2.807458 428 172 161 206 3.777467 
428 172 386 239 1.000000 386 239 161 206 2.875808 161 206 428 172 3.403768 
100 256 161 206 1.000000 161 206 428 172 3.412511 428 172 100 256 4.292774 
110 267 161 206 1.000000 161 206 428 172 3.385143 428 172 110 267 4.174102 
137 297 161 206 1.000000 161 206 428 172 2.859966 428 172 137 297 3.365272 
146 307 161 206 1.000000 161 206 428 172 2.636000 428 172 146 307 3.061944 
161 206 228 352 1.000000 228 352 428 172 1.675010 428 172 161 206 1.675530 
161 206 314 357 1.000000 314 357 428 172 1.010880 428 172 161 206 1.252092 
161 206 270 375 1.000000 270 375 428 172 1.279158 428 172 161 206 1.338406 
161 206 291 387 1.000000 291 387 428 172 1.144008 428 172 161 206 1.207804 
428 172 386 239 1.000000 386 239 232 212 1.977201 232 212 428 172 2.529721 
100 256 232 212 1.000000 232 212 428 172 1.437686 428 172 100 256 2.433411 
110 267 232 212 1.000000 232 212 428 172 1.494793 428 172 110 267 2.480017 
137 297 232 212 1.000000 232 212 428 172 1.569243 428 172 137 297 2.484487 
146 307 232 212 1.000000 232 212 428 172 1.561051 428 172 146 307 2.439812 
228 352 232 212 1.000000 232 212 428 172 1.428274 428 172 228 352 1.921162 
314 357 232 212 1.000000 232 212 428 172 1.200862 428 172 314 357 1.304500 
270 375 232 212 1.000000 232 212 428 172 1.195190 428 172 270 375 1.536953 
291 387 232 212 1.000000 232 212 428 172 1.083182 428 172 291 387 1.380452 
428 172 386 239 1.000000 386 239 100 256 3.623161 100 256 428 172 4.281775 
428 172 386 239 1.000000 386 239 110 267 3.508232 110 267 428 172 4.197069 
428 172 386 239 1.000000 386 239 137 297 3.233169 137 297 428 172 4.005154 
428 172 386 239 1.000000 386 239 146 307 3.154531 146 307 428 172 3.953775 
428 172 386 239 1.000000 386 239 228 352 2.456498 228 352 428 172 3.402711 
428 172 386 239 1.000000 386 239 314 357 1.748088 314 357 428 172 2.748042 
428 172 386 239 1.000000 386 239 270 375 2.260502 270 375 428 172 3.253091 
428 172 386 239 1.000000 386 239 291 387 2.224020 291 387 428 172 3.223981 
100 256 110 267 1.000000 110 267 428 172 22.325138 428 172 100 256 22.775711 
100 256 137 297 1.000000 137 297 428 172 5.734737 428 172 100 256 6.130814 
100 256 146 307 1.000000 146 307 428 172 4.552220 428 172 100 256 4.929866 
100 256 228 352 1.000000 228 352 428 172 1.681703 428 172 100 256 2.116158 
428 172 314 357 1.000000 314 357 100 256 1.088967 100 256 428 172 1.558119 
100 256 270 375 1.000000 270 375 428 172 1.239648 428 172 100 256 1.631646 
100 256 291 387 1.000000 291 387 428 172 1.100738 428 172 100 256 1.461893 
110 267 137 297 1.000000 137 297 428 172 7.846987 428 172 110 267 8.222990 
110 267 146 307 1.000000 146 307 428 172 5.809742 428 172 110 267 6.167242 
110 267 228 352 1.000000 228 352 428 172 1.850224 428 172 110 267 2.282156 
428 172 314 357 1.000000 314 357 110 267 1.026078 110 267 428 172 1.527294 
110 267 270 375 1.000000 270 375 428 172 1.332587 428 172 110 267 1.719276 
110 267 291 387 1.000000 291 387 428 172 1.173938 428 172 110 267 1.528265 
137 297 146 307 1.000000 146 307 428 172 23.238970 428 172 137 297 23.540960 
137 297 228 352 1.000000 228 352 428 172 2.530549 428 172 137 297 2.978578 
137 297 314 357 1.000000 314 357 428 172 1.162718 428 172 137 297 1.694612 
137 297 270 375 1.000000 270 375 428 172 1.668393 428 172 137 297 2.054099 
137 297 291 387 1.000000 291 387 428 172 1.429269 428 172 137 297 1.775582 
146 307 228 352 1.000000 228 352 428 172 2.876670 428 172 146 307 3.342543 
146 307 314 357 1.000000 314 357 428 172 1.239735 428 172 146 307 1.783681 
146 307 270 375 1.000000 270 375 428 172 1.818969 428 172 146 307 2.210758 
146 307 291 387 1.000000 291 387 428 172 1.539442 428 172 146 307 1.887917 
228 352 314 357 1.000000 314 357 428 172 2.522530 428 172 228 352 3.123475 
228 352 270 375 1.000000 270 375 428 172 5.372029 428 172 228 352 5.619106 
228 352 291 387 1.000000 291 387 428 172 3.537412 428 172 228 352 3.733519 
270 375 314 357 1.000000 314 357 428 172 4.571023 428 172 270 375 5.411108 
291 387 314 357 1.000000 314 357 428 172 5.748459 428 172 291 387 6.744046 
270 375 291 387 1.000000 291 387 428 172 10.540439 428 172 270 375 10.635612 
53 198 84 206 1.000000 84 206 161 206 2.405076 161 206 53 198 3.382595 
53 198 84 206 1.000000 84 206 232 212 4.626541 232 212 53 198 5.608095 
53 198 84 206 1.000000 84 206 386 239 9.489044 386 239 53 198 10.479713 
53 198 84 206 1.000000 84 206 100 256 1.639750 100 256 53 198 2.331753 
53 198 84 206 1.000000 84 206 110 267 2.071173 110 267 53 198 2.795467 
53 198 84 206 1.000000 84 206 137 297 3.289303 137 297 53 198 4.055349 
53 198 84 206 1.000000 84 206 146 307 3.701681 146 307 53 198 4.475407 
53 198 84 206 1.000000 84 206 228 352 6.405181 228 352 53 198 7.281182 
53 198 84 206 1.000000 84 206 314 357 8.593872 314 357 53 198 9.545884 
53 198 84 206 1.000000 84 206 270 375 7.849623 270 375 53 198 8.746735 
53 198 84 206 1.000000 84 206 291 387 8.588705 291 387 53 198 9.492744 
232 212 161 206 1.000000 161 206 53 198 1.519877 53 198 232 212 2.519844 
53 198 161 206 1.000000 161 206 386 239 2.099868 386 239 53 198 3.098128 
53 198 100 256 1.000000 100 256 161 206 1.056539 161 206 53 198 1.450666 
161 206 110 267 1.000000 110 267 53 198 1.125613 53 198 161 206 1.362024 
137 297 161 206 1.000000 161 206 53 198 1.150717 53 198 137 297 1.379580 
146 307 161 206 1.000000 161 206 53 198 1.060604 53 198 146 307 1.403252 
53 198 161 206 1.000000 161 206 228 352 1.483337 228 352 53 198 2.152543 
53 198 161 206 1.000000 161 206 314 357 1.984979 314 357 53 198 2.822059 
53 198 161 206 1.000000 161 206 270 375 1.856968 270 375 53 198 2.585806 
53 198 161 206 1.000000 161 206 291 387 2.057765 291 387 53 198 2.806349 
386 239 232 212 1.000000 232 212 53 198 1.148371 53 198 386 239 2.145934 
53 198 100 256 1.000000 100 256 232 212 1.863838 232 212 53 198 2.405098 
53 198 110 267 1.000000 110 267 232 212 1.495269 232 212 53 198 2.006139 
232 212 137 297 1.000000 137 297 53 198 1.018506 53 198 232 212 1.408480 
232 212 146 307 1.000000 146 307 53 198 1.118136 53 198 232 212 1.401127 
228 352 232 212 1.000000 232 212 53 198 1.281953 53 198 228 352 1.664403 
314 357 232 212 1.000000 232 212 53 198 1.077838 53 198 314 357 1.834655 
270 375 232 212 1.000000 232 212 53 198 1.072747 53 198 270 375 1.673124 
53 198 232 212 1.000000 232 212 291 387 1.028580 291 387 53 198 1.692686 
53 198 100 256 1.000000 100 256 386 239 3.837845 386 239 53 198 4.494349 
53 198 110 267 1.000000 110 267 386 239 3.099676 386 239 53 198 3.748824 
53 198 137 297 1.000000 137 297 386 239 1.969167 386 239 53 198 2.584171 
53 198 146 307 1.000000 146 307 386 239 1.740943 386 239 53 198 2.341622 
386 239 228 352 1.000000 228 352 53 198 1.200061 53 198 386 239 1.727232 
386 239 314 357 1.000000 314 357 53 198 2.210907 53 198 386 239 2.427190 
386 239 270 375 1.000000 270 375 53 198 1.566603 53 198 386 239 1.876992 
386 239 291 387 1.000000 291 387 53 198 1.728108 53 198 386 239 1.907780 
110 267 100 256 1.000000 100 256 53 198 5.021672 53 198 110 267 6.020328 
137 297 100 256 1.000000 100 256 53 198 1.351744 53 198 137 297 2.350933 
146 307 100 256 1.000000 100 256 53 198 1.086955 53 198 146 307 2.086227 
53 198 100 256 1.000000 100 256 228 352 2.143263 228 352 53 198 3.122621 
53 198 100 256 1.000000 100 256 314 357 3.169844 314 357 53 198 4.093865 
53 198 100 256 1.000000 100 256 270 375 2.779697 270 375 53 198 3.751141 
53 198 100 256 1.000000 100 256 291 387 3.102473 291 387 53 198 4.071076 
137 297 110 267 1.000000 110 267 53 198 2.217460 53 198 137 297 3.216841 
146 307 110 267 1.000000 110 267 53 198 1.663095 53 198 146 307 2.662534 
53 198 110 267 1.000000 110 267 228 352 1.624908 228 352 53 198 2.604639 
53 198 110 267 1.000000 110 267 314 357 2.491333 314 357 53 198 3.414773 
53 198 110 267 1.000000 110 267 270 375 2.156892 270 375 53 198 3.128900 
53 198 110 267 1.000000 110 267 291 387 2.426472 291 387 53 198 3.395764 
146 307 137 297 1.000000 137 297 53 198 9.650523 53 198 146 307 10.650137 
228 352 137 297 1.000000 137 297 53 198 1.221056 53 198 228 352 2.192347 
53 198 137 297 1.000000 137 297 314 357 1.439471 314 357 53 198 2.353900 
53 198 137 297 1.000000 137 297 270 375 1.187550 270 375 53 198 2.156839 
53 198 137 297 1.000000 137 297 291 387 1.373829 291 387 53 198 2.340796 
228 352 146 307 1.000000 146 307 53 198 1.531847 53 198 228 352 2.492210 
53 198 146 307 1.000000 146 307 314 357 1.223332 314 357 53 198 2.132964 
270 375 146 307 1.000000 146 307 53 198 1.013163 53 198 270 375 1.980126 
53 198 146 307 1.000000 146 307 291 387 1.155790 291 387 53 198 2.121091 
314 357 228 352 1.000000 228 352 53 198 2.706030 53 198 314 357 3.547700 
270 375 228 352 1.000000 228 352 53 198 4.868126 53 198 270 375 5.847980 
291 387 228 352 1.000000 228 352 53 198 3.234542 53 198 291 387 4.216992 
314 357 270 375 1.000000 270 375 53 198 5.890520 53 198 314 357 6.428710 
314 357 291 387 1.000000 291 387 53 198 8.039659 53 198 314 357 8.084664 
291 387 270 375 1.000000 270 375 53 198 11.577904 53 198 291 387 12.565385 
232 212 161 206 1.000000 161 206 84 206 1.080655 84 206 232 212 2.078810 
84 206 161 206 1.000000 161 206 386 239 2.953339 386 239 84 206 3.945424 
100 256 84 206 1.000000 84 206 161 206 1.466733 161 206 100 256 1.502417 
110 267 84 206 1.000000 84 206 161 206 1.161215 161 206 110 267 1.199082 
84 206 161 206 1.000000 161 206 137 297 1.222229 137 297 84 206 1.367650 
84 206 161 206 1.000000 161 206 146 307 1.326075 146 307 84 206 1.539112 
84 206 161 206 1.000000 161 206 228 352 2.086225 228 352 84 206 2.663193 
84 206 161 206 1.000000 161 206 314 357 2.791755 314 357 84 206 3.573223 
84 206 161 206 1.000000 161 206 270 375 2.611714 270 375 84 206 3.263774 
84 206 161 206 1.000000 161 206 291 387 2.894123 291 387 84 206 3.571074 
84 206 232 212 1.000000 232 212 386 239 1.055545 386 239 84 206 2.051002 
84 206 100 256 1.000000 100 256 232 212 2.650410 232 212 84 206 2.821491 
84 206 110 267 1.000000 110 267 232 212 2.018169 232 212 84 206 2.233778 
84 206 137 297 1.000000 137 297 232 212 1.210489 232 212 84 206 1.406541 
84 206 146 307 1.000000 146 307 232 212 1.081282 232 212 84 206 1.249849 
228 352 232 212 1.000000 232 212 84 206 1.057580 84 206 228 352 1.464159 
84 206 232 212 1.000000 232 212 314 357 1.124619 314 357 84 206 1.857516 
84 206 232 212 1.000000 232 212 270 375 1.129956 270 375 84 206 1.696651 
84 206 232 212 1.000000 232 212 291 387 1.246801 291 387 84 206 1.856399 
84 206 100 256 1.000000 100 256 386 239 5.457482 386 239 84 206 5.786884 
84 206 110 267 1.000000 110 267 386 239 4.183640 386 239 84 206 4.581484 
84 206 137 297 1.000000 137 297 386 239 2.427766 386 239 84 206 2.884819 
84 206 146 307 1.000000 146 307 386 239 2.104835 386 239 84 206 2.563442 
386 239 228 352 1.000000 228 352 84 206 1.055681 84 206 386 239 1.563953 
386 239 314 357 1.000000 314 357 84 206 1.990413 84 206 386 239 2.197742 
386 239 270 375 1.000000 270 375 84 206 1.405924 84 206 386 239 1.699556 
386 239 291 387 1.000000 291 387 84 206 1.563532 84 206 386 239 1.727434 
110 267 100 256 1.000000 100 256 84 206 3.531372 84 206 110 267 4.460485 
84 206 100 256 1.000000 100 256 137 297 1.051987 137 297 84 206 2.005978 
84 206 100 256 1.000000 100 256 146 307 1.308258 146 307 84 206 2.257466 
84 206 100 256 1.000000 100 256 228 352 3.047757 228 352 84 206 3.906193 
84 206 100 256 1.000000 100 256 314 357 4.507573 314 357 84 206 5.240964 
84 206 100 256 1.000000 100 256 270 375 3.952778 270 375 84 206 4.787085 
84 206 100 256 1.000000 100 256 291 387 4.411770 291 387 84 206 5.237813 
137 297 110 267 1.000000 110 267 84 206 1.642925 84 206 137 297 2.609187 
146 307 110 267 1.000000 110 267 84 206 1.232194 84 206 146 307 2.202225 
84 206 110 267 1.000000 110 267 228 352 2.193142 228 352 84 206 3.092538 
84 206 110 267 1.000000 110 267 314 357 3.362559 314 357 84 206 4.149278 
84 206 110 267 1.000000 110 267 270 375 2.911163 270 375 84 206 3.789942 
84 206 110 267 1.000000 110 267 291 387 3.275015 291 387 84 206 4.146784 
146 307 137 297 1.000000 137 297 84 206 7.827561 84 206 146 307 8.808898 
84 206 137 297 1.000000 137 297 228 352 1.009692 228 352 84 206 1.947276 
84 206 137 297 1.000000 137 297 314 357 1.774710 314 357 84 206 2.612673 
84 206 137 297 1.000000 137 297 270 375 1.464118 270 375 84 206 2.386410 
84 206 137 297 1.000000 137 297 291 387 1.693780 291 387 84 206 2.611102 
228 352 146 307 1.000000 146 307 84 206 1.267015 84 206 228 352 2.192371 
84 206 146 307 1.000000 146 307 314 357 1.479033 314 357 84 206 2.321614 
84 206 146 307 1.000000 146 307 270 375 1.193312 270 375 84 206 2.120557 
84 206 146 307 1.000000 146 307 291 387 1.397373 291 387 84 206 2.320218 
314 357 228 352 1.000000 228 352 84 206 2.380467 84 206 314 357 3.193887 
270 375 228 352 1.000000 228 352 84 206 4.282440 84 206 270 375 5.248180 
291 387 228 352 1.000000 228 352 84 206 2.845394 84 206 291 387 3.815387 
314 357 270 375 1.000000 270 375 84 206 5.286357 84 206 314 357 5.787574 
314 357 291 387 1.000000 291 387 84 206 7.274003 84 206 314 357 7.278379 
291 387 270 375 1.000000 270 375 84 206 10.390413 84 206 291 387 11.368723 
161 206 232 212 1.000000 232 212 386 239 2.194277 386 239 161 206 3.191541 
232 212 161 206 1.000000 161 206 100 256 1.106946 100 256 232 212 1.952761 
232 212 161 206 1.000000 161 206 110 267 1.115896 110 267 232 212 1.878158 
232 212 161 206 1.000000 161 206 137 297 1.320808 137 297 232 212 1.789053 
232 212 161 206 1.000000 161 206 146 307 1.433030 146 307 232 212 1.798441 
161 206 232 212 1.000000 232 212 228 352 1.965629 228 352 161 206 2.254490 
161 206 232 212 1.000000 232 212 314 357 2.337869 314 357 161 206 3.016924 
161 206 232 212 1.000000 232 212 270 375 2.348963 270 375 161 206 2.822362 
161 206 232 212 1.000000 232 212 291 387 2.591862 291 387 161 206 3.127549 
100 256 161 206 1.000000 161 206 386 239 2.883195 386 239 100 256 3.632468 
110 267 161 206 1.000000 161 206 386 239 2.860071 386 239 110 267 3.489035 
137 297 161 206 1.000000 161 206 386 239 2.416355 386 239 137 297 2.716623 
146 307 161 206 1.000000 161 206 386 239 2.227128 386 239 146 307 2.442981 
161 206 228 352 1.000000 228 352 386 239 1.209230 386 239 161 206 1.415638 
386 239 314 357 1.000000 314 357 161 206 1.555107 161 206 386 239 1.645116 
386 239 270 375 1.000000 270 375 161 206 1.125038 161 206 386 239 1.272199 
386 239 291 387 1.000000 291 387 161 206 1.267141 161 206 386 239 1.293067 
110 267 100 256 1.000000 100 256 161 206 5.305593 161 206 110 267 5.348489 
137 297 100 256 1.000000 100 256 161 206 1.428171 161 206 137 297 1.704093 
146 307 100 256 1.000000 100 256 161 206 1.148411 161 206 146 307 1.486709 
161 206 100 256 1.000000 100 256 228 352 2.028569 228 352 161 206 2.036675 
100 256 161 206 1.000000 161 206 314 357 2.725448 314 357 100 256 3.000214 
100 256 161 206 1.000000 161 206 270 375 2.549683 270 375 100 256 2.630946 
100 256 161 206 1.000000 161 206 291 387 2.825385 291 387 100 256 2.936448 
137 297 110 267 1.000000 110 267 161 206 1.970002 161 206 137 297 2.331754 
146 307 110 267 1.000000 110 267 161 206 1.477502 161 206 146 307 1.897403 
161 206 110 267 1.000000 110 267 228 352 1.829017 228 352 161 206 2.020341 
110 267 161 206 1.000000 161 206 314 357 2.703589 314 357 110 267 2.804277 
161 206 110 267 1.000000 110 267 270 375 2.427826 270 375 161 206 2.529234 
161 206 110 267 1.000000 110 267 291 387 2.731268 291 387 161 206 2.802725 
146 307 137 297 1.000000 137 297 161 206 6.995263 161 206 146 307 7.589612 
161 206 137 297 1.000000 137 297 228 352 1.129825 228 352 161 206 1.706902 
161 206 137 297 1.000000 137 297 314 357 1.985865 314 357 161 206 2.284150 
161 206 137 297 1.000000 137 297 270 375 1.638320 270 375 161 206 2.136845 
161 206 137 297 1.000000 137 297 291 387 1.895307 291 387 161 206 2.367906 
228 352 146 307 1.000000 146 307 161 206 1.091641 161 206 228 352 1.717405 
161 206 146 307 1.000000 146 307 314 357 1.716643 314 357 161 206 2.105276 
161 206 146 307 1.000000 146 307 270 375 1.385020 270 375 161 206 1.969507 
161 206 146 307 1.000000 146 307 291 387 1.621864 291 387 161 206 2.182473 
314 357 228 352 1.000000 228 352 161 206 1.864750 161 206 314 357 2.495380 
270 375 228 352 1.000000 228 352 161 206 3.354671 161 206 270 375 4.199661 
291 387 228 352 1.000000 228 352 161 206 2.228953 161 206 291 387 3.092123 
314 357 270 375 1.000000 270 375 161 206 4.230212 161 206 314 357 4.521825 
291 387 314 357 1.000000 314 357 161 206 5.686589 161 206 291 387 5.895106 
291 387 270 375 1.000000 270 375 161 206 8.314543 161 206 291 387 9.213609 
100 256 232 212 1.000000 232 212 386 239 1.123679 386 239 100 256 2.059108 
110 267 232 212 1.000000 232 212 386 239 1.168313 386 239 110 267 2.072988 
137 297 232 212 1.000000 232 212 386 239 1.226502 386 239 137 297 2.005608 
146 307 232 212 1.000000 232 212 386 239 1.220099 386 239 146 307 1.946611 
228 352 232 212 1.000000 232 212 386 239 1.116323 386 239 228 352 1.386933 
314 357 386 239 1.000000 386 239 232 212 1.131065 232 212 314 357 1.205080 
386 239 232 212 1.000000 232 212 270 375 1.070495 270 375 386 239 1.143284 
232 212 386 239 1.000000 386 239 291 387 1.124833 291 387 232 212 1.181192 
100 256 110 267 1.000000 110 267 232 212 9.002011 232 212 100 256 9.359584 
100 256 137 297 1.000000 137 297 232 212 2.308218 232 212 100 256 2.519433 
100 256 146 307 1.000000 146 307 232 212 1.865808 232 212 100 256 2.025908 
100 256 232 212 1.000000 232 212 228 352 1.006590 228 352 100 256 1.149919 
100 256 232 212 1.000000 232 212 314 357 1.197212 314 357 100 256 1.700708 
100 256 232 212 1.000000 232 212 270 375 1.202893 270 375 100 256 1.491384 
100 256 232 212 1.000000 232 212 291 387 1.327281 291 387 100 256 1.664561 
110 267 137 297 1.000000 137 297 232 212 3.158393 232 212 110 267 3.315699 
110 267 146 307 1.000000 146 307 232 212 2.381225 232 212 110 267 2.486774 
110 267 232 212 1.000000 232 212 228 352 1.046573 228 352 110 267 1.086699 
110 267 232 212 1.000000 232 212 314 357 1.244767 314 357 110 267 1.666144 
110 267 232 212 1.000000 232 212 270 375 1.250674 270 375 110 267 1.442478 
110 267 232 212 1.000000 232 212 291 387 1.380002 291 387 110 267 1.622766 
146 307 137 297 1.000000 137 297 232 212 9.475178 232 212 146 307 9.524902 
228 352 137 297 1.000000 137 297 232 212 1.198870 232 212 228 352 1.317197 
137 297 232 212 1.000000 232 212 314 357 1.306763 314 357 137 297 1.466109 
232 212 137 297 1.000000 137 297 270 375 1.209526 270 375 232 212 1.312965 
232 212 137 297 1.000000 137 297 291 387 1.399253 291 387 232 212 1.448734 
228 352 146 307 1.000000 146 307 232 212 1.370000 232 212 228 352 1.497359 
146 307 232 212 1.000000 232 212 314 357 1.299942 314 357 146 307 1.367852 
232 212 146 307 1.000000 146 307 270 375 1.103609 270 375 232 212 1.306111 
232 212 146 307 1.000000 146 307 291 387 1.292330 291 387 232 212 1.441171 
314 357 228 352 1.000000 228 352 232 212 1.625826 232 212 314 357 1.933715 
270 375 228 352 1.000000 228 352 232 212 2.924847 232 212 270 375 3.495246 
291 387 228 352 1.000000 228 352 232 212 1.943364 232 212 291 387 2.562503 
270 375 314 357 1.000000 314 357 232 212 3.504043 232 212 270 375 3.520672 
291 387 314 357 1.000000 314 357 232 212 4.406640 232 212 291 387 4.885390 
291 387 270 375 1.000000 270 375 232 212 6.919933 232 212 291 387 7.635500 
100 256 110 267 1.000000 110 267 386 239 18.661064 386 239 100 256 19.272398 
100 256 137 297 1.000000 137 297 386 239 4.629379 386 239 100 256 5.187785 
100 256 146 307 1.000000 146 307 386 239 3.632002 386 239 100 256 4.171565 
100 256 228 352 1.000000 228 352 386 239 1.214061 386 239 100 256 1.790655 
386 239 314 357 1.000000 314 357 100 256 1.711886 100 256 386 239 2.072642 
386 239 270 375 1.000000 270 375 100 256 1.160895 100 256 386 239 1.602813 
386 239 291 387 1.000000 291 387 100 256 1.316951 100 256 386 239 1.629105 
110 267 137 297 1.000000 137 297 386 239 6.334496 386 239 110 267 6.873406 
110 267 146 307 1.000000 146 307 386 239 4.635320 386 239 110 267 5.155054 
110 267 228 352 1.000000 228 352 386 239 1.335721 386 239 110 267 1.907601 
386 239 314 357 1.000000 314 357 110 267 1.613023 110 267 386 239 2.006896 
386 239 270 375 1.000000 270 375 110 267 1.079930 110 267 386 239 1.551971 
386 239 291 387 1.000000 291 387 110 267 1.234834 110 267 386 239 1.577428 
137 297 146 307 1.000000 146 307 386 239 18.541278 386 239 137 297 19.003489 
137 297 228 352 1.000000 228 352 386 239 1.826864 386 239 137 297 2.404463 
386 239 314 357 1.000000 314 357 137 297 1.352027 137 297 386 239 1.849545 
137 297 270 375 1.000000 270 375 386 239 1.159330 386 239 137 297 1.658176 
386 239 291 387 1.000000 291 387 137 297 1.014238 137 297 386 239 1.453750 
146 307 228 352 1.000000 228 352 386 239 2.076737 386 239 146 307 2.666857 
386 239 314 357 1.000000 314 357 146 307 1.268035 146 307 386 239 1.804560 
146 307 270 375 1.000000 270 375 386 239 1.263962 386 239 146 307 1.763859 
146 307 291 387 1.000000 291 387 386 239 1.061964 386 239 146 307 1.506280 
228 352 314 357 1.000000 314 357 386 239 1.604636 386 239 228 352 2.254911 
228 352 270 375 1.000000 270 375 386 239 3.732906 386 239 228 352 4.056567 
228 352 291 387 1.000000 291 387 386 239 2.440237 386 239 228 352 2.695316 
270 375 314 357 1.000000 314 357 386 239 2.907725 386 239 270 375 3.760060 
291 387 314 357 1.000000 314 357 386 239 3.656718 386 239 291 387 4.652290 
270 375 291 387 1.000000 291 387 386 239 7.271182 386 239 270 375 7.390454 
100 256 110 267 1.000000 110 267 137 297 2.714966 137 297 100 256 3.714957 
100 256 110 267 1.000000 110 267 146 307 3.619955 146 307 100 256 4.619945 
100 256 110 267 1.000000 110 267 228 352 9.782476 228 352 100 256 10.762765 
100 256 110 267 1.000000 110 267 314 357 14.998642 314 357 100 256 15.917917 
100 256 110 267 1.000000 110 267 270 375 12.985199 270 375 100 256 13.958730 
100 256 110 267 1.000000 110 267 291 387 14.608155 291 387 100 256 15.579601 
146 307 137 297 1.000000 137 297 100 256 4.104976 100 256 146 307 5.104975 
100 256 137 297 1.000000 137 297 228 352 1.925327 228 352 100 256 2.897144 
100 256 137 297 1.000000 137 297 314 357 3.384100 314 357 100 256 4.284819 
100 256 137 297 1.000000 137 297 270 375 2.791850 270 375 100 256 3.757441 
100 256 137 297 1.000000 137 297 291 387 3.229779 291 387 100 256 4.193750 
100 256 146 307 1.000000 146 307 228 352 1.361903 228 352 100 256 2.329631 
100 256 146 307 1.000000 146 307 314 357 2.552148 314 357 100 256 3.445478 
100 256 146 307 1.000000 146 307 270 375 2.059122 270 375 100 256 3.021406 
100 256 146 307 1.000000 146 307 291 387 2.411240 291 387 100 256 3.372248 
314 357 228 352 1.000000 228 352 100 256 1.857329 100 256 314 357 2.746953 
270 375 228 352 1.000000 228 352 100 256 3.341319 100 256 270 375 4.333512 
291 387 228 352 1.000000 228 352 100 256 2.220082 100 256 291 387 3.213672 
314 357 270 375 1.000000 270 375 100 256 4.365036 100 256 314 357 4.977694 
314 357 291 387 1.000000 291 387 100 256 6.126838 100 256 314 357 6.259884 
291 387 270 375 1.000000 270 375 100 256 8.579542 100 256 291 387 9.575789 
146 307 137 297 1.000000 137 297 110 267 3.000000 110 267 146 307 4.000000 
110 267 137 297 1.000000 137 297 228 352 2.634474 228 352 110 267 3.603167 
110 267 137 297 1.000000 137 297 314 357 4.630550 314 357 110 267 5.524431 
110 267 137 297 1.000000 137 297 270 375 3.820159 270 375 110 267 4.782822 
110 267 137 297 1.000000 137 297 291 387 4.419389 291 387 110 267 5.380603 
110 267 146 307 1.000000 146 307 228 352 1.738121 228 352 110 267 2.702375 
110 267 146 307 1.000000 146 307 314 357 3.257164 314 357 110 267 4.143323 
110 267 146 307 1.000000 146 307 270 375 2.627942 270 375 110 267 3.587116 
110 267 146 307 1.000000 146 307 291 387 3.077330 291 387 110 267 4.035452 
314 357 228 352 1.000000 228 352 110 267 1.688160 110 267 314 357 2.588313 
270 375 228 352 1.000000 228 352 110 267 3.036987 110 267 270 375 4.031278 
291 387 228 352 1.000000 228 352 110 267 2.017874 110 267 291 387 3.013287 
314 357 270 375 1.000000 270 375 110 267 4.060603 110 267 314 357 4.690227 
314 357 291 387 1.000000 291 387 110 267 5.744806 110 267 314 357 5.898370 
291 387 270 375 1.000000 270 375 110 267 7.981174 110 267 291 387 8.978702 
137 297 146 307 1.000000 146 307 228 352 6.952483 228 352 137 297 7.903423 
137 297 146 307 1.000000 146 307 314 357 13.028655 314 357 137 297 13.891649 
137 297 146 307 1.000000 146 307 270 375 10.511767 270 375 137 297 11.460477 
137 297 146 307 1.000000 146 307 291 387 12.309319 291 387 137 297 13.258168 
314 357 228 352 1.000000 228 352 137 297 1.234307 137 297 314 357 2.169511 
270 375 228 352 1.000000 228 352 137 297 2.220509 137 297 270 375 3.219882 
291 387 228 352 1.000000 228 352 137 297 1.475379 137 297 291 387 2.474981 
314 357 270 375 1.000000 270 375 137 297 3.243305 137 297 314 357 3.931324 
314 357 291 387 1.000000 291 387 137 297 4.718530 137 297 314 357 4.943983 
291 387 270 375 1.000000 270 375 137 297 6.374763 137 297 291 387 7.374708 
314 357 228 352 1.000000 228 352 146 307 1.085795 146 307 314 357 2.034734 
270 375 228 352 1.000000 228 352 146 307 1.953337 146 307 270 375 2.953337 
291 387 228 352 1.000000 228 352 146 307 1.297861 146 307 291 387 2.297854 
314 357 270 375 1.000000 270 375 146 307 2.974821 146 307 314 357 3.687098 
314 357 291 387 1.000000 291 387 146 307 4.380838 146 307 314 357 4.636847 
291 387 270 375 1.000000 270 375 146 307 5.847053 146 307 291 387 6.846922 
314 357 270 375 1.000000 270 375 228 352 1.007274 228 352 314 357 1.812078 
314 357 291 387 1.000000 291 387 228 352 1.906491 228 352 314 357 2.278847 
291 387 270 375 1.000000 270 375 228 352 1.979813 228 352 291 387 2.979703 
270 375 291 387 1.000000 291 387 314 357 1.562925 314 357 270 375 1.965515 