Carina
9 8 84
0 440 107 
1 645 159 
2 383 203 
3 278 211 
4 184 277 
5 162 294 
6 167 338 
7 318 363 
8 245 392
0 2
1 7
2 3
3 4
4 5
5 6
6 8
7 8 
383 203 440 107 1.000000 440 107 645 159 1.894299 645 159 383 203 2.379549 
278 211 440 107 1.000000 440 107 645 159 1.098606 645 159 278 211 1.925438 
645 159 440 107 1.000000 440 107 184 277 1.453029 184 277 645 159 2.250022 
645 159 440 107 1.000000 440 107 162 294 1.584179 162 294 645 159 2.371300 
645 159 440 107 1.000000 440 107 167 338 1.690922 167 338 645 159 2.413404 
645 159 440 107 1.000000 440 107 318 363 1.340872 318 363 645 159 1.822361 
645 159 440 107 1.000000 440 107 245 392 1.632806 245 392 645 159 2.188796 
278 211 383 203 1.000000 383 203 440 107 1.060230 440 107 278 211 1.828128 
440 107 383 203 1.000000 383 203 184 277 1.901653 184 277 440 107 2.752470 
440 107 383 203 1.000000 383 203 162 294 2.140699 162 294 440 107 3.000909 
440 107 383 203 1.000000 383 203 167 338 2.281459 167 338 440 107 3.203112 
440 107 383 203 1.000000 383 203 318 363 1.546835 318 363 440 107 2.540013 
440 107 383 203 1.000000 383 203 245 392 2.096068 245 392 440 107 3.093022 
184 277 278 211 1.000000 278 211 440 107 1.676090 440 107 184 277 2.675552 
162 294 278 211 1.000000 278 211 440 107 1.349658 440 107 162 294 2.348930 
167 338 278 211 1.000000 278 211 440 107 1.141331 440 107 167 338 2.120202 
318 363 278 211 1.000000 278 211 440 107 1.224811 440 107 318 363 1.804257 
245 392 278 211 1.000000 278 211 440 107 1.046341 440 107 245 392 1.876938 
162 294 184 277 1.000000 184 277 440 107 11.052971 440 107 162 294 12.050616 
167 338 184 277 1.000000 184 277 440 107 4.852847 440 107 167 338 5.647368 
184 277 318 363 1.000000 318 363 440 107 1.781049 440 107 184 277 1.930024 
245 392 184 277 1.000000 184 277 440 107 2.360670 440 107 245 392 2.652746 
167 338 162 294 1.000000 162 294 440 107 7.565893 440 107 167 338 8.075687 
162 294 318 363 1.000000 318 363 440 107 1.662486 440 107 162 294 1.964151 
245 392 162 294 1.000000 162 294 440 107 2.608850 440 107 245 392 2.688929 
167 338 318 363 1.000000 318 363 440 107 1.852819 440 107 167 338 2.336519 
167 338 245 392 1.000000 245 392 440 107 3.640055 440 107 167 338 3.769615 
245 392 318 363 1.000000 318 363 440 107 3.610268 440 107 245 392 4.396293 
278 211 383 203 1.000000 383 203 645 159 2.522869 645 159 278 211 3.519947 
184 277 383 203 1.000000 383 203 645 159 1.251305 645 159 184 277 2.241320 
162 294 383 203 1.000000 383 203 645 159 1.111576 645 159 162 294 2.098357 
167 338 383 203 1.000000 383 203 645 159 1.042995 645 159 167 338 2.003853 
318 363 383 203 1.000000 383 203 645 159 1.538334 645 159 318 363 2.231715 
245 392 383 203 1.000000 383 203 645 159 1.135244 645 159 245 392 1.978101 
184 277 278 211 1.000000 278 211 645 159 3.227208 645 159 184 277 4.143106 
162 294 278 211 1.000000 278 211 645 159 2.598684 645 159 162 294 3.516027 
167 338 278 211 1.000000 278 211 645 159 2.197562 645 159 167 338 3.026102 
318 363 278 211 1.000000 278 211 645 159 2.358298 645 159 318 363 2.452141 
245 392 278 211 1.000000 278 211 645 159 2.014666 645 159 245 392 2.516058 
162 294 184 277 1.000000 184 277 645 159 17.115580 645 159 162 294 18.038123 
167 338 184 277 1.000000 184 277 645 159 7.514657 645 159 167 338 8.060324 
184 277 318 363 1.000000 318 363 645 159 2.420599 645 159 184 277 2.988651 
184 277 245 392 1.000000 245 392 645 159 3.556038 645 159 184 277 3.655508 
167 338 162 294 1.000000 162 294 645 159 11.325106 645 159 167 338 11.526193 
162 294 318 363 1.000000 318 363 645 159 2.259461 645 159 162 294 2.940065 
162 294 245 392 1.000000 245 392 645 159 3.604542 645 159 162 294 3.905092 
167 338 318 363 1.000000 318 363 645 159 2.518140 645 159 167 338 3.334845 
167 338 245 392 1.000000 245 392 645 159 4.879538 645 159 167 338 5.380262 
245 392 318 363 1.000000 318 363 645 159 4.906665 645 159 245 392 5.893284 
383 203 278 211 1.000000 278 211 184 277 1.090710 184 277 383 203 2.016189 
383 203 278 211 1.000000 278 211 162 294 1.354511 162 294 383 203 2.269632 
383 203 278 211 1.000000 278 211 167 338 1.601751 167 338 383 203 2.418870 
383 203 278 211 1.000000 278 211 318 363 1.492579 318 363 383 203 1.640001 
383 203 278 211 1.000000 278 211 245 392 1.747162 245 392 383 203 2.222314 
162 294 184 277 1.000000 184 277 383 203 7.636384 383 203 162 294 8.596308 
167 338 184 277 1.000000 184 277 383 203 3.352782 383 203 167 338 4.022412 
184 277 318 363 1.000000 318 363 383 203 1.084636 383 203 184 277 1.333434 
245 392 184 277 1.000000 184 277 383 203 1.630962 383 203 245 392 1.797703 
167 338 162 294 1.000000 162 294 383 203 5.397130 383 203 167 338 5.752014 
162 294 318 363 1.000000 318 363 383 203 1.012433 383 203 162 294 1.401127 
162 294 245 392 1.000000 245 392 383 203 1.822224 383 203 162 294 1.861024 
167 338 318 363 1.000000 318 363 383 203 1.128343 383 203 167 338 1.664216 
167 338 245 392 1.000000 245 392 383 203 2.466779 383 203 167 338 2.684958 
245 392 318 363 1.000000 318 363 383 203 2.198607 383 203 245 392 2.979264 
162 294 184 277 1.000000 184 277 278 211 4.131099 278 211 162 294 5.130257 
167 338 184 277 1.000000 184 277 278 211 1.813774 278 211 167 338 2.663600 
184 277 278 211 1.000000 278 211 318 363 1.368448 318 363 184 277 1.386279 
278 211 184 277 1.000000 184 277 245 392 1.133387 245 392 278 211 1.601858 
167 338 162 294 1.000000 162 294 278 211 3.220995 278 211 167 338 3.808924 
162 294 278 211 1.000000 278 211 318 363 1.101932 318 363 162 294 1.195901 
245 392 162 294 1.000000 162 294 278 211 1.110655 278 211 245 392 1.432615 
167 338 318 363 1.000000 318 363 278 211 1.026915 278 211 167 338 1.102027 
245 392 167 338 1.000000 167 338 278 211 1.777951 278 211 245 392 1.939358 
245 392 318 363 1.000000 318 363 278 211 2.000972 278 211 245 392 2.342269 
184 277 162 294 1.000000 162 294 167 338 1.592755 167 338 184 277 2.277626 
162 294 184 277 1.000000 184 277 318 363 5.726857 318 363 162 294 6.135280 
184 277 162 294 1.000000 162 294 245 392 4.619129 245 392 184 277 4.682134 
184 277 167 338 1.000000 167 338 318 363 2.417001 318 363 184 277 2.514397 
184 277 167 338 1.000000 167 338 245 392 1.498129 245 392 184 277 2.055708 
318 363 245 392 1.000000 245 392 184 277 1.657261 184 277 318 363 2.027046 
162 294 167 338 1.000000 167 338 318 363 3.456291 318 363 162 294 3.851991 
162 294 167 338 1.000000 167 338 245 392 2.142311 245 392 162 294 2.900087 
318 363 245 392 1.000000 245 392 162 294 1.634960 162 294 318 363 2.171608 
318 363 245 392 1.000000 245 392 167 338 1.207755 167 338 318 363 1.948527 