10 120
0 726 100 
1 707 101 
2 722 103 
3 744 108 
4 729 125 
5 626 207 
6 539 228 
7 574 252 
8 462 255 
9 507 262 
726 100 722 103 1.000000 722 103 707 101 3.026549 707 101 726 100 3.805260 
707 101 726 100 1.000000 726 100 744 108 1.035289 744 108 707 101 1.979173 
707 101 726 100 1.000000 726 100 729 125 1.323398 729 125 707 101 1.711192 
726 100 707 101 1.000000 707 101 626 207 7.011632 626 207 726 100 7.697492 
726 100 707 101 1.000000 707 101 539 228 11.068970 539 228 726 100 11.910462 
726 100 707 101 1.000000 707 101 574 252 10.575955 574 252 726 100 11.298071 
726 100 707 101 1.000000 707 101 462 255 15.209495 462 255 726 100 16.090301 
726 100 707 101 1.000000 707 101 507 262 13.494525 507 262 726 100 14.317339 
722 103 726 100 1.000000 726 100 744 108 3.939543 744 108 722 103 4.512206 
726 100 722 103 1.000000 722 103 729 125 4.617359 729 125 726 100 5.035871 
726 100 722 103 1.000000 722 103 626 207 28.306890 626 207 726 100 29.290954 
726 100 722 103 1.000000 722 103 539 228 44.323357 539 228 726 100 45.322401 
726 100 722 103 1.000000 722 103 574 252 42.002381 574 252 726 100 42.992092 
726 100 722 103 1.000000 722 103 462 255 60.234210 462 255 726 100 61.227771 
726 100 722 103 1.000000 722 103 507 262 53.481212 507 262 726 100 54.481189 
726 100 744 108 1.000000 744 108 729 125 1.150974 729 125 726 100 1.278288 
744 108 726 100 1.000000 726 100 626 207 7.435115 626 207 744 108 7.819649 
744 108 726 100 1.000000 726 100 539 228 11.504481 539 228 744 108 12.059240 
744 108 726 100 1.000000 726 100 574 252 10.912964 574 252 744 108 11.310519 
744 108 726 100 1.000000 726 100 462 255 15.541846 462 255 744 108 16.144722 
744 108 726 100 1.000000 726 100 507 262 13.829317 507 262 744 108 14.348839 
726 100 729 125 1.000000 729 125 626 207 5.228682 626 207 726 100 5.816462 
726 100 729 125 1.000000 729 125 539 228 8.583327 539 228 726 100 8.999912 
726 100 729 125 1.000000 729 125 574 252 7.958290 574 252 726 100 8.537171 
726 100 729 125 1.000000 729 125 462 255 11.794040 462 255 726 100 12.158327 
726 100 729 125 1.000000 729 125 507 262 10.360459 507 262 726 100 10.818622 
539 228 626 207 1.000000 626 207 726 100 1.636392 726 100 539 228 2.532017 
574 252 626 207 1.000000 626 207 726 100 2.129702 726 100 574 252 3.125892 
726 100 626 207 1.000000 626 207 462 255 1.166777 462 255 726 100 2.090330 
507 262 626 207 1.000000 626 207 726 100 1.117162 726 100 507 262 2.077922 
539 228 574 252 1.000000 574 252 726 100 5.065260 726 100 539 228 5.339813 
462 255 539 228 1.000000 539 228 726 100 2.777225 726 100 462 255 3.751859 
507 262 539 228 1.000000 539 228 726 100 4.853496 726 100 507 262 5.834294 
462 255 574 252 1.000000 574 252 726 100 1.918602 726 100 462 255 2.732403 
507 262 574 252 1.000000 574 252 726 100 3.173215 726 100 507 262 4.021217 
462 255 507 262 1.000000 507 262 726 100 5.981529 726 100 462 255 6.722241 
707 101 722 103 1.000000 722 103 744 108 1.490875 744 108 707 101 2.488401 
707 101 722 103 1.000000 722 103 729 125 1.525618 729 125 707 101 2.151469 
722 103 707 101 1.000000 707 101 626 207 8.815677 626 207 722 103 9.352860 
722 103 707 101 1.000000 707 101 539 228 13.916940 539 228 722 103 14.644849 
722 103 707 101 1.000000 707 101 574 252 13.297076 574 252 722 103 13.877977 
722 103 707 101 1.000000 707 101 462 255 19.122793 462 255 722 103 19.901943 
722 103 707 101 1.000000 707 101 507 262 16.966574 507 262 722 103 17.670690 
744 108 729 125 1.000000 729 125 707 101 1.436056 707 101 744 108 1.660950 
744 108 707 101 1.000000 707 101 626 207 3.542707 626 207 744 108 4.090393 
744 108 707 101 1.000000 707 101 539 228 5.592724 539 228 744 108 6.308087 
744 108 707 101 1.000000 707 101 574 252 5.343623 574 252 744 108 5.916437 
744 108 707 101 1.000000 707 101 462 255 7.684771 462 255 744 108 8.445169 
744 108 707 101 1.000000 707 101 507 262 6.818263 507 262 744 108 7.505757 
707 101 729 125 1.000000 729 125 626 207 4.043747 626 207 707 101 4.097514 
729 125 707 101 1.000000 707 101 539 228 6.468574 539 228 729 125 6.638154 
707 101 729 125 1.000000 729 125 574 252 6.154765 574 252 707 101 6.180462 
729 125 707 101 1.000000 707 101 462 255 8.888247 462 255 729 125 9.121248 
729 125 707 101 1.000000 707 101 507 262 7.886040 507 262 729 125 8.012549 
539 228 626 207 1.000000 626 207 707 101 1.490586 707 101 539 228 2.353126 
574 252 626 207 1.000000 626 207 707 101 1.939942 707 101 574 252 2.926100 
707 101 626 207 1.000000 626 207 462 255 1.280908 462 255 707 101 2.169180 
507 262 626 207 1.000000 626 207 707 101 1.017621 707 101 507 262 1.958504 
539 228 574 252 1.000000 574 252 707 101 4.741514 707 101 539 228 4.962547 
462 255 539 228 1.000000 539 228 707 101 2.581010 707 101 462 255 3.546477 
507 262 539 228 1.000000 539 228 707 101 4.510589 707 101 507 262 5.498999 
462 255 574 252 1.000000 574 252 707 101 1.795974 707 101 462 255 2.582827 
507 262 574 252 1.000000 574 252 707 101 2.970399 707 101 507 262 3.790119 
462 255 507 262 1.000000 507 262 707 101 5.637772 707 101 462 255 6.354256 
722 103 744 108 1.000000 744 108 729 125 1.004900 729 125 722 103 1.023304 
744 108 722 103 1.000000 722 103 626 207 6.273404 626 207 744 108 6.827225 
744 108 722 103 1.000000 722 103 539 228 9.822991 539 228 744 108 10.528752 
744 108 722 103 1.000000 722 103 574 252 9.308614 574 252 744 108 9.875054 
744 108 722 103 1.000000 722 103 462 255 13.349172 462 255 744 108 14.095729 
744 108 722 103 1.000000 722 103 507 262 11.852565 507 262 744 108 12.527769 
722 103 729 125 1.000000 729 125 626 207 5.702605 626 207 722 103 6.130537 
722 103 729 125 1.000000 729 125 539 228 9.361311 539 228 722 103 9.599289 
722 103 729 125 1.000000 729 125 574 252 8.679622 574 252 722 103 9.096625 
722 103 729 125 1.000000 729 125 462 255 12.863040 462 255 722 103 13.045166 
722 103 729 125 1.000000 729 125 507 262 11.299521 507 262 722 103 11.582642 
539 228 626 207 1.000000 626 207 722 103 1.581415 722 103 539 228 2.476204 
574 252 626 207 1.000000 626 207 722 103 2.058152 722 103 574 252 3.053931 
722 103 626 207 1.000000 626 207 462 255 1.207339 462 255 722 103 2.127899 
507 262 626 207 1.000000 626 207 722 103 1.079630 722 103 507 262 2.039782 
539 228 574 252 1.000000 574 252 722 103 4.948654 722 103 539 228 5.222107 
462 255 539 228 1.000000 539 228 722 103 2.716006 722 103 462 255 3.690977 
507 262 539 228 1.000000 539 228 722 103 4.746510 722 103 507 262 5.727209 
462 255 574 252 1.000000 574 252 722 103 1.874434 722 103 462 255 2.688063 
507 262 574 252 1.000000 574 252 722 103 3.100166 722 103 507 262 3.947410 
462 255 507 262 1.000000 507 262 722 103 5.871741 722 103 462 255 6.613157 
744 108 729 125 1.000000 729 125 626 207 5.807047 626 207 744 108 6.793938 
744 108 729 125 1.000000 729 125 539 228 9.532761 539 228 744 108 10.477417 
744 108 729 125 1.000000 729 125 574 252 8.838587 574 252 744 108 9.826907 
744 108 729 125 1.000000 729 125 462 255 13.098623 462 255 744 108 14.027003 
744 108 729 125 1.000000 729 125 507 262 11.506469 507 262 744 108 12.466687 
539 228 626 207 1.000000 626 207 744 108 1.721024 744 108 539 228 2.654114 
574 252 626 207 1.000000 626 207 744 108 2.239848 744 108 574 252 3.239767 
744 108 626 207 1.000000 626 207 462 255 1.109400 462 255 744 108 2.064635 
507 262 626 207 1.000000 626 207 744 108 1.174940 744 108 507 262 2.155982 
539 228 574 252 1.000000 574 252 744 108 5.249785 744 108 539 228 5.597304 
462 255 539 228 1.000000 539 228 744 108 2.911145 744 108 462 255 3.897396 
507 262 539 228 1.000000 539 228 744 108 5.087536 744 108 507 262 6.053470 
462 255 574 252 1.000000 574 252 744 108 1.988496 744 108 462 255 2.838394 
507 262 574 252 1.000000 574 252 744 108 3.288814 744 108 507 262 4.172281 
462 255 507 262 1.000000 507 262 744 108 6.206235 744 108 462 255 6.983000 
539 228 626 207 1.000000 626 207 729 125 1.471027 729 125 539 228 2.414816 
574 252 626 207 1.000000 626 207 729 125 1.914486 729 125 574 252 2.913934 
729 125 626 207 1.000000 626 207 462 255 1.297940 462 255 729 125 2.255643 
507 262 626 207 1.000000 626 207 729 125 1.004268 729 125 507 262 1.989923 
539 228 574 252 1.000000 574 252 729 125 4.721800 729 125 539 228 5.092645 
462 255 539 228 1.000000 539 228 729 125 2.648673 729 125 462 255 3.639446 
507 262 539 228 1.000000 539 228 729 125 4.628839 729 125 507 262 5.587215 
462 255 574 252 1.000000 574 252 729 125 1.788507 729 125 462 255 2.650534 
507 262 574 252 1.000000 574 252 729 125 2.958049 729 125 507 262 3.850921 
462 255 507 262 1.000000 507 262 729 125 5.728214 729 125 462 255 6.520829 
539 228 574 252 1.000000 574 252 626 207 1.620421 626 207 539 228 2.108917 
462 255 539 228 1.000000 539 228 626 207 1.096843 626 207 462 255 2.094207 
507 262 539 228 1.000000 539 228 626 207 1.916849 626 207 507 262 2.807755 
626 207 574 252 1.000000 574 252 462 255 1.629255 462 255 626 207 2.484888 
507 262 574 252 1.000000 574 252 626 207 1.015139 626 207 507 262 1.935211 
462 255 507 262 1.000000 507 262 626 207 2.878611 626 207 462 255 3.752209 
574 252 539 228 1.000000 539 228 462 255 1.922716 462 255 574 252 2.640079 
574 252 539 228 1.000000 539 228 507 262 1.100199 507 262 574 252 1.596255 
462 255 507 262 1.000000 507 262 539 228 1.025236 539 228 462 255 1.791709 
462 255 507 262 1.000000 507 262 574 252 1.487492 574 252 462 255 2.460194 