Lupus
10 11 120
0 187 57 
1 317 104 
2 160 161 
3 320 196 
4 266 209 
5 409 250 
6 316 281 
7 248 284 
8 464 344 
9 355 437 
0 1
0 2
1 2
2 4
2 7
3 4
3 5
4 6
6 9
7 9
8 9
160 161 187 57 1.000000 187 57 317 104 1.286536 317 104 160 161 1.554496 
320 196 317 104 1.000000 317 104 187 57 1.501759 187 57 320 196 2.089974 
266 209 317 104 1.000000 317 104 187 57 1.184227 187 57 266 209 1.467516 
187 57 317 104 1.000000 317 104 409 250 1.248370 409 250 187 57 2.128001 
187 57 317 104 1.000000 317 104 316 281 1.280446 316 281 187 57 1.869926 
187 57 317 104 1.000000 317 104 248 284 1.394520 248 284 187 57 1.700385 
187 57 317 104 1.000000 317 104 464 344 2.035956 464 344 187 57 2.885449 
187 57 317 104 1.000000 317 104 355 437 2.424570 355 437 187 57 3.005603 
187 57 160 161 1.000000 160 161 320 196 1.524309 320 196 187 57 1.790452 
187 57 160 161 1.000000 160 161 266 209 1.082960 266 209 187 57 1.594300 
187 57 160 161 1.000000 160 161 409 250 2.460991 409 250 187 57 2.737751 
187 57 160 161 1.000000 160 161 316 281 1.831726 316 281 187 57 2.405728 
187 57 160 161 1.000000 160 161 248 284 1.407552 248 284 187 57 2.187606 
187 57 160 161 1.000000 160 161 464 344 3.302361 464 344 187 57 3.712234 
187 57 160 161 1.000000 160 161 355 437 3.145126 355 437 187 57 3.866817 
320 196 266 209 1.000000 266 209 187 57 3.084178 187 57 320 196 3.463634 
409 250 320 196 1.000000 320 196 187 57 1.848013 187 57 409 250 2.825767 
316 281 320 196 1.000000 320 196 187 57 2.260790 187 57 316 281 3.037695 
248 284 320 196 1.000000 320 196 187 57 1.691975 187 57 248 284 2.067286 
187 57 320 196 1.000000 320 196 464 344 1.073369 464 344 187 57 2.073351 
187 57 320 196 1.000000 320 196 355 437 1.265872 355 437 187 57 2.159688 
409 250 266 209 1.000000 266 209 187 57 1.151533 187 57 409 250 1.977426 
316 281 266 209 1.000000 266 209 187 57 1.954220 187 57 316 281 2.948830 
248 284 266 209 1.000000 266 209 187 57 2.220982 187 57 248 284 3.047503 
187 57 266 209 1.000000 266 209 464 344 1.398938 464 344 187 57 2.328441 
187 57 266 209 1.000000 266 209 355 437 1.428777 355 437 187 57 2.425401 
409 250 316 281 1.000000 316 281 187 57 2.636828 187 57 409 250 3.000746 
409 250 248 284 1.000000 248 284 187 57 1.428453 187 57 409 250 1.787683 
464 344 409 250 1.000000 409 250 187 57 2.701035 187 57 464 344 3.662450 
355 437 409 250 1.000000 409 250 187 57 1.511323 187 57 355 437 2.134602 
316 281 248 284 1.000000 248 284 187 57 3.453305 187 57 316 281 3.797627 
464 344 316 281 1.000000 316 281 187 57 1.607016 187 57 464 344 2.479756 
355 437 316 281 1.000000 316 281 187 57 1.607513 187 57 355 437 2.583816 
464 344 248 284 1.000000 248 284 187 57 1.048509 187 57 464 344 1.779256 
355 437 248 284 1.000000 248 284 187 57 1.258969 187 57 355 437 2.225355 
355 437 464 344 1.000000 464 344 187 57 2.783799 187 57 355 437 2.899720 
317 104 320 196 1.000000 320 196 160 161 1.779309 160 161 317 104 1.814546 
160 161 266 209 1.000000 266 209 317 104 1.003171 317 104 160 161 1.435414 
160 161 317 104 1.000000 317 104 409 250 1.033180 409 250 160 161 1.583144 
160 161 317 104 1.000000 317 104 316 281 1.059726 316 281 160 161 1.178341 
248 284 160 161 1.000000 160 161 317 104 1.104396 317 104 248 284 1.274624 
160 161 317 104 1.000000 317 104 464 344 1.685003 464 344 160 161 2.124393 
160 161 317 104 1.000000 317 104 355 437 2.006629 355 437 160 161 2.023245 
266 209 320 196 1.000000 320 196 317 104 1.657261 317 104 266 209 2.101632 
317 104 320 196 1.000000 320 196 409 250 1.130931 409 250 317 104 1.874752 
316 281 320 196 1.000000 320 196 317 104 1.081731 317 104 316 281 2.080084 
317 104 320 196 1.000000 320 196 248 284 1.235228 248 284 317 104 2.094233 
317 104 320 196 1.000000 320 196 464 344 2.243314 464 344 317 104 3.057515 
317 104 320 196 1.000000 320 196 355 437 2.645640 355 437 317 104 3.641121 
317 104 266 209 1.000000 266 209 409 250 1.274402 409 250 317 104 1.478353 
316 281 266 209 1.000000 266 209 317 104 1.331651 317 104 316 281 2.019233 
248 284 266 209 1.000000 266 209 317 104 1.513430 317 104 248 284 2.499319 
317 104 266 209 1.000000 266 209 464 344 2.052964 464 344 317 104 2.411033 
317 104 266 209 1.000000 266 209 355 437 2.096753 355 437 317 104 2.871240 
316 281 409 250 1.000000 409 250 317 104 1.760357 317 104 316 281 1.805587 
248 284 409 250 1.000000 409 250 317 104 1.048726 317 104 248 284 1.171503 
464 344 409 250 1.000000 409 250 317 104 1.584534 317 104 464 344 2.584203 
317 104 409 250 1.000000 409 250 355 437 1.127902 355 437 317 104 1.942188 
248 284 316 281 1.000000 316 281 317 104 2.600453 317 104 248 284 2.832126 
464 344 316 281 1.000000 316 281 317 104 1.100416 317 104 464 344 1.749701 
355 437 316 281 1.000000 316 281 317 104 1.100756 317 104 355 437 2.084321 
317 104 248 284 1.000000 248 284 464 344 1.162921 464 344 317 104 1.459969 
355 437 248 284 1.000000 248 284 317 104 1.032506 317 104 355 437 1.795157 
355 437 464 344 1.000000 464 344 317 104 1.964232 317 104 355 437 2.339156 
320 196 266 209 1.000000 266 209 160 161 2.094989 160 161 320 196 2.948779 
409 250 320 196 1.000000 320 196 160 161 1.573314 160 161 409 250 2.540109 
316 281 320 196 1.000000 320 196 160 161 1.924733 160 161 316 281 2.312907 
320 196 248 284 1.000000 248 284 160 161 1.330136 160 161 320 196 1.440470 
160 161 320 196 1.000000 320 196 464 344 1.260778 464 344 160 161 2.166465 
160 161 320 196 1.000000 320 196 355 437 1.486892 355 437 160 161 2.063313 
160 161 266 209 1.000000 266 209 409 250 1.278443 409 250 160 161 2.272467 
316 281 266 209 1.000000 266 209 160 161 1.327442 160 161 316 281 2.245245 
248 284 266 209 1.000000 266 209 160 161 1.508646 160 161 248 284 1.960828 
160 161 266 209 1.000000 266 209 464 344 2.059474 464 344 160 161 3.049384 
160 161 266 209 1.000000 266 209 355 437 2.103402 355 437 160 161 2.904194 
409 250 316 281 1.000000 316 281 160 161 2.007686 160 161 409 250 2.697399 
160 161 248 284 1.000000 248 284 409 250 1.088025 409 250 160 161 1.748418 
464 344 409 250 1.000000 409 250 160 161 2.427987 160 161 464 344 3.258073 
355 437 409 250 1.000000 409 250 160 161 1.358543 160 161 355 437 1.736206 
316 281 248 284 1.000000 248 284 160 161 2.221930 160 161 316 281 2.891520 
464 344 316 281 1.000000 316 281 160 161 1.223585 160 161 464 344 2.205962 
355 437 316 281 1.000000 316 281 160 161 1.223963 160 161 355 437 2.101580 
160 161 248 284 1.000000 248 284 464 344 1.482287 464 344 160 161 2.346172 
160 161 248 284 1.000000 248 284 355 437 1.234496 355 437 160 161 2.234464 
464 344 355 437 1.000000 355 437 160 161 2.358525 160 161 464 344 2.476435 
266 209 320 196 1.000000 320 196 409 250 1.874248 409 250 266 209 2.678324 
266 209 320 196 1.000000 320 196 316 281 1.532046 316 281 266 209 1.578215 
320 196 266 209 1.000000 266 209 248 284 1.388655 248 284 320 196 2.047095 
266 209 320 196 1.000000 320 196 464 344 3.717757 464 344 266 209 4.314575 
266 209 320 196 1.000000 320 196 355 437 4.384517 355 437 266 209 4.406603 
320 196 316 281 1.000000 316 281 409 250 1.152026 409 250 320 196 1.223363 
409 250 320 196 1.000000 320 196 248 284 1.092223 248 284 409 250 1.580686 
320 196 409 250 1.000000 409 250 464 344 1.046179 464 344 320 196 1.983600 
320 196 409 250 1.000000 409 250 355 437 1.869731 355 437 320 196 2.339348 
248 284 316 281 1.000000 316 281 320 196 1.250167 320 196 248 284 1.670454 
320 196 316 281 1.000000 316 281 464 344 1.890271 464 344 320 196 2.426662 
320 196 316 281 1.000000 316 281 355 437 1.889687 355 437 320 196 2.861871 
248 284 320 196 1.000000 320 196 464 344 1.816113 464 344 248 284 1.971643 
320 196 248 284 1.000000 248 284 355 437 1.642047 355 437 320 196 2.141823 
355 437 464 344 1.000000 464 344 320 196 1.441166 320 196 355 437 1.699632 
266 209 316 281 1.000000 316 281 409 250 1.118325 409 250 266 209 1.697059 
248 284 266 209 1.000000 266 209 409 250 1.928718 409 250 248 284 2.133429 
464 344 409 250 1.000000 409 250 266 209 1.365935 266 209 464 344 2.200417 
266 209 409 250 1.000000 409 250 355 437 1.308407 355 437 266 209 1.645284 
316 281 248 284 1.000000 248 284 266 209 1.133159 266 209 316 281 1.287842 
266 209 316 281 1.000000 316 281 464 344 1.834973 464 344 266 209 2.733833 
266 209 316 281 1.000000 316 281 355 437 1.834406 355 437 266 209 2.792144 
266 209 248 284 1.000000 248 284 464 344 2.906511 464 344 266 209 3.107017 
266 209 248 284 1.000000 248 284 355 437 2.420635 355 437 266 209 3.173288 
355 437 464 344 1.000000 464 344 266 209 1.672519 266 209 355 437 1.708193 
248 284 316 281 1.000000 316 281 409 250 1.440226 409 250 248 284 2.417515 
316 281 409 250 1.000000 409 250 464 344 1.110961 464 344 316 281 1.640823 
409 250 316 281 1.000000 316 281 355 437 1.640315 355 437 409 250 1.985509 
464 344 409 250 1.000000 409 250 248 284 1.510914 248 284 464 344 2.058417 
409 250 248 284 1.000000 248 284 355 437 1.134621 355 437 409 250 1.182860 
409 250 464 344 1.000000 464 344 355 437 1.315630 355 437 409 250 1.787199 
248 284 316 281 1.000000 316 281 464 344 2.363155 464 344 248 284 3.293539 
248 284 316 281 1.000000 316 281 355 437 2.362424 355 437 248 284 2.742964 
464 344 355 437 1.000000 355 437 316 281 1.122263 316 281 464 344 1.122610 
464 344 355 437 1.000000 355 437 248 284 1.303037 248 284 464 344 1.564586 