8 56
0 350 78 
1 189 117 
2 428 141 
3 609 255 
4 105 275 
5 267 354 
6 366 363 
7 471 369 
428 141 350 78 1.000000 350 78 189 117 1.652190 189 117 428 141 2.395680 
189 117 350 78 1.000000 350 78 609 255 1.893702 609 255 189 117 2.668722 
350 78 189 117 1.000000 189 117 105 275 1.080197 105 275 350 78 1.897778 
350 78 189 117 1.000000 189 117 267 354 1.506164 267 354 350 78 1.739807 
189 117 350 78 1.000000 350 78 366 363 1.723139 366 363 189 117 1.829447 
189 117 350 78 1.000000 350 78 471 369 1.902457 471 369 189 117 2.282983 
350 78 428 141 1.000000 428 141 609 255 2.133442 609 255 350 78 3.128757 
428 141 350 78 1.000000 350 78 105 275 3.135489 105 275 428 141 3.487697 
350 78 428 141 1.000000 428 141 267 354 2.662971 267 354 350 78 2.874493 
350 78 428 141 1.000000 428 141 366 363 2.298867 366 363 350 78 2.846953 
350 78 428 141 1.000000 428 141 471 369 2.314070 471 369 350 78 3.143221 
609 255 350 78 1.000000 350 78 105 275 1.002152 105 275 609 255 1.607876 
267 354 350 78 1.000000 350 78 609 255 1.088455 609 255 267 354 1.235352 
609 255 366 363 1.000000 366 363 350 78 1.073442 350 78 609 255 1.179696 
471 369 609 255 1.000000 609 255 350 78 1.752562 350 78 471 369 1.760664 
105 275 267 354 1.000000 267 354 350 78 1.599070 350 78 105 275 1.744262 
105 275 366 363 1.000000 366 363 350 78 1.036352 350 78 105 275 1.141386 
105 275 350 78 1.000000 350 78 471 369 1.002466 471 369 105 275 1.201984 
267 354 366 363 1.000000 366 363 350 78 2.871480 350 78 267 354 2.899256 
471 369 267 354 1.000000 267 354 350 78 1.408990 350 78 471 369 1.540713 
471 369 366 363 1.000000 366 363 350 78 2.714132 350 78 471 369 2.996578 
609 255 428 141 1.000000 428 141 189 117 1.122917 189 117 609 255 2.066724 
105 275 189 117 1.000000 189 117 428 141 1.342351 428 141 105 275 1.954231 
428 141 189 117 1.000000 189 117 267 354 1.038732 267 354 428 141 1.111572 
366 363 428 141 1.000000 428 141 189 117 1.042113 189 117 366 363 1.314819 
471 369 428 141 1.000000 428 141 189 117 1.035267 189 117 471 369 1.629995 
105 275 189 117 1.000000 189 117 609 255 2.470589 609 255 105 275 2.818782 
189 117 267 354 1.000000 267 354 609 255 1.426985 609 255 189 117 1.771867 
609 255 366 363 1.000000 366 363 189 117 1.139667 189 117 609 255 1.662500 
609 255 471 369 1.000000 471 369 189 117 2.112829 189 117 609 255 2.469818 
189 117 105 275 1.000000 105 275 267 354 1.007235 267 354 189 117 1.394343 
189 117 105 275 1.000000 105 275 366 363 1.539253 366 363 189 117 1.693624 
189 117 105 275 1.000000 105 275 471 369 2.111744 471 369 189 117 2.113488 
366 363 267 354 1.000000 267 354 189 117 2.509908 189 117 366 363 3.048634 
471 369 267 354 1.000000 267 354 189 117 1.219773 189 117 471 369 1.848883 
471 369 366 363 1.000000 366 363 189 117 2.881579 189 117 471 369 3.595947 
609 255 428 141 1.000000 428 141 105 275 1.634774 105 275 609 255 2.357998 
609 255 428 141 1.000000 428 141 267 354 1.248204 267 354 609 255 1.664451 
609 255 428 141 1.000000 428 141 366 363 1.077539 366 363 609 255 1.243142 
471 369 609 255 1.000000 609 255 428 141 1.195040 428 141 471 369 1.296218 
105 275 267 354 1.000000 267 354 428 141 1.481402 428 141 105 275 1.940194 
428 141 366 363 1.000000 366 363 105 275 1.194975 105 275 428 141 1.517137 
471 369 428 141 1.000000 428 141 105 275 1.507170 105 275 471 369 1.628650 
267 354 366 363 1.000000 366 363 428 141 2.318672 428 141 267 354 2.685913 
267 354 471 369 1.000000 471 369 428 141 1.134288 428 141 267 354 1.305309 
471 369 366 363 1.000000 366 363 428 141 2.191616 428 141 471 369 2.206110 
105 275 267 354 1.000000 267 354 609 255 1.975415 609 255 105 275 2.798535 
609 255 366 363 1.000000 366 363 105 275 1.035789 105 275 609 255 1.896805 
609 255 471 369 1.000000 471 369 105 275 2.111085 105 275 609 255 2.817902 
267 354 366 363 1.000000 366 363 609 255 2.675021 609 255 267 354 3.581601 
609 255 471 369 1.000000 471 369 267 354 1.142759 267 354 609 255 1.989085 
366 363 471 369 1.000000 471 369 609 255 1.701959 609 255 366 363 2.528439 
366 363 267 354 1.000000 267 354 105 275 1.813089 105 275 366 363 2.770756 
105 275 267 354 1.000000 267 354 471 369 1.134905 471 369 105 275 2.096575 
471 369 366 363 1.000000 366 363 105 275 2.618928 105 275 471 369 3.592980 
267 354 366 363 1.000000 366 363 471 369 1.057973 471 369 267 354 2.057684 