Leo
13 16 286
0 719 61 
1 600 70 
2 631 109 
3 500 120 
4 691 121 
5 255 171 
6 487 184 
7 543 239 
8 252 262 
9 99 272 
10 540 325 
11 206 349 
12 216 431
0 1
0 4
1 2
1 3
2 4
2 7
3 6
5 6
5 8
5 9
6 7
7 8
7 10
8 9
8 11
11 12 
600 70 631 109 1.000000 631 109 719 61 2.012051 719 61 600 70 2.395436 
500 120 600 70 1.000000 600 70 719 61 1.067408 719 61 500 120 2.028635 
719 61 691 121 1.000000 691 121 600 70 1.575502 600 70 719 61 1.802396 
719 61 600 70 1.000000 600 70 255 171 3.012239 255 171 719 61 3.995820 
719 61 600 70 1.000000 600 70 487 184 1.345023 487 184 719 61 2.200347 
719 61 600 70 1.000000 600 70 543 239 1.494501 543 239 719 61 2.097537 
719 61 600 70 1.000000 600 70 252 262 3.330420 252 262 719 61 4.260263 
719 61 600 70 1.000000 600 70 99 272 4.526483 99 272 719 61 5.487862 
719 61 600 70 1.000000 600 70 540 325 2.195107 540 325 719 61 2.672723 
719 61 600 70 1.000000 600 70 206 349 4.045426 206 349 719 61 4.929734 
719 61 600 70 1.000000 600 70 216 431 4.416342 216 431 719 61 5.232342 
719 61 631 109 1.000000 631 109 500 120 1.311466 500 120 719 61 2.262659 
631 109 691 121 1.000000 691 121 719 61 1.082100 719 61 631 109 1.638219 
719 61 631 109 1.000000 631 109 255 171 3.801661 255 171 719 61 4.757202 
719 61 631 109 1.000000 631 109 487 184 1.619724 487 184 719 61 2.619611 
719 61 631 109 1.000000 631 109 543 239 1.566087 543 239 719 61 2.497212 
719 61 631 109 1.000000 631 109 252 262 4.077401 252 262 719 61 5.072033 
719 61 631 109 1.000000 631 109 99 272 5.550802 99 272 719 61 6.533544 
719 61 631 109 1.000000 631 109 540 325 2.338259 540 325 719 61 3.181996 
719 61 631 109 1.000000 631 109 206 349 4.869158 206 349 719 61 5.869068 
719 61 631 109 1.000000 631 109 216 431 5.240143 216 431 719 61 6.229337 
719 61 691 121 1.000000 691 121 500 120 2.884723 500 120 719 61 3.425497 
719 61 500 120 1.000000 500 120 255 171 1.103363 255 171 719 61 2.102483 
487 184 500 120 1.000000 500 120 719 61 3.472957 719 61 487 184 4.020843 
543 239 500 120 1.000000 500 120 719 61 1.792517 719 61 543 239 1.978334 
719 61 500 120 1.000000 500 120 252 262 1.259990 252 262 719 61 2.241625 
719 61 500 120 1.000000 500 120 99 272 1.890766 99 272 719 61 2.887551 
540 325 500 120 1.000000 500 120 719 61 1.085903 719 61 540 325 1.527115 
719 61 500 120 1.000000 500 120 206 349 1.643071 206 349 719 61 2.593881 
719 61 500 120 1.000000 500 120 216 431 1.856905 216 431 719 61 2.753105 
719 61 691 121 1.000000 691 121 255 171 6.628089 255 171 719 61 7.202050 
719 61 691 121 1.000000 691 121 487 184 3.224599 487 184 719 61 3.965896 
719 61 691 121 1.000000 691 121 543 239 2.858749 543 239 719 61 3.780593 
719 61 691 121 1.000000 691 121 252 262 6.963834 252 262 719 61 7.678681 
719 61 691 121 1.000000 691 121 99 272 9.227273 99 272 719 61 9.891300 
719 61 691 121 1.000000 691 121 540 325 3.833231 540 325 719 61 4.817306 
719 61 691 121 1.000000 691 121 206 349 8.094010 206 349 719 61 8.885332 
719 61 691 121 1.000000 691 121 216 431 8.566573 216 431 719 61 9.430753 
255 171 487 184 1.000000 487 184 719 61 1.130077 719 61 255 171 2.052214 
719 61 543 239 1.000000 543 239 255 171 1.182163 255 171 719 61 1.905005 
252 262 255 171 1.000000 255 171 719 61 5.237381 719 61 252 262 5.583990 
99 272 255 171 1.000000 255 171 719 61 2.565955 719 61 99 272 3.524085 
719 61 540 325 1.000000 540 325 255 171 1.015624 255 171 719 61 1.495037 
206 349 255 171 1.000000 255 171 719 61 2.582913 719 61 206 349 3.186598 
216 431 255 171 1.000000 255 171 719 61 1.813787 719 61 216 431 2.375071 
487 184 543 239 1.000000 543 239 719 61 3.189111 719 61 487 184 3.345423 
252 262 487 184 1.000000 487 184 719 61 1.060509 719 61 252 262 2.053335 
719 61 487 184 1.000000 487 184 99 272 1.515121 99 272 719 61 2.494090 
540 325 487 184 1.000000 487 184 719 61 1.743249 719 61 540 325 2.117494 
719 61 487 184 1.000000 487 184 206 349 1.240958 206 349 719 61 2.240435 
719 61 487 184 1.000000 487 184 216 431 1.396381 216 431 719 61 2.377963 
719 61 543 239 1.000000 543 239 252 262 1.166138 252 262 719 61 2.031078 
719 61 543 239 1.000000 543 239 99 272 1.778623 99 272 719 61 2.616336 
540 325 543 239 1.000000 543 239 719 61 2.908926 719 61 540 325 3.706610 
719 61 543 239 1.000000 543 239 206 349 1.416181 206 349 719 61 2.350248 
719 61 543 239 1.000000 543 239 216 431 1.514864 216 431 719 61 2.494517 
99 272 252 262 1.000000 252 262 719 61 3.315926 719 61 99 272 4.271413 
252 262 540 325 1.000000 540 325 719 61 1.081925 719 61 252 262 1.724565 
206 349 252 262 1.000000 252 262 719 61 5.166210 719 61 206 349 5.978044 
216 431 252 262 1.000000 252 262 719 61 2.942380 719 61 216 431 3.613754 
719 61 540 325 1.000000 540 325 99 272 1.392557 99 272 719 61 2.053285 
99 272 206 349 1.000000 206 349 719 61 4.462817 719 61 99 272 4.968082 
99 272 216 431 1.000000 216 431 719 61 3.163126 719 61 99 272 3.317596 
719 61 540 325 1.000000 540 325 206 349 1.049845 206 349 719 61 1.844461 
719 61 540 325 1.000000 540 325 216 431 1.068774 216 431 719 61 1.957682 
216 431 206 349 1.000000 206 349 719 61 7.121795 719 61 216 431 7.558961 
631 109 600 70 1.000000 600 70 500 120 2.244162 500 120 631 109 2.638737 
600 70 631 109 1.000000 631 109 691 121 1.228194 691 121 600 70 2.093888 
631 109 600 70 1.000000 600 70 255 171 7.215627 255 171 631 109 7.649135 
631 109 600 70 1.000000 600 70 487 184 3.221916 487 184 631 109 3.258968 
600 70 631 109 1.000000 631 109 543 239 3.151046 543 239 600 70 3.579983 
631 109 600 70 1.000000 600 70 252 262 7.977810 252 262 631 109 8.203938 
631 109 600 70 1.000000 600 70 99 272 10.842901 99 272 631 109 11.168496 
600 70 631 109 1.000000 631 109 540 325 4.704696 540 325 600 70 5.258239 
631 109 600 70 1.000000 600 70 206 349 9.690559 206 349 631 109 9.796993 
600 70 631 109 1.000000 631 109 216 431 10.543433 216 431 600 70 10.579064 
691 121 600 70 1.000000 600 70 500 120 1.071768 500 120 691 121 1.830986 
600 70 500 120 1.000000 500 120 255 171 2.238321 255 171 600 70 3.215288 
487 184 500 120 1.000000 500 120 600 70 1.711967 600 70 487 184 2.457851 
600 70 500 120 1.000000 500 120 543 239 1.131724 543 239 600 70 1.595243 
600 70 500 120 1.000000 500 120 252 262 2.556059 252 262 600 70 3.554918 
600 70 500 120 1.000000 500 120 99 272 3.835675 99 272 600 70 4.831604 
600 70 500 120 1.000000 500 120 540 325 1.868154 540 325 600 70 2.343075 
600 70 500 120 1.000000 500 120 206 349 3.333191 206 349 600 70 4.318120 
600 70 500 120 1.000000 500 120 216 431 3.766983 216 431 600 70 4.714039 
691 121 600 70 1.000000 600 70 255 171 3.446042 255 171 691 121 4.206969 
691 121 600 70 1.000000 600 70 487 184 1.538724 487 184 691 121 2.046711 
691 121 600 70 1.000000 600 70 543 239 1.709730 543 239 691 121 1.814500 
691 121 600 70 1.000000 600 70 252 262 3.810046 252 262 691 121 4.420072 
691 121 600 70 1.000000 600 70 99 272 5.178357 99 272 691 121 5.856717 
600 70 691 121 1.000000 691 121 540 325 2.433021 540 325 600 70 2.511232 
691 121 600 70 1.000000 600 70 206 349 4.628021 206 349 691 121 5.137415 
691 121 600 70 1.000000 600 70 216 431 5.052354 216 431 691 121 5.437359 
600 70 487 184 1.000000 487 184 255 171 1.447617 255 171 600 70 2.239545 
600 70 543 239 1.000000 543 239 255 171 1.659170 255 171 600 70 2.015548 
252 262 255 171 1.000000 255 171 600 70 3.948187 600 70 252 262 4.365232 
99 272 255 171 1.000000 255 171 600 70 1.934339 600 70 99 272 2.906726 
600 70 540 325 1.000000 540 325 255 171 1.236606 255 171 600 70 1.372252 
206 349 255 171 1.000000 255 171 600 70 1.947123 600 70 206 349 2.614978 
216 431 255 171 1.000000 255 171 600 70 1.367319 600 70 216 431 2.004671 
543 239 487 184 1.000000 487 184 600 70 2.044982 600 70 543 239 2.272251 
600 70 487 184 1.000000 487 184 252 262 1.542578 252 262 600 70 2.476107 
600 70 487 184 1.000000 487 184 99 272 2.478614 99 272 600 70 3.365358 
540 325 487 184 1.000000 487 184 600 70 1.065609 600 70 540 325 1.739098 
600 70 487 184 1.000000 487 184 206 349 2.030105 206 349 600 70 3.007701 
600 70 487 184 1.000000 487 184 216 431 2.284364 216 431 600 70 3.283470 
600 70 543 239 1.000000 543 239 252 262 1.636679 252 262 600 70 2.228449 
600 70 543 239 1.000000 543 239 99 272 2.496303 99 272 600 70 3.028758 
540 325 543 239 1.000000 543 239 600 70 2.072618 600 70 540 325 3.044238 
600 70 543 239 1.000000 543 239 206 349 1.987615 206 349 600 70 2.706873 
600 70 543 239 1.000000 543 239 216 431 2.126116 216 431 600 70 2.955060 
99 272 252 262 1.000000 252 262 600 70 2.592194 600 70 99 272 3.523135 
600 70 540 325 1.000000 540 325 252 262 1.125385 252 262 600 70 1.517202 
206 349 252 262 1.000000 252 262 600 70 4.038636 600 70 206 349 4.905688 
216 431 252 262 1.000000 252 262 600 70 2.300178 600 70 216 431 3.050177 
600 70 540 325 1.000000 540 325 99 272 1.695553 99 272 600 70 2.062078 
99 272 206 349 1.000000 206 349 600 70 3.662265 600 70 99 272 4.097760 
99 272 216 431 1.000000 216 431 600 70 2.669826 600 70 99 272 2.736410 
600 70 540 325 1.000000 540 325 206 349 1.278273 206 349 600 70 1.842929 
600 70 540 325 1.000000 540 325 216 431 1.301321 216 431 600 70 2.011903 
216 431 206 349 1.000000 206 349 600 70 5.844269 600 70 216 431 6.380117 
691 121 631 109 1.000000 631 109 500 120 2.148469 500 120 691 121 3.121558 
631 109 500 120 1.000000 500 120 255 171 1.903620 255 171 631 109 2.898786 
487 184 500 120 1.000000 500 120 631 109 2.012971 631 109 487 184 2.486116 
543 239 500 120 1.000000 500 120 631 109 1.038966 631 109 543 239 1.240680 
631 109 500 120 1.000000 500 120 252 262 2.173847 252 262 631 109 3.109039 
631 109 500 120 1.000000 500 120 99 272 3.262119 99 272 631 109 4.232516 
631 109 500 120 1.000000 500 120 540 325 1.588805 540 325 631 109 1.782935 
631 109 500 120 1.000000 500 120 206 349 2.834772 206 349 631 109 3.712758 
631 109 500 120 1.000000 500 120 216 431 3.203699 216 431 631 109 3.995636 
691 121 631 109 1.000000 631 109 255 171 6.227953 255 171 691 121 7.172255 
691 121 631 109 1.000000 631 109 487 184 2.653463 487 184 691 121 3.489338 
691 121 631 109 1.000000 631 109 543 239 2.565593 543 239 691 121 3.093452 
691 121 631 109 1.000000 631 109 252 262 6.679675 252 262 691 121 7.535564 
691 121 631 109 1.000000 631 109 99 272 9.093428 99 272 691 121 9.984831 
691 121 631 109 1.000000 631 109 540 325 3.830580 540 325 691 121 4.147939 
691 121 631 109 1.000000 631 109 206 349 7.976746 206 349 691 121 8.758528 
691 121 631 109 1.000000 631 109 216 431 8.584500 216 431 691 121 9.269888 
631 109 487 184 1.000000 487 184 255 171 1.431159 255 171 631 109 2.347104 
631 109 543 239 1.000000 543 239 255 171 1.885025 255 171 631 109 2.427491 
252 262 255 171 1.000000 255 171 631 109 4.185390 631 109 252 262 4.488962 
99 272 255 171 1.000000 255 171 631 109 2.050553 631 109 99 272 2.994010 
631 109 540 325 1.000000 540 325 255 171 1.382102 255 171 631 109 1.625851 
206 349 255 171 1.000000 255 171 631 109 2.064104 631 109 206 349 2.643699 
216 431 255 171 1.000000 255 171 631 109 1.449467 631 109 216 431 1.997919 
487 184 543 239 1.000000 543 239 631 109 2.000000 631 109 487 184 2.068499 
631 109 487 184 1.000000 487 184 252 262 1.525040 252 262 631 109 2.517342 
631 109 487 184 1.000000 487 184 99 272 2.450434 99 272 631 109 3.427004 
540 325 487 184 1.000000 487 184 631 109 1.077863 631 109 540 325 1.556020 
631 109 487 184 1.000000 487 184 206 349 2.007025 206 349 631 109 3.006164 
631 109 487 184 1.000000 487 184 216 431 2.258393 216 431 631 109 3.235206 
631 109 543 239 1.000000 543 239 252 262 1.859472 252 262 631 109 2.603560 
631 109 543 239 1.000000 543 239 99 272 2.836114 99 272 631 109 3.544377 
540 325 543 239 1.000000 543 239 631 109 1.824287 631 109 540 325 2.723767 
631 109 543 239 1.000000 543 239 206 349 2.258180 206 349 631 109 3.109124 
631 109 543 239 1.000000 543 239 216 431 2.415535 216 431 631 109 3.346011 
99 272 252 262 1.000000 252 262 631 109 2.665669 631 109 99 272 3.628929 
631 109 540 325 1.000000 540 325 252 262 1.257795 252 262 631 109 1.743776 
206 349 252 262 1.000000 252 262 631 109 4.153110 631 109 206 349 4.959568 
216 431 252 262 1.000000 252 262 631 109 2.365376 631 109 216 431 3.039904 
631 109 540 325 1.000000 540 325 99 272 1.895047 99 272 631 109 2.373904 
99 272 206 349 1.000000 206 349 631 109 3.702489 631 109 99 272 4.220809 
99 272 216 431 1.000000 216 431 631 109 2.660834 631 109 99 272 2.818580 
631 109 540 325 1.000000 540 325 206 349 1.428671 206 349 631 109 2.082386 
631 109 540 325 1.000000 540 325 216 431 1.454431 216 431 631 109 2.241044 
216 431 206 349 1.000000 206 349 631 109 5.908458 631 109 216 431 6.358628 
691 121 500 120 1.000000 500 120 255 171 1.310201 255 171 691 121 2.297652 
487 184 500 120 1.000000 500 120 691 121 2.924690 691 121 487 184 3.269275 
500 120 543 239 1.000000 543 239 691 121 1.495945 691 121 500 120 1.509537 
691 121 500 120 1.000000 500 120 252 262 1.496190 252 262 691 121 2.414039 
691 121 500 120 1.000000 500 120 99 272 2.245212 99 272 691 121 3.198669 
691 121 500 120 1.000000 500 120 540 325 1.093524 540 325 691 121 1.328804 
691 121 500 120 1.000000 500 120 206 349 1.951083 206 349 691 121 2.805819 
691 121 500 120 1.000000 500 120 216 431 2.205004 216 431 691 121 2.969635 
500 120 487 184 1.000000 487 184 255 171 3.558027 255 171 500 120 3.831932 
543 239 500 120 1.000000 500 120 255 171 1.977797 255 171 543 239 2.338714 
252 262 255 171 1.000000 255 171 500 120 2.748527 500 120 252 262 3.138692 
99 272 255 171 1.000000 255 171 500 120 1.346589 500 120 99 272 2.307568 
540 325 500 120 1.000000 500 120 255 171 1.198146 255 171 540 325 1.550975 
206 349 255 171 1.000000 255 171 500 120 1.355488 500 120 206 349 2.018522 
500 120 255 171 1.000000 255 171 216 431 1.050576 216 431 500 120 1.682950 
500 120 487 184 1.000000 487 184 543 239 1.201894 543 239 500 120 1.937475 
500 120 487 184 1.000000 487 184 252 262 3.791426 252 262 500 120 4.375890 
500 120 487 184 1.000000 487 184 99 272 6.092064 99 272 500 120 6.566550 
500 120 487 184 1.000000 487 184 540 325 2.306523 540 325 500 120 3.198219 
500 120 487 184 1.000000 487 184 206 349 4.989696 206 349 500 120 5.706314 
500 120 487 184 1.000000 487 184 216 431 5.614627 216 431 500 120 6.448952 
543 239 500 120 1.000000 500 120 252 262 2.258553 252 262 543 239 2.307011 
543 239 500 120 1.000000 500 120 99 272 3.389230 99 272 543 239 3.518711 
540 325 543 239 1.000000 543 239 500 120 1.470392 500 120 540 325 2.427198 
500 120 543 239 1.000000 543 239 206 349 2.801679 206 349 500 120 2.945232 
500 120 543 239 1.000000 543 239 216 431 2.996907 216 431 500 120 3.328534 
99 272 252 262 1.000000 252 262 500 120 1.863841 500 120 99 272 2.796918 
540 325 500 120 1.000000 500 120 252 262 1.368227 252 262 540 325 1.411480 
206 349 252 262 1.000000 252 262 500 120 2.903863 500 120 206 349 3.786739 
216 431 252 262 1.000000 252 262 500 120 1.653876 500 120 216 431 2.437393 
540 325 500 120 1.000000 500 120 99 272 2.053190 99 272 540 325 2.126595 
99 272 206 349 1.000000 206 349 500 120 2.826931 500 120 99 272 3.253096 
99 272 216 431 1.000000 216 431 500 120 2.133455 500 120 99 272 2.172359 
500 120 540 325 1.000000 540 325 206 349 1.603235 206 349 500 120 1.784216 
500 120 540 325 1.000000 540 325 216 431 1.632141 216 431 500 120 2.016420 
216 431 206 349 1.000000 206 349 500 120 4.511237 500 120 216 431 5.098344 
691 121 487 184 1.000000 487 184 255 171 1.088323 255 171 691 121 2.055477 
691 121 543 239 1.000000 543 239 255 171 1.563369 255 171 691 121 2.318528 
252 262 255 171 1.000000 255 171 691 121 4.819993 691 121 252 262 5.064148 
99 272 255 171 1.000000 255 171 691 121 2.361464 691 121 99 272 3.287504 
691 121 540 325 1.000000 540 325 255 171 1.276358 255 171 691 121 1.729113 
206 349 255 171 1.000000 255 171 691 121 2.377070 691 121 206 349 2.902802 
216 431 255 171 1.000000 255 171 691 121 1.669239 691 121 216 431 2.157433 
487 184 543 239 1.000000 543 239 691 121 2.411491 691 121 487 184 2.720103 
691 121 487 184 1.000000 487 184 252 262 1.159715 252 262 691 121 2.159597 
691 121 487 184 1.000000 487 184 99 272 1.863430 99 272 691 121 2.861526 
540 325 487 184 1.000000 487 184 691 121 1.417404 691 121 540 325 1.684934 
691 121 487 184 1.000000 487 184 206 349 1.526239 206 349 691 121 2.510083 
691 121 487 184 1.000000 487 184 216 431 1.717392 216 431 691 121 2.656632 
691 121 543 239 1.000000 543 239 252 262 1.542176 252 262 691 121 2.435973 
691 121 543 239 1.000000 543 239 99 272 2.352166 99 272 691 121 3.227731 
540 325 543 239 1.000000 543 239 691 121 2.199626 691 121 540 325 2.949427 
691 121 543 239 1.000000 543 239 206 349 1.872849 206 349 691 121 2.831312 
691 121 543 239 1.000000 543 239 216 431 2.003354 216 431 691 121 2.996616 
99 272 252 262 1.000000 252 262 691 121 3.007230 691 121 99 272 3.984663 
691 121 540 325 1.000000 540 325 252 262 1.161561 252 262 691 121 1.816701 
206 349 252 262 1.000000 252 262 691 121 4.685262 691 121 206 349 5.445644 
216 431 252 262 1.000000 252 262 691 121 2.668459 691 121 216 431 3.282610 
691 121 540 325 1.000000 540 325 99 272 1.750057 99 272 691 121 2.407179 
99 272 206 349 1.000000 206 349 691 121 4.065361 691 121 99 272 4.634562 
99 272 216 431 1.000000 216 431 691 121 2.873275 691 121 99 272 3.094877 
691 121 540 325 1.000000 540 325 206 349 1.319364 206 349 691 121 2.111537 
691 121 540 325 1.000000 540 325 216 431 1.343152 216 431 691 121 2.234818 
216 431 206 349 1.000000 206 349 691 121 6.487532 691 121 216 431 6.866302 
543 239 487 184 1.000000 487 184 255 171 2.960350 255 171 543 239 3.770050 
252 262 255 171 1.000000 255 171 487 184 2.552063 487 184 252 262 2.719474 
99 272 255 171 1.000000 255 171 487 184 1.250335 487 184 99 272 2.140828 
540 325 487 184 1.000000 487 184 255 171 1.542593 255 171 540 325 2.150579 
206 349 255 171 1.000000 255 171 487 184 1.258598 487 184 206 349 1.765030 
487 184 255 171 1.000000 255 171 216 431 1.131452 216 431 487 184 1.578017 
255 171 252 262 1.000000 252 262 543 239 3.206033 543 239 255 171 3.250090 
99 272 255 171 1.000000 255 171 543 239 1.592320 543 239 99 272 2.395725 
540 325 543 239 1.000000 543 239 255 171 3.438826 255 171 540 325 3.764524 
206 349 255 171 1.000000 255 171 543 239 1.602843 543 239 206 349 1.920138 
216 431 255 171 1.000000 255 171 543 239 1.125558 543 239 216 431 1.442327 
255 171 252 262 1.000000 252 262 99 272 1.683991 99 272 255 171 2.041104 
255 171 252 262 1.000000 252 262 540 325 3.237912 540 325 255 171 3.557913 
255 171 252 262 1.000000 252 262 206 349 1.080868 206 349 255 171 2.027703 
255 171 252 262 1.000000 252 262 216 431 1.897780 216 431 255 171 2.887538 
99 272 255 171 1.000000 255 171 540 325 1.743132 540 325 99 272 2.390068 
99 272 206 349 1.000000 206 349 255 171 1.400496 255 171 99 272 1.409751 
255 171 99 272 1.000000 99 272 216 431 1.062241 216 431 255 171 1.414695 
206 349 255 171 1.000000 255 171 540 325 1.754652 540 325 206 349 1.813774 
216 431 255 171 1.000000 255 171 540 325 1.232161 540 325 216 431 1.296643 
216 431 206 349 1.000000 206 349 255 171 2.234921 255 171 216 431 3.182625 
543 239 487 184 1.000000 487 184 252 262 3.154543 252 262 543 239 3.718944 
543 239 487 184 1.000000 487 184 99 272 5.068721 99 272 543 239 5.672227 
487 184 543 239 1.000000 543 239 540 325 1.096319 540 325 487 184 1.919074 
543 239 487 184 1.000000 487 184 206 349 4.151529 206 349 543 239 4.516359 
543 239 487 184 1.000000 487 184 216 431 4.671483 216 431 543 239 4.831069 
99 272 252 262 1.000000 252 262 487 184 1.614898 487 184 99 272 2.594818 
540 325 487 184 1.000000 487 184 252 262 1.643784 252 262 540 325 1.957155 
206 349 252 262 1.000000 252 262 487 184 2.516010 487 184 206 349 3.311188 
216 431 252 262 1.000000 252 262 487 184 1.432976 487 184 216 431 2.122058 
540 325 487 184 1.000000 487 184 99 272 2.641233 99 272 540 325 2.948732 
99 272 206 349 1.000000 206 349 487 184 2.471916 487 184 99 272 3.018034 
99 272 216 431 1.000000 216 431 487 184 1.857442 487 184 99 272 2.015389 
540 325 487 184 1.000000 487 184 206 349 2.163298 206 349 540 325 2.223041 
487 184 540 325 1.000000 540 325 216 431 2.263123 216 431 487 184 2.434239 
216 431 206 349 1.000000 206 349 487 184 3.944701 487 184 216 431 4.438752 
99 272 252 262 1.000000 252 262 543 239 1.903830 543 239 99 272 2.903769 
540 325 543 239 1.000000 543 239 252 262 3.392210 252 262 540 325 3.425941 
206 349 252 262 1.000000 252 262 543 239 2.966166 543 239 206 349 3.602171 
216 431 252 262 1.000000 252 262 543 239 1.689360 543 239 216 431 2.194552 
543 239 540 325 1.000000 540 325 99 272 5.161667 99 272 543 239 5.173884 
99 272 206 349 1.000000 206 349 543 239 2.689145 543 239 99 272 3.377375 
99 272 216 431 1.000000 216 431 543 239 1.920895 543 239 99 272 2.255350 
543 239 540 325 1.000000 540 325 206 349 3.891368 206 349 543 239 4.119567 
543 239 540 325 1.000000 540 325 216 431 3.961530 216 431 543 239 4.406628 
216 431 206 349 1.000000 206 349 543 239 4.291356 543 239 216 431 4.590388 
99 272 252 262 1.000000 252 262 540 325 1.922761 540 325 99 272 2.896913 
252 262 206 349 1.000000 206 349 99 272 1.339523 99 272 252 262 1.557999 
99 272 252 262 1.000000 252 262 216 431 1.126954 216 431 99 272 1.287503 
206 349 252 262 1.000000 252 262 540 325 2.995660 540 325 206 349 3.402632 
216 431 252 262 1.000000 252 262 540 325 1.706158 540 325 216 431 1.972888 
216 431 206 349 1.000000 206 349 252 262 1.191325 252 262 216 431 2.091720 
99 272 206 349 1.000000 206 349 540 325 2.540182 540 325 99 272 3.369401 
99 272 216 431 1.000000 216 431 540 325 1.726873 540 325 99 272 2.250025 
216 431 206 349 1.000000 206 349 99 272 1.595807 99 272 216 431 2.389713 
216 431 206 349 1.000000 206 349 540 325 4.053641 540 325 216 431 4.126729 