Musca
7 7 35
0 425 162 
1 319 191 
2 230 196 
3 304 202 
4 259 229 
5 195 315 
6 274 329 
0 1
1 3
2 4 
2 5
3 4
4 6
5 6
230 196 319 191 1.000000 319 191 425 162 1.232836 425 162 230 196 2.220565 
304 202 319 191 1.000000 319 191 425 162 5.908014 425 162 304 202 6.851227 
259 229 319 191 1.000000 319 191 425 162 1.547362 425 162 259 229 2.520534 
425 162 319 191 1.000000 319 191 195 315 1.595722 195 315 425 162 2.513670 
425 162 319 191 1.000000 319 191 274 329 1.320816 274 329 425 162 2.048715 
230 196 304 202 1.000000 304 202 425 162 1.716532 425 162 230 196 2.666141 
230 196 259 229 1.000000 259 229 425 162 4.074755 425 162 230 196 4.505667 
195 315 230 196 1.000000 230 196 425 162 1.595787 425 162 195 315 2.227025 
274 329 230 196 1.000000 230 196 425 162 1.412970 425 162 274 329 1.607150 
259 229 304 202 1.000000 304 202 425 162 2.428423 425 162 259 229 3.411129 
425 162 304 202 1.000000 304 202 195 315 1.231976 195 315 425 162 2.167612 
425 162 304 202 1.000000 304 202 274 329 1.023972 274 329 425 162 1.766667 
195 315 259 229 1.000000 259 229 425 162 1.669869 425 162 195 315 2.576856 
274 329 259 229 1.000000 259 229 425 162 1.770307 425 162 274 329 2.226535 
195 315 274 329 1.000000 274 329 425 162 2.806205 425 162 195 315 3.443072 
319 191 304 202 1.000000 304 202 230 196 3.991320 230 196 319 191 4.792214 
230 196 259 229 1.000000 259 229 319 191 1.616623 319 191 230 196 2.029063 
319 191 230 196 1.000000 230 196 195 315 1.391517 195 315 319 191 1.967263 
319 191 230 196 1.000000 230 196 274 329 1.571559 274 329 319 191 1.628350 
319 191 304 202 1.000000 304 202 259 229 2.821265 259 229 319 191 3.818119 
319 191 304 202 1.000000 304 202 195 315 8.440543 195 315 319 191 9.427545 
319 191 304 202 1.000000 304 202 274 329 7.015466 274 329 319 191 7.803401 
319 191 259 229 1.000000 259 229 195 315 1.509421 195 315 319 191 2.469159 
319 191 259 229 1.000000 259 229 274 329 1.423784 274 329 319 191 2.043781 
195 315 274 329 1.000000 274 329 319 191 1.809173 319 191 195 315 2.185722 
230 196 259 229 1.000000 259 229 304 202 1.194547 304 202 230 196 1.689958 
304 202 230 196 1.000000 230 196 195 315 1.670738 195 315 304 202 2.114725 
230 196 304 202 1.000000 304 202 274 329 1.757681 274 329 230 196 1.886906 
230 196 259 229 1.000000 259 229 195 315 2.440165 195 315 230 196 2.823477 
230 196 259 229 1.000000 259 229 274 329 2.301723 274 329 230 196 3.188792 
274 329 195 315 1.000000 195 315 230 196 1.546041 230 196 274 329 1.746076 
304 202 259 229 1.000000 259 229 195 315 2.042753 195 315 304 202 2.991758 
304 202 259 229 1.000000 259 229 274 329 1.926858 274 329 304 202 2.486638 
195 315 274 329 1.000000 274 329 304 202 1.626495 304 202 195 315 1.956891 
195 315 274 329 1.000000 274 329 259 229 1.260346 259 229 195 315 1.336153 