CanisMajor
15 12 455
0 243 60 
1 291 157 
2 196 136 
3 235 166 
4 403 186 
5 327 191 
6 333 212 
7 249 232 
8 205 309 
9 247 315 
10 181 364 
11 213 395 
12 144 396 
13 228 416 
14 110 429
0 2
0 3
1 3
1 4
1 10
2 3
4 6
6 9
9 13
10 12
10 13
12 14
243 60 196 136 1.000000 196 136 291 157 1.088794 291 157 243 60 1.211146 
291 157 235 166 1.000000 235 166 243 60 1.874190 243 60 291 157 1.908133 
243 60 291 157 1.000000 291 157 403 186 1.068994 403 186 243 60 1.881761 
327 191 291 157 1.000000 291 157 243 60 2.185616 243 60 327 191 3.142678 
333 212 291 157 1.000000 291 157 243 60 1.563910 243 60 333 212 2.552600 
249 232 291 157 1.000000 291 157 243 60 1.259045 243 60 249 232 2.002164 
243 60 291 157 1.000000 291 157 205 309 1.613674 205 309 243 60 2.327366 
243 60 291 157 1.000000 291 157 247 315 1.515452 247 315 243 60 2.356457 
243 60 291 157 1.000000 291 157 181 364 2.165937 181 364 243 60 2.866744 
243 60 291 157 1.000000 291 157 213 395 2.314177 213 395 243 60 3.107744 
243 60 291 157 1.000000 291 157 144 396 2.592603 144 396 243 60 3.236554 
243 60 291 157 1.000000 291 157 228 416 2.462907 228 416 243 60 3.292313 
243 60 291 157 1.000000 291 157 110 429 3.018837 110 429 243 60 3.624221 
235 166 196 136 1.000000 196 136 243 60 1.816101 243 60 235 166 2.160438 
196 136 243 60 1.000000 243 60 403 186 2.279087 403 186 196 136 2.383123 
243 60 196 136 1.000000 196 136 327 191 1.589965 327 191 243 60 1.741497 
243 60 196 136 1.000000 196 136 333 212 1.753251 333 212 243 60 1.976822 
243 60 196 136 1.000000 196 136 249 232 1.227171 249 232 243 60 1.925995 
243 60 196 136 1.000000 196 136 205 309 1.938633 205 309 243 60 2.818780 
243 60 196 136 1.000000 196 136 247 315 2.082879 247 315 243 60 2.854014 
243 60 196 136 1.000000 196 136 181 364 2.557026 181 364 243 60 3.472046 
243 60 196 136 1.000000 196 136 213 395 2.904663 213 395 243 60 3.763933 
243 60 196 136 1.000000 196 136 144 396 2.967239 144 396 243 60 3.919941 
243 60 196 136 1.000000 196 136 228 416 3.153831 228 416 243 60 3.987473 
243 60 196 136 1.000000 196 136 110 429 3.417239 110 429 243 60 4.389462 
243 60 235 166 1.000000 235 166 403 186 1.591571 403 186 243 60 1.915840 
327 191 235 166 1.000000 235 166 243 60 1.115016 243 60 327 191 1.632308 
243 60 235 166 1.000000 235 166 333 212 1.018415 333 212 243 60 1.661751 
249 232 235 166 1.000000 235 166 243 60 1.575571 243 60 249 232 2.550888 
243 60 235 166 1.000000 235 166 205 309 1.374515 205 309 243 60 2.369515 
243 60 235 166 1.000000 235 166 247 315 1.406213 247 315 243 60 2.399133 
243 60 235 166 1.000000 235 166 181 364 1.930656 181 364 243 60 2.918661 
243 60 235 166 1.000000 235 166 213 395 2.164169 213 395 243 60 3.164026 
243 60 235 166 1.000000 235 166 144 396 2.326854 144 396 243 60 3.295169 
243 60 235 166 1.000000 235 166 228 416 2.352724 228 416 243 60 3.351938 
243 60 235 166 1.000000 235 166 110 429 2.739324 110 429 243 60 3.689857 
403 186 327 191 1.000000 327 191 243 60 2.043190 243 60 403 186 2.673911 
403 186 333 212 1.000000 333 212 243 60 2.365613 243 60 403 186 2.727326 
403 186 249 232 1.000000 249 232 243 60 1.070813 243 60 403 186 1.267125 
243 60 403 186 1.000000 403 186 205 309 1.144546 205 309 243 60 1.236802 
247 315 403 186 1.000000 403 186 243 60 1.006070 243 60 247 315 1.259864 
243 60 403 186 1.000000 403 186 181 364 1.397199 181 364 243 60 1.523437 
243 60 403 186 1.000000 403 186 213 395 1.386920 213 395 243 60 1.651509 
243 60 403 186 1.000000 403 186 144 396 1.637257 144 396 243 60 1.719961 
243 60 403 186 1.000000 403 186 228 416 1.419090 228 416 243 60 1.749592 
243 60 403 186 1.000000 403 186 110 429 1.869101 110 429 243 60 1.925974 
333 212 327 191 1.000000 327 191 243 60 7.125264 243 60 333 212 8.088089 
249 232 327 191 1.000000 327 191 243 60 1.765995 243 60 249 232 1.953088 
243 60 327 191 1.000000 327 191 205 309 1.090678 205 309 243 60 1.618596 
247 315 327 191 1.000000 327 191 243 60 1.054560 243 60 247 315 1.728242 
243 60 327 191 1.000000 327 191 181 364 1.454674 181 364 243 60 1.993714 
243 60 327 191 1.000000 327 191 213 395 1.501702 213 395 243 60 2.161320 
243 60 327 191 1.000000 327 191 144 396 1.765849 144 396 243 60 2.250903 
243 60 327 191 1.000000 327 191 228 416 1.579617 228 416 243 60 2.289681 
243 60 327 191 1.000000 327 191 110 429 2.069657 110 429 243 60 2.520511 
333 212 249 232 1.000000 249 232 243 60 1.993148 243 60 333 212 2.045748 
205 309 333 212 1.000000 333 212 243 60 1.099903 243 60 205 309 1.568367 
247 315 333 212 1.000000 333 212 243 60 1.316463 243 60 247 315 1.900628 
243 60 333 212 1.000000 333 212 181 364 1.216896 181 364 243 60 1.756377 
243 60 333 212 1.000000 333 212 213 395 1.238833 213 395 243 60 1.904032 
243 60 333 212 1.000000 333 212 144 396 1.493233 144 396 243 60 1.982950 
243 60 333 212 1.000000 333 212 228 416 1.298844 228 416 243 60 2.017112 
243 60 333 212 1.000000 333 212 110 429 1.761461 110 429 243 60 2.220463 
205 309 249 232 1.000000 249 232 243 60 1.940632 243 60 205 309 2.840203 
247 315 249 232 1.000000 249 232 243 60 2.072948 243 60 247 315 3.071775 
181 364 249 232 1.000000 249 232 243 60 1.159065 243 60 181 364 2.089481 
213 395 249 232 1.000000 249 232 243 60 1.031010 243 60 213 395 2.014883 
243 60 249 232 1.000000 249 232 144 396 1.131481 144 396 243 60 2.035281 
243 60 249 232 1.000000 249 232 228 416 1.076058 228 416 243 60 2.070345 
243 60 249 232 1.000000 249 232 110 429 1.400902 110 429 243 60 2.279062 
247 315 205 309 1.000000 205 309 243 60 5.936937 243 60 247 315 6.011147 
181 364 205 309 1.000000 205 309 243 60 4.197466 243 60 181 364 5.170248 
213 395 205 309 1.000000 205 309 243 60 2.916280 243 60 213 395 3.894125 
144 396 205 309 1.000000 205 309 243 60 2.370564 243 60 144 396 3.296628 
228 416 205 309 1.000000 205 309 243 60 2.301477 243 60 228 416 3.255690 
110 429 205 309 1.000000 205 309 243 60 1.645731 243 60 110 429 2.562766 
181 364 247 315 1.000000 247 315 243 60 3.102535 243 60 181 364 3.774383 
213 395 247 315 1.000000 247 315 243 60 2.933916 243 60 213 395 3.869308 
144 396 247 315 1.000000 247 315 243 60 1.946294 243 60 144 396 2.673202 
228 416 247 315 1.000000 247 315 243 60 2.481536 243 60 228 416 3.467066 
110 429 247 315 1.000000 247 315 243 60 1.430933 243 60 110 429 2.200768 
213 395 181 364 1.000000 181 364 243 60 6.963742 243 60 213 395 7.549167 
144 396 181 364 1.000000 181 364 243 60 6.342370 243 60 144 396 7.160537 
228 416 181 364 1.000000 181 364 243 60 4.426389 243 60 228 416 5.083488 
110 429 181 364 1.000000 181 364 243 60 3.223122 243 60 110 429 4.074765 
144 396 213 395 1.000000 213 395 243 60 4.873990 243 60 144 396 5.076008 
228 416 213 395 1.000000 213 395 243 60 13.032934 243 60 228 416 13.806960 
110 429 213 395 1.000000 213 395 243 60 3.100868 243 60 110 429 3.616203 
228 416 144 396 1.000000 144 396 243 60 4.056617 243 60 228 416 4.126503 
110 429 144 396 1.000000 144 396 243 60 7.392797 243 60 110 429 8.278289 
110 429 228 416 1.000000 228 416 243 60 3.001466 243 60 110 429 3.304053 
196 136 235 166 1.000000 235 166 291 157 1.152731 291 157 196 136 1.977361 
196 136 291 157 1.000000 291 157 403 186 1.189121 403 186 196 136 2.188772 
327 191 291 157 1.000000 291 157 196 136 1.964821 196 136 327 191 2.869227 
333 212 291 157 1.000000 291 157 196 136 1.405921 196 136 333 212 2.263910 
249 232 291 157 1.000000 291 157 196 136 1.131854 196 136 249 232 1.275703 
291 157 196 136 1.000000 196 136 205 309 1.780532 205 309 291 157 1.795009 
196 136 291 157 1.000000 291 157 247 315 1.685749 247 315 196 136 1.913014 
291 157 196 136 1.000000 196 136 181 364 2.348494 181 364 291 157 2.409332 
196 136 291 157 1.000000 291 157 213 395 2.574231 213 395 196 136 2.667780 
291 157 196 136 1.000000 196 136 144 396 2.725253 144 396 291 157 2.883944 
196 136 291 157 1.000000 291 157 228 416 2.739673 228 416 196 136 2.896627 
291 157 196 136 1.000000 196 136 110 429 3.138553 110 429 291 157 3.358076 
235 166 291 157 1.000000 291 157 403 186 2.039782 403 186 235 166 2.982906 
327 191 291 157 1.000000 291 157 235 166 1.145421 235 166 327 191 1.925297 
235 166 291 157 1.000000 291 157 333 212 1.220104 333 212 235 166 1.908703 
291 157 235 166 1.000000 235 166 249 232 1.189531 249 232 291 157 1.515540 
291 157 235 166 1.000000 235 166 205 309 2.576103 205 309 291 157 3.079104 
291 157 235 166 1.000000 235 166 247 315 2.635510 247 315 291 157 2.891683 
291 157 235 166 1.000000 235 166 181 364 3.618417 181 364 291 157 4.132895 
291 157 235 166 1.000000 235 166 213 395 4.056065 213 395 291 157 4.415757 
291 157 235 166 1.000000 235 166 144 396 4.360967 144 396 291 157 4.947031 
291 157 235 166 1.000000 235 166 228 416 4.409452 228 416 291 157 4.699553 
291 157 235 166 1.000000 235 166 110 429 5.134014 110 429 291 157 5.760342 
291 157 327 191 1.000000 327 191 403 186 1.538123 403 186 291 157 2.336409 
291 157 333 212 1.000000 333 212 403 186 1.079044 403 186 291 157 1.671809 
249 232 291 157 1.000000 291 157 403 186 1.345911 403 186 249 232 1.869761 
403 186 291 157 1.000000 291 157 205 309 1.509526 205 309 403 186 2.014757 
403 186 291 157 1.000000 291 157 247 315 1.417643 247 315 403 186 1.749689 
403 186 291 157 1.000000 291 157 181 364 2.026146 181 364 403 186 2.459504 
403 186 291 157 1.000000 291 157 213 395 2.164819 213 395 403 186 2.441409 
403 186 291 157 1.000000 291 157 144 396 2.425275 144 396 403 186 2.882080 
403 186 291 157 1.000000 291 157 228 416 2.303949 228 416 403 186 2.498038 
403 186 291 157 1.000000 291 157 110 429 2.823999 110 429 403 186 3.290198 
333 212 327 191 1.000000 327 191 291 157 2.267259 291 157 333 212 3.168569 
327 191 291 157 1.000000 291 157 249 232 1.735932 249 232 327 191 1.779551 
291 157 327 191 1.000000 327 191 205 309 3.427649 205 309 291 157 3.526872 
291 157 327 191 1.000000 327 191 247 315 2.980086 247 315 291 157 3.312195 
291 157 327 191 1.000000 327 191 181 364 4.571571 181 364 291 157 4.733906 
291 157 327 191 1.000000 327 191 213 395 4.719368 213 395 291 157 5.057903 
291 157 327 191 1.000000 327 191 144 396 5.549496 144 396 291 157 5.666435 
291 157 327 191 1.000000 327 191 228 416 4.964228 228 416 291 157 5.382968 
291 157 327 191 1.000000 327 191 110 429 6.504265 110 429 291 157 6.598019 
333 212 291 157 1.000000 291 157 249 232 1.242140 249 232 333 212 1.247758 
291 157 333 212 1.000000 333 212 205 309 2.320751 205 309 291 157 2.523641 
291 157 333 212 1.000000 333 212 247 315 1.938984 247 315 291 157 2.370029 
291 157 333 212 1.000000 333 212 181 364 3.106248 181 364 291 157 3.387330 
291 157 333 212 1.000000 333 212 213 395 3.162245 213 395 291 157 3.619164 
291 157 333 212 1.000000 333 212 144 396 3.811627 144 396 291 157 4.054597 
291 157 333 212 1.000000 333 212 228 416 3.315428 228 416 291 157 3.851764 
291 157 333 212 1.000000 333 212 110 429 4.496304 110 429 291 157 4.721189 
291 157 249 232 1.000000 249 232 205 309 1.031707 205 309 291 157 2.031688 
247 315 249 232 1.000000 249 232 291 157 1.035354 291 157 247 315 1.975477 
291 157 249 232 1.000000 249 232 181 364 1.727395 181 364 291 157 2.727012 
291 157 249 232 1.000000 249 232 213 395 1.941944 213 395 291 157 2.913653 
291 157 249 232 1.000000 249 232 144 396 2.265411 144 396 291 157 3.264204 
291 157 249 232 1.000000 249 232 228 416 2.154444 228 416 291 157 3.100910 
291 157 249 232 1.000000 249 232 110 429 2.804835 110 429 291 157 3.800852 
205 309 247 315 1.000000 247 315 291 157 3.865805 291 157 205 309 4.116363 
181 364 205 309 1.000000 205 309 291 157 2.910304 291 157 181 364 3.906325 
213 395 205 309 1.000000 205 309 291 157 2.021997 291 157 213 395 2.899755 
144 396 205 309 1.000000 205 309 291 157 1.643626 291 157 144 396 2.640725 
228 416 205 309 1.000000 205 309 291 157 1.595724 291 157 228 416 2.435510 
110 429 205 309 1.000000 205 309 291 157 1.141064 291 157 110 429 2.134686 
181 364 247 315 1.000000 247 315 291 157 1.995259 291 157 181 364 2.851694 
213 395 247 315 1.000000 247 315 291 157 1.886819 291 157 213 395 2.881275 
144 396 247 315 1.000000 247 315 291 157 1.251673 291 157 144 396 2.141337 
228 416 247 315 1.000000 247 315 291 157 1.595890 291 157 228 416 2.593636 
291 157 247 315 1.000000 247 315 110 429 1.086672 110 429 291 157 1.992038 
213 395 181 364 1.000000 181 364 291 157 5.261380 291 157 213 395 5.621477 
144 396 181 364 1.000000 181 364 291 157 4.791909 291 157 144 396 5.735863 
228 416 181 364 1.000000 181 364 291 157 3.344310 291 157 228 416 3.802845 
110 429 181 364 1.000000 181 364 291 157 2.435195 291 157 110 429 3.394123 
144 396 213 395 1.000000 213 395 291 157 3.629410 291 157 144 396 4.066075 
228 416 213 395 1.000000 213 395 291 157 9.704957 291 157 228 416 10.328682 
110 429 213 395 1.000000 213 395 291 157 2.309058 291 157 110 429 3.012158 
144 396 228 416 1.000000 228 416 291 157 3.086946 291 157 144 396 3.249505 
110 429 144 396 1.000000 144 396 291 157 5.921912 291 157 110 429 6.895497 
110 429 228 416 1.000000 228 416 291 157 2.245331 291 157 110 429 2.752150 
196 136 235 166 1.000000 235 166 403 186 3.438490 403 186 196 136 4.327992 
196 136 235 166 1.000000 235 166 327 191 1.937585 327 191 196 136 2.887538 
196 136 235 166 1.000000 235 166 333 212 2.200222 333 212 196 136 3.184081 
196 136 235 166 1.000000 235 166 249 232 1.371209 249 232 196 136 2.228667 
196 136 235 166 1.000000 235 166 205 309 2.969555 205 309 196 136 3.520753 
196 136 235 166 1.000000 235 166 247 315 3.038035 247 315 196 136 3.782719 
196 136 235 166 1.000000 235 166 181 364 4.171063 181 364 196 136 4.643819 
196 136 235 166 1.000000 235 166 213 395 4.675554 213 395 196 136 5.275163 
196 136 235 166 1.000000 235 166 144 396 5.027023 144 396 196 136 5.388807 
196 136 235 166 1.000000 235 166 228 416 5.082914 228 416 196 136 5.727677 
196 136 235 166 1.000000 235 166 110 429 5.918139 110 429 196 136 6.206052 
403 186 327 191 1.000000 327 191 196 136 1.865407 196 136 403 186 2.795969 
403 186 333 212 1.000000 333 212 196 136 2.098071 196 136 403 186 2.851822 
196 136 249 232 1.000000 249 232 403 186 1.465671 403 186 196 136 1.941965 
205 309 196 136 1.000000 196 136 403 186 1.229280 403 186 205 309 1.345547 
196 136 247 315 1.000000 247 315 403 186 1.087599 403 186 196 136 1.144148 
403 186 196 136 1.000000 196 136 181 364 1.072973 181 364 403 186 1.336204 
403 186 196 136 1.000000 196 136 213 395 1.218848 213 395 403 186 1.326374 
403 186 196 136 1.000000 196 136 144 396 1.245106 144 396 403 186 1.565782 
403 186 196 136 1.000000 196 136 228 416 1.323403 228 416 403 186 1.357139 
403 186 196 136 1.000000 196 136 110 429 1.433933 110 429 403 186 1.787505 
333 212 327 191 1.000000 327 191 196 136 6.505279 196 136 333 212 7.173355 
327 191 249 232 1.000000 249 232 196 136 1.244434 196 136 327 191 1.612332 
196 136 327 191 1.000000 327 191 205 309 1.194625 205 309 196 136 1.219292 
196 136 327 191 1.000000 327 191 247 315 1.038637 247 315 196 136 1.310015 
196 136 327 191 1.000000 327 191 181 364 1.593311 181 364 196 136 1.608228 
196 136 327 191 1.000000 327 191 213 395 1.644822 213 395 196 136 1.826872 
327 191 196 136 1.000000 196 136 144 396 1.866229 144 396 327 191 1.934143 
196 136 327 191 1.000000 327 191 228 416 1.730162 228 416 196 136 1.983585 
327 191 196 136 1.000000 196 136 110 429 2.149253 110 429 327 191 2.266905 
333 212 249 232 1.000000 249 232 196 136 1.269959 196 136 333 212 1.814381 
196 136 333 212 1.000000 333 212 205 309 1.025107 205 309 196 136 1.105736 
247 315 333 212 1.000000 333 212 196 136 1.167575 196 136 247 315 1.387091 
196 136 333 212 1.000000 333 212 181 364 1.372073 181 364 196 136 1.458449 
196 136 333 212 1.000000 333 212 213 395 1.396807 213 395 196 136 1.656730 
196 136 333 212 1.000000 333 212 144 396 1.683648 144 396 196 136 1.692421 
196 136 333 212 1.000000 333 212 228 416 1.464470 228 416 196 136 1.798848 
333 212 196 136 1.000000 196 136 110 429 1.949087 110 429 333 212 1.986079 
205 309 249 232 1.000000 249 232 196 136 1.236497 196 136 205 309 1.953366 
247 315 249 232 1.000000 249 232 196 136 1.320804 196 136 247 315 2.241802 
196 136 249 232 1.000000 249 232 181 364 1.354073 181 364 196 136 2.083676 
196 136 249 232 1.000000 249 232 213 395 1.522253 213 395 196 136 2.366959 
196 136 249 232 1.000000 249 232 144 396 1.775813 144 396 196 136 2.417951 
196 136 249 232 1.000000 249 232 228 416 1.688828 228 416 196 136 2.570001 
196 136 249 232 1.000000 249 232 110 429 2.198658 110 429 196 136 2.784648 
247 315 205 309 1.000000 205 309 196 136 4.083163 196 136 247 315 4.386976 
181 364 205 309 1.000000 205 309 196 136 2.886832 196 136 181 364 3.807686 
213 395 205 309 1.000000 205 309 196 136 2.005689 196 136 213 395 3.005134 
144 396 205 309 1.000000 205 309 196 136 1.630369 196 136 144 396 2.495417 
228 416 205 309 1.000000 205 309 196 136 1.582854 196 136 228 416 2.575038 
110 429 205 309 1.000000 205 309 196 136 1.131861 196 136 110 429 1.995138 
181 364 247 315 1.000000 247 315 196 136 2.264251 196 136 181 364 2.779686 
213 395 247 315 1.000000 247 315 196 136 2.141191 196 136 213 395 2.985983 
144 396 247 315 1.000000 247 315 196 136 1.420419 196 136 144 396 2.023508 
228 416 247 315 1.000000 247 315 196 136 1.811041 196 136 228 416 2.742223 
110 429 247 315 1.000000 247 315 196 136 1.044304 196 136 110 429 1.713319 
213 395 181 364 1.000000 181 364 196 136 5.128524 196 136 213 395 5.825766 
144 396 181 364 1.000000 181 364 196 136 4.670908 196 136 144 396 5.420242 
228 416 181 364 1.000000 181 364 196 136 3.259863 196 136 228 416 4.020708 
110 429 181 364 1.000000 181 364 196 136 2.373704 196 136 110 429 3.172244 
144 396 213 395 1.000000 213 395 196 136 3.761305 196 136 144 396 3.842336 
228 416 213 395 1.000000 213 395 196 136 10.057642 196 136 228 416 10.920405 
110 429 213 395 1.000000 213 395 196 136 2.392970 196 136 110 429 2.815249 
228 416 144 396 1.000000 144 396 196 136 3.070698 196 136 228 416 3.263795 
110 429 144 396 1.000000 144 396 196 136 5.596053 196 136 110 429 6.444728 
110 429 228 416 1.000000 228 416 196 136 2.373964 196 136 110 429 2.572237 
403 186 327 191 1.000000 327 191 235 166 1.251718 235 166 403 186 2.221333 
403 186 333 212 1.000000 333 212 235 166 1.449781 235 166 403 186 2.265707 
235 166 249 232 1.000000 249 232 403 186 2.382198 403 186 235 166 2.507633 
205 309 235 166 1.000000 235 166 403 186 1.157914 403 186 205 309 1.595303 
247 315 235 166 1.000000 235 166 403 186 1.131814 403 186 247 315 1.354191 
403 186 235 166 1.000000 235 166 181 364 1.213051 181 364 403 186 1.681867 
403 186 235 166 1.000000 235 166 213 395 1.359769 213 395 403 186 1.669493 
403 186 235 166 1.000000 235 166 144 396 1.461986 144 396 403 186 1.970834 
403 186 235 166 1.000000 235 166 228 416 1.478240 228 416 403 186 1.708217 
403 186 235 166 1.000000 235 166 110 429 1.721145 110 429 403 186 2.249915 
333 212 327 191 1.000000 327 191 235 166 4.365147 235 166 333 212 4.956837 
235 166 249 232 1.000000 249 232 327 191 1.306079 327 191 235 166 1.413048 
327 191 235 166 1.000000 235 166 205 309 1.532607 205 309 327 191 1.780322 
235 166 327 191 1.000000 327 191 247 315 1.547858 247 315 235 166 1.567950 
327 191 235 166 1.000000 235 166 181 364 2.152713 181 364 327 191 2.374476 
327 191 235 166 1.000000 235 166 213 395 2.413084 213 395 327 191 2.451241 
327 191 235 166 1.000000 235 166 144 396 2.594479 144 396 327 191 2.882410 
235 166 327 191 1.000000 327 191 228 416 2.578421 228 416 235 166 2.623325 
327 191 235 166 1.000000 235 166 110 429 3.054390 110 429 327 191 3.378317 
235 166 249 232 1.000000 249 232 333 212 1.279829 333 212 235 166 1.604585 
333 212 235 166 1.000000 235 166 205 309 1.349662 205 309 333 212 1.483499 
235 166 333 212 1.000000 333 212 247 315 1.239461 247 315 235 166 1.380786 
333 212 235 166 1.000000 235 166 181 364 1.895747 181 364 333 212 1.985614 
235 166 333 212 1.000000 333 212 213 395 2.021408 213 395 235 166 2.125038 
333 212 235 166 1.000000 235 166 144 396 2.284780 144 396 333 212 2.436515 
235 166 333 212 1.000000 333 212 228 416 2.119328 228 416 235 166 2.310183 
333 212 235 166 1.000000 235 166 110 429 2.689792 110 429 333 212 2.874182 
235 166 249 232 1.000000 249 232 205 309 1.314463 205 309 235 166 2.165647 
235 166 249 232 1.000000 249 232 247 315 1.230561 247 315 235 166 2.215588 
235 166 249 232 1.000000 249 232 181 364 2.200815 181 364 235 166 3.041887 
235 166 249 232 1.000000 249 232 213 395 2.474164 213 395 235 166 3.409803 
235 166 249 232 1.000000 249 232 144 396 2.886282 144 396 235 166 3.666124 
235 166 249 232 1.000000 249 232 228 416 2.744903 228 416 235 166 3.706885 
235 166 249 232 1.000000 249 232 110 429 3.573543 110 429 235 166 4.316000 
247 315 205 309 1.000000 205 309 235 166 3.443916 235 166 247 315 3.523335 
181 364 205 309 1.000000 205 309 235 166 2.434878 235 166 181 364 3.420051 
213 395 205 309 1.000000 205 309 235 166 1.691684 235 166 213 395 2.663551 
144 396 205 309 1.000000 205 309 235 166 1.375124 235 166 144 396 2.327884 
228 416 205 309 1.000000 205 309 235 166 1.335047 235 166 228 416 2.285167 
235 166 205 309 1.000000 205 309 110 429 1.047493 110 429 235 166 1.992938 
181 364 247 315 1.000000 247 315 235 166 1.818500 235 166 181 364 2.496705 
213 395 247 315 1.000000 247 315 235 166 1.719666 235 166 213 395 2.646577 
144 396 247 315 1.000000 247 315 235 166 1.140788 235 166 144 396 1.887657 
228 416 247 315 1.000000 247 315 235 166 1.454511 235 166 228 416 2.433532 
235 166 247 315 1.000000 247 315 110 429 1.192296 110 429 235 166 1.948015 
213 395 181 364 1.000000 181 364 235 166 4.606424 235 166 213 395 5.163571 
144 396 181 364 1.000000 181 364 235 166 4.195395 235 166 144 396 5.056348 
228 416 181 364 1.000000 181 364 235 166 2.927998 235 166 228 416 3.568098 
110 429 181 364 1.000000 181 364 235 166 2.132053 235 166 110 429 3.025077 
144 396 213 395 1.000000 213 395 235 166 3.333771 235 166 144 396 3.584376 
228 416 213 395 1.000000 213 395 235 166 8.914425 235 166 228 416 9.691100 
110 429 213 395 1.000000 213 395 235 166 2.120970 235 166 110 429 2.684643 
228 416 144 396 1.000000 144 396 235 166 2.864543 235 166 228 416 2.896391 
110 429 144 396 1.000000 144 396 235 166 5.220356 235 166 110 429 6.145743 
110 429 228 416 1.000000 228 416 235 166 2.106728 235 166 110 429 2.452906 
327 191 333 212 1.000000 333 212 403 186 3.419024 403 186 327 191 3.487324 
403 186 327 191 1.000000 327 191 249 232 1.156963 249 232 403 186 2.110219 
403 186 327 191 1.000000 327 191 205 309 2.228461 205 309 403 186 3.060416 
403 186 327 191 1.000000 327 191 247 315 1.937482 247 315 403 186 2.657778 
403 186 327 191 1.000000 327 191 181 364 2.972175 181 364 403 186 3.735986 
403 186 327 191 1.000000 327 191 213 395 3.068263 213 395 403 186 3.708500 
403 186 327 191 1.000000 327 191 144 396 3.607965 144 396 403 186 4.377880 
403 186 327 191 1.000000 327 191 228 416 3.227457 228 416 403 186 3.794520 
403 186 327 191 1.000000 327 191 110 429 4.228702 110 429 403 186 4.997810 
403 186 333 212 1.000000 333 212 249 232 1.156356 249 232 403 186 2.152373 
403 186 333 212 1.000000 333 212 205 309 2.150748 205 309 403 186 3.121551 
403 186 333 212 1.000000 333 212 247 315 1.796947 247 315 403 186 2.710870 
403 186 333 212 1.000000 333 212 181 364 2.878705 181 364 403 186 3.810617 
403 186 333 212 1.000000 333 212 213 395 2.930600 213 395 403 186 3.782582 
403 186 333 212 1.000000 333 212 144 396 3.532413 144 396 403 186 4.465334 
403 186 333 212 1.000000 333 212 228 416 3.072562 228 416 403 186 3.870320 
403 186 333 212 1.000000 333 212 110 429 4.166934 110 429 403 186 5.097648 
205 309 249 232 1.000000 249 232 403 186 1.812298 403 186 205 309 2.628346 
247 315 249 232 1.000000 249 232 403 186 1.935864 403 186 247 315 2.438181 
181 364 249 232 1.000000 249 232 403 186 1.082417 403 186 181 364 1.916338 
403 186 249 232 1.000000 249 232 213 395 1.038605 213 395 403 186 1.757400 
403 186 249 232 1.000000 249 232 144 396 1.211604 144 396 403 186 2.074609 
403 186 249 232 1.000000 249 232 228 416 1.152256 228 416 403 186 1.798164 
403 186 249 232 1.000000 249 232 110 429 1.500103 110 429 403 186 2.368384 
205 309 247 315 1.000000 247 315 403 186 4.771268 403 186 205 309 5.494088 
181 364 205 309 1.000000 205 309 403 186 3.884367 403 186 181 364 4.741821 
213 395 205 309 1.000000 205 309 403 186 2.698749 403 186 213 395 3.270245 
144 396 205 309 1.000000 205 309 403 186 2.193739 403 186 144 396 3.138111 
228 416 205 309 1.000000 205 309 403 186 2.129804 403 186 228 416 2.640682 
110 429 205 309 1.000000 205 309 403 186 1.522972 403 186 110 429 2.487089 
181 364 247 315 1.000000 247 315 403 186 2.462596 403 186 181 364 3.461623 
213 395 247 315 1.000000 247 315 403 186 2.328757 403 186 213 395 3.249404 
144 396 247 315 1.000000 247 315 403 186 1.544845 403 186 144 396 2.544662 
228 416 247 315 1.000000 247 315 403 186 1.969686 403 186 228 416 2.812128 
110 429 247 315 1.000000 247 315 403 186 1.135784 403 186 110 429 2.135781 
181 364 213 395 1.000000 213 395 403 186 6.339711 403 186 181 364 6.386699 
144 396 181 364 1.000000 181 364 403 186 5.816816 403 186 144 396 6.816225 
228 416 181 364 1.000000 181 364 403 186 4.059601 403 186 228 416 4.123204 
110 429 181 364 1.000000 181 364 403 186 2.956042 403 186 110 429 3.954441 
144 396 213 395 1.000000 213 395 403 186 4.093125 403 186 144 396 4.831930 
228 416 213 395 1.000000 213 395 403 186 10.944921 403 186 228 416 11.198791 
110 429 213 395 1.000000 213 395 403 186 2.604077 403 186 110 429 3.509419 
144 396 228 416 1.000000 228 416 403 186 3.346997 403 186 144 396 3.861556 
110 429 144 396 1.000000 144 396 403 186 7.037317 403 186 110 429 8.033837 
110 429 228 416 1.000000 228 416 403 186 2.434482 403 186 110 429 3.206487 
327 191 333 212 1.000000 333 212 249 232 3.953609 249 232 327 191 4.034703 
327 191 333 212 1.000000 333 212 205 309 7.353460 205 309 327 191 7.771366 
327 191 333 212 1.000000 333 212 247 315 6.143804 247 315 327 191 6.756626 
327 191 333 212 1.000000 333 212 181 364 9.842363 181 364 327 191 10.364934 
327 191 333 212 1.000000 333 212 213 395 10.019792 213 395 327 191 10.700026 
327 191 333 212 1.000000 333 212 144 396 12.077406 144 396 327 191 12.582141 
327 191 333 212 1.000000 333 212 228 416 10.505165 228 416 327 191 11.255187 
327 191 333 212 1.000000 333 212 110 429 14.246850 110 429 327 191 14.746851 
327 191 249 232 1.000000 249 232 205 309 1.006419 205 309 327 191 1.926131 
247 315 249 232 1.000000 249 232 327 191 1.061369 327 191 247 315 1.777399 
327 191 249 232 1.000000 249 232 181 364 1.685054 181 364 327 191 2.568946 
327 191 249 232 1.000000 249 232 213 395 1.894344 213 395 327 191 2.651999 
327 191 249 232 1.000000 249 232 144 396 2.209882 144 396 327 191 3.118480 
327 191 249 232 1.000000 249 232 228 416 2.101635 228 416 327 191 2.789595 
327 191 249 232 1.000000 249 232 110 429 2.736084 110 429 327 191 3.655003 
205 309 247 315 1.000000 247 315 327 191 3.478186 327 191 205 309 4.000556 
181 364 205 309 1.000000 205 309 327 191 2.828427 327 191 181 364 3.772369 
213 395 205 309 1.000000 205 309 327 191 1.965111 327 191 213 395 2.705669 
144 396 205 309 1.000000 205 309 327 191 1.597385 327 191 144 396 2.586228 
228 416 205 309 1.000000 205 309 327 191 1.550831 327 191 228 416 2.246052 
110 429 205 309 1.000000 205 309 327 191 1.108962 327 191 110 429 2.104353 
181 364 247 315 1.000000 247 315 327 191 1.795197 327 191 181 364 2.753904 
213 395 247 315 1.000000 247 315 327 191 1.697630 327 191 213 395 2.688426 
144 396 247 315 1.000000 247 315 327 191 1.126170 327 191 144 396 2.097146 
228 416 247 315 1.000000 247 315 327 191 1.435873 327 191 228 416 2.391877 
327 191 247 315 1.000000 247 315 110 429 1.207773 110 429 327 191 2.182576 
213 395 181 364 1.000000 181 364 327 191 5.080957 327 191 213 395 5.245221 
144 396 181 364 1.000000 181 364 327 191 4.627585 327 191 144 396 5.617491 
228 416 181 364 1.000000 181 364 327 191 3.229627 327 191 228 416 3.507022 
110 429 181 364 1.000000 181 364 327 191 2.351687 327 191 110 429 3.345895 
144 396 213 395 1.000000 213 395 327 191 3.386486 327 191 144 396 3.982163 
228 416 213 395 1.000000 213 395 327 191 9.055385 327 191 228 416 9.525215 
110 429 213 395 1.000000 213 395 327 191 2.154508 327 191 110 429 2.969358 
144 396 228 416 1.000000 228 416 327 191 2.846813 327 191 144 396 3.182444 
110 429 144 396 1.000000 144 396 327 191 5.799700 327 191 110 429 6.797517 
110 429 228 416 1.000000 228 416 327 191 2.070667 327 191 110 429 2.713043 
333 212 249 232 1.000000 249 232 205 309 1.027061 205 309 333 212 1.859936 
247 315 249 232 1.000000 249 232 333 212 1.040037 333 212 247 315 1.616190 
333 212 249 232 1.000000 249 232 181 364 1.719617 181 364 333 212 2.489463 
333 212 249 232 1.000000 249 232 213 395 1.933199 213 395 333 212 2.534340 
333 212 249 232 1.000000 249 232 144 396 2.255210 144 396 333 212 3.054780 
333 212 249 232 1.000000 249 232 228 416 2.144742 228 416 333 212 2.657107 
333 212 249 232 1.000000 249 232 110 429 2.792204 110 429 333 212 3.603505 
205 309 247 315 1.000000 247 315 333 212 3.162717 333 212 205 309 3.785425 
181 364 205 309 1.000000 205 309 333 212 2.676328 333 212 181 364 3.582177 
213 395 205 309 1.000000 205 309 333 212 1.859437 333 212 213 395 2.533661 
144 396 205 309 1.000000 205 309 333 212 1.511485 333 212 144 396 2.482481 
228 416 205 309 1.000000 205 309 333 212 1.467435 333 212 228 416 2.096380 
110 429 205 309 1.000000 205 309 333 212 1.049328 333 212 110 429 2.033004 
181 364 247 315 1.000000 247 315 333 212 1.632374 333 212 181 364 2.615060 
213 395 247 315 1.000000 247 315 333 212 1.543656 333 212 213 395 2.517514 
144 396 247 315 1.000000 247 315 333 212 1.024027 333 212 144 396 2.013018 
228 416 247 315 1.000000 247 315 333 212 1.305640 333 212 228 416 2.232487 
333 212 247 315 1.000000 247 315 110 429 1.328244 110 429 333 212 2.318897 
213 395 181 364 1.000000 181 364 333 212 4.824789 333 212 213 395 4.911766 
144 396 181 364 1.000000 181 364 333 212 4.394275 333 212 144 396 5.392144 
228 416 181 364 1.000000 181 364 333 212 3.066798 333 212 228 416 3.273322 
110 429 181 364 1.000000 181 364 333 212 2.233122 333 212 110 429 3.232451 
144 396 213 395 1.000000 213 395 333 212 3.171197 333 212 144 396 3.822418 
228 416 213 395 1.000000 213 395 333 212 8.479706 333 212 228 416 8.890475 
110 429 213 395 1.000000 213 395 333 212 2.017539 333 212 110 429 2.868680 
144 396 228 416 1.000000 228 416 333 212 2.657107 333 212 144 396 3.054780 
110 429 144 396 1.000000 144 396 333 212 5.567044 333 212 110 429 6.567043 
110 429 228 416 1.000000 228 416 333 212 1.932682 333 212 110 429 2.621056 
205 309 247 315 1.000000 247 315 249 232 1.956897 249 232 205 309 2.090322 
181 364 205 309 1.000000 205 309 249 232 1.477875 249 232 181 364 2.474418 
213 395 205 309 1.000000 205 309 249 232 1.026786 249 232 213 395 1.932681 
249 232 205 309 1.000000 205 309 144 396 1.198113 144 396 249 232 2.195789 
249 232 205 309 1.000000 205 309 228 416 1.234079 228 416 249 232 2.088232 
249 232 205 309 1.000000 205 309 110 429 1.725800 110 429 249 232 2.718634 
181 364 247 315 1.000000 247 315 249 232 1.010014 249 232 181 364 1.806374 
249 232 247 315 1.000000 247 315 213 395 1.046988 213 395 249 232 2.010599 
249 232 247 315 1.000000 247 315 144 396 1.578269 144 396 249 232 2.345502 
249 232 247 315 1.000000 247 315 228 416 1.237853 228 416 249 232 2.230611 
249 232 247 315 1.000000 247 315 110 429 2.146695 110 429 249 232 2.903996 
213 395 181 364 1.000000 181 364 249 232 3.332762 249 232 213 395 3.746703 
144 396 181 364 1.000000 181 364 249 232 3.035381 249 232 144 396 3.980783 
228 416 181 364 1.000000 181 364 249 232 2.118416 249 232 228 416 2.642133 
110 429 181 364 1.000000 181 364 249 232 1.542547 249 232 110 429 2.504690 
144 396 213 395 1.000000 213 395 249 232 2.418994 249 232 144 396 2.821923 
228 416 213 395 1.000000 213 395 249 232 6.468334 249 232 228 416 7.176141 
110 429 213 395 1.000000 213 395 249 232 1.538982 249 232 110 429 2.222819 
144 396 228 416 1.000000 228 416 249 232 2.144742 249 232 144 396 2.255210 
110 429 144 396 1.000000 144 396 249 232 4.109904 249 232 110 429 5.088526 
110 429 228 416 1.000000 228 416 249 232 1.560006 249 232 110 429 2.030946 
247 315 205 309 1.000000 205 309 181 364 1.414410 181 364 247 315 1.937496 
247 315 205 309 1.000000 205 309 213 395 2.035791 213 395 247 315 2.048848 
247 315 205 309 1.000000 205 309 144 396 2.504441 144 396 247 315 3.088509 
205 309 247 315 1.000000 247 315 228 416 2.422350 228 416 205 309 2.579621 
247 315 205 309 1.000000 205 309 110 429 3.607477 110 429 247 315 4.200860 
213 395 181 364 1.000000 181 364 205 309 1.346887 205 309 213 395 1.938604 
144 396 181 364 1.000000 181 364 205 309 1.226705 205 309 144 396 2.172079 
205 309 181 364 1.000000 181 364 228 416 1.168051 228 416 205 309 1.823814 
205 309 181 364 1.000000 181 364 110 429 1.604112 110 429 205 309 2.550517 
144 396 213 395 1.000000 213 395 205 309 1.251626 205 309 144 396 1.539757 
228 416 213 395 1.000000 213 395 205 309 3.346820 205 309 228 416 4.240871 
205 309 213 395 1.000000 213 395 110 429 1.255818 110 429 205 309 1.772027 
228 416 144 396 1.000000 144 396 205 309 1.230535 205 309 228 416 1.267474 
110 429 144 396 1.000000 144 396 205 309 2.242533 205 309 110 429 3.230216 
205 309 228 416 1.000000 228 416 110 429 1.084700 110 429 205 309 1.398452 
213 395 181 364 1.000000 181 364 247 315 1.845001 247 315 213 395 1.951038 
144 396 181 364 1.000000 181 364 247 315 1.680373 247 315 144 396 2.678637 
228 416 181 364 1.000000 181 364 247 315 1.172745 247 315 228 416 1.466222 
247 315 181 364 1.000000 181 364 110 429 1.171033 110 429 247 315 2.168191 
144 396 213 395 1.000000 213 395 247 315 1.259654 247 315 144 396 1.898849 
228 416 213 395 1.000000 213 395 247 315 3.368285 247 315 228 416 3.982318 
247 315 213 395 1.000000 213 395 110 429 1.247814 110 429 247 315 2.050352 
144 396 228 416 1.000000 228 416 247 315 1.190201 247 315 144 396 1.517512 
110 429 144 396 1.000000 144 396 247 315 2.765521 247 315 110 429 3.761545 
247 315 228 416 1.000000 228 416 110 429 1.155124 110 429 247 315 1.734209 
213 395 181 364 1.000000 181 364 144 396 1.097972 144 396 213 395 1.548868 
228 416 213 395 1.000000 213 395 181 364 1.726407 181 364 228 416 2.716041 
213 395 181 364 1.000000 181 364 110 429 2.160558 110 429 213 395 2.434533 
144 396 181 364 1.000000 181 364 228 416 1.432854 228 416 144 396 1.765150 
110 429 144 396 1.000000 144 396 181 364 1.032436 181 364 110 429 2.031599 
228 416 181 364 1.000000 181 364 110 429 1.373323 110 429 228 416 1.693668 
228 416 213 395 1.000000 213 395 144 396 2.673976 144 396 228 416 3.345922 
110 429 144 396 1.000000 144 396 213 395 1.456420 213 395 110 429 2.289221 
228 416 213 395 1.000000 213 395 110 429 4.202995 110 429 228 416 4.600072 
110 429 144 396 1.000000 144 396 228 416 1.822404 228 416 110 429 2.505495 