CoronaAustralis
5 4 10
0 102 162 
1 84 191 
2 85 239 
3 100 277 
4 320 328
0 1
1 2
2 3
3 4 
102 162 84 191 1.000000 84 191 85 239 1.406606 85 239 102 162 2.310268 
102 162 84 191 1.000000 84 191 100 277 2.562858 100 277 102 162 3.369772 
102 162 84 191 1.000000 84 191 320 328 7.994902 320 328 102 162 8.027849 
100 277 85 239 1.000000 85 239 102 162 1.930177 102 162 100 277 2.815369 
102 162 85 239 1.000000 85 239 320 328 3.186747 320 328 102 162 3.474856 
102 162 100 277 1.000000 100 277 320 328 1.963477 320 328 102 162 2.382312 
100 277 85 239 1.000000 85 239 84 191 1.175188 84 191 100 277 2.141210 
84 191 85 239 1.000000 85 239 320 328 5.234045 320 328 84 191 5.683824 
84 191 100 277 1.000000 100 277 320 328 2.581677 320 328 84 191 3.119526 
85 239 100 277 1.000000 100 277 320 328 5.527913 320 328 85 239 6.150986 