13 286
0 233 251 
1 187 323 
2 313 345 
3 356 349 
4 504 356 
5 599 357 
6 230 362 
7 195 368 
8 563 368 
9 635 392 
10 130 395 
11 560 415 
12 607 418 
187 323 233 251 1.000000 233 251 313 345 1.444688 313 345 187 323 1.497029 
187 323 233 251 1.000000 233 251 356 349 1.840674 356 349 187 323 2.001267 
187 323 233 251 1.000000 233 251 504 356 3.401571 504 356 187 323 3.730254 
187 323 233 251 1.000000 233 251 599 357 4.459744 599 357 187 323 4.838487 
230 362 187 323 1.000000 187 323 233 251 1.471792 233 251 230 362 1.912787 
195 368 187 323 1.000000 187 323 233 251 1.869357 233 251 195 368 2.691493 
187 323 233 251 1.000000 233 251 563 368 4.097928 563 368 187 323 4.432152 
187 323 233 251 1.000000 233 251 635 392 4.986077 635 392 187 323 5.305270 
233 251 187 323 1.000000 187 323 130 395 1.074805 130 395 233 251 2.072157 
187 323 233 251 1.000000 233 251 560 415 4.281611 560 415 187 323 4.496467 
187 323 233 251 1.000000 233 251 607 418 4.793903 607 418 187 323 5.039909 
356 349 313 345 1.000000 313 345 233 251 2.858223 233 251 356 349 3.641657 
233 251 313 345 1.000000 313 345 504 356 1.549947 504 356 233 251 2.354537 
233 251 313 345 1.000000 313 345 599 357 2.319063 599 357 233 251 3.086995 
313 345 230 362 1.000000 230 362 233 251 1.310629 233 251 313 345 1.456913 
313 345 195 368 1.000000 195 368 233 251 1.023254 233 251 313 345 1.026731 
233 251 313 345 1.000000 313 345 563 368 2.033924 563 368 233 251 2.836549 
233 251 313 345 1.000000 313 345 635 392 2.636320 635 392 233 251 3.451317 
313 345 233 251 1.000000 233 251 130 395 1.434329 130 395 313 345 1.536913 
233 251 313 345 1.000000 313 345 560 415 2.079873 560 415 233 251 2.963693 
233 251 313 345 1.000000 313 345 607 418 2.454161 607 418 233 251 3.318297 
504 356 356 349 1.000000 356 349 233 251 1.061430 233 251 504 356 1.961526 
233 251 356 349 1.000000 356 349 599 357 1.545977 599 357 233 251 2.422886 
233 251 230 362 1.000000 230 362 356 349 1.140744 356 349 233 251 1.416305 
195 368 233 251 1.000000 233 251 356 349 1.278427 356 349 195 368 1.317852 
233 251 356 349 1.000000 356 349 563 368 1.321763 563 368 233 251 2.226319 
233 251 356 349 1.000000 356 349 635 392 1.794996 635 392 233 251 2.708831 
356 349 233 251 1.000000 233 251 130 395 1.125760 130 395 356 349 1.466509 
233 251 356 349 1.000000 356 349 560 415 1.363353 560 415 233 251 2.326110 
233 251 356 349 1.000000 356 349 607 418 1.655216 607 418 233 251 2.604428 
599 357 504 356 1.000000 504 356 233 251 3.059097 233 251 599 357 4.010732 
233 251 230 362 1.000000 230 362 504 356 2.468159 504 356 233 251 2.617336 
195 368 233 251 1.000000 233 251 504 356 2.362536 504 356 195 368 2.513757 
563 368 504 356 1.000000 504 356 233 251 4.827107 233 251 563 368 5.815295 
635 392 504 356 1.000000 504 356 233 251 2.139244 233 251 635 392 3.135738 
130 395 233 251 1.000000 233 251 504 356 1.641560 504 356 130 395 2.123909 
560 415 504 356 1.000000 504 356 233 251 3.572814 233 251 560 415 4.497157 
607 418 504 356 1.000000 504 356 233 251 2.417475 233 251 607 418 3.406996 
233 251 230 362 1.000000 230 362 599 357 3.323416 599 357 233 251 3.431546 
195 368 233 251 1.000000 233 251 599 357 3.097482 599 357 195 368 3.285336 
599 357 563 368 1.000000 563 368 233 251 9.301239 233 251 599 357 10.122468 
635 392 599 357 1.000000 599 357 233 251 7.589006 233 251 635 392 8.484650 
130 395 233 251 1.000000 233 251 599 357 2.152223 599 357 130 395 2.657722 
599 357 560 415 1.000000 560 415 233 251 5.234032 233 251 599 357 5.451789 
607 418 599 357 1.000000 599 357 233 251 6.193532 233 251 607 418 6.657601 
195 368 230 362 1.000000 230 362 233 251 3.126972 233 251 195 368 3.464216 
233 251 230 362 1.000000 230 362 563 368 2.999392 563 368 233 251 3.153147 
233 251 230 362 1.000000 230 362 635 392 3.657309 635 392 233 251 3.836532 
130 395 230 362 1.000000 230 362 233 251 1.054473 233 251 130 395 1.681272 
233 251 230 362 1.000000 230 362 560 415 3.009973 560 415 233 251 3.294482 
233 251 230 362 1.000000 230 362 607 418 3.432408 607 418 233 251 3.688664 
195 368 233 251 1.000000 233 251 563 368 2.846186 563 368 195 368 2.991474 
195 368 233 251 1.000000 233 251 635 392 3.463043 635 392 195 368 3.582080 
130 395 195 368 1.000000 195 368 233 251 1.747771 233 251 130 395 2.515395 
195 368 233 251 1.000000 233 251 560 415 2.973761 560 415 195 368 2.991585 
195 368 233 251 1.000000 233 251 607 418 3.329570 607 418 195 368 3.373724 
635 392 563 368 1.000000 563 368 233 251 4.613330 233 251 635 392 5.613182 
130 395 233 251 1.000000 233 251 563 368 1.977614 563 368 130 395 2.450453 
560 415 563 368 1.000000 563 368 233 251 7.434384 233 251 560 415 7.767618 
607 418 563 368 1.000000 563 368 233 251 5.256903 233 251 607 418 6.149714 
130 395 233 251 1.000000 233 251 635 392 2.406225 635 392 130 395 2.852429 
635 392 560 415 1.000000 560 415 233 251 4.663263 233 251 635 392 5.430523 
635 392 607 418 1.000000 607 418 233 251 10.719493 233 251 635 392 11.149206 
130 395 233 251 1.000000 233 251 560 415 2.066258 560 415 130 395 2.431384 
130 395 233 251 1.000000 233 251 607 418 2.313484 607 418 130 395 2.697358 
607 418 560 415 1.000000 560 415 233 251 7.767618 233 251 607 418 8.697009 
356 349 313 345 1.000000 313 345 187 323 2.961776 187 323 356 349 3.959378 
187 323 313 345 1.000000 313 345 504 356 1.495756 504 356 187 323 2.491771 
187 323 313 345 1.000000 313 345 599 357 2.237981 599 357 187 323 3.232060 
187 323 230 362 1.000000 230 362 313 345 1.459442 313 345 187 323 2.203316 
187 323 195 368 1.000000 195 368 313 345 2.630327 313 345 187 323 2.798481 
187 323 313 345 1.000000 313 345 563 368 1.962811 563 368 187 323 2.960632 
187 323 313 345 1.000000 313 345 635 392 2.544146 635 392 187 323 3.543866 
130 395 187 323 1.000000 187 323 313 345 1.392838 313 345 130 395 2.065826 
187 323 313 345 1.000000 313 345 560 415 2.007154 560 415 187 323 3.003594 
187 323 313 345 1.000000 313 345 607 418 2.368355 607 418 187 323 3.366608 
504 356 356 349 1.000000 356 349 187 323 1.154036 187 323 504 356 2.151062 
187 323 356 349 1.000000 356 349 599 357 1.421920 599 357 187 323 2.417712 
187 323 230 362 1.000000 230 362 356 349 2.182001 356 349 187 323 2.945449 
187 323 195 368 1.000000 195 368 356 349 3.546990 356 349 187 323 3.741082 
187 323 356 349 1.000000 356 349 563 368 1.215698 563 368 187 323 2.214673 
187 323 356 349 1.000000 356 349 635 392 1.650956 635 392 187 323 2.650956 
130 395 187 323 1.000000 187 323 356 349 1.861981 356 349 130 395 2.511494 
187 323 356 349 1.000000 356 349 560 415 1.253950 560 415 187 323 2.246811 
187 323 356 349 1.000000 356 349 607 418 1.522393 607 418 187 323 2.518360 
599 357 504 356 1.000000 504 356 187 323 3.354688 187 323 599 357 4.351343 
187 323 230 362 1.000000 230 362 504 356 4.721062 504 356 187 323 5.490158 
187 323 195 368 1.000000 195 368 504 356 6.765759 504 356 187 323 6.973176 
563 368 504 356 1.000000 504 356 187 323 5.293535 187 323 563 368 6.289586 
635 392 504 356 1.000000 504 356 187 323 2.345953 187 323 635 392 3.336479 
130 395 187 323 1.000000 187 323 504 356 3.470634 504 356 130 395 4.094766 
560 415 504 356 1.000000 504 356 187 323 3.918044 187 323 560 415 4.722830 
607 418 504 356 1.000000 504 356 187 323 2.651068 187 323 607 418 3.581831 
187 323 230 362 1.000000 230 362 599 357 6.356986 599 357 187 323 7.121248 
187 323 195 368 1.000000 195 368 599 357 8.842459 599 357 187 323 9.044859 
599 357 563 368 1.000000 563 368 187 323 10.059842 187 323 599 357 10.982118 
635 392 599 357 1.000000 599 357 187 323 8.233502 187 323 635 392 9.027812 
130 395 187 323 1.000000 187 323 599 357 4.501736 599 357 130 395 5.123924 
599 357 560 415 1.000000 560 415 187 323 5.496682 187 323 599 357 5.914782 
607 418 599 357 1.000000 599 357 187 323 6.719518 187 323 607 418 6.999245 
230 362 195 368 1.000000 195 368 187 323 1.287098 187 323 230 362 1.634773 
187 323 230 362 1.000000 230 362 563 368 5.737197 563 368 187 323 6.523207 
187 323 230 362 1.000000 230 362 635 392 6.995654 635 392 187 323 7.808255 
230 362 187 323 1.000000 187 323 130 395 1.581889 130 395 230 362 1.813975 
187 323 230 362 1.000000 230 362 560 415 5.757436 560 415 187 323 6.617865 
187 323 230 362 1.000000 230 362 607 418 6.565466 607 418 187 323 7.417699 
187 323 195 368 1.000000 195 368 563 368 8.051533 563 368 187 323 8.285274 
187 323 195 368 1.000000 195 368 635 392 9.641144 635 392 187 323 9.917443 
187 323 195 368 1.000000 195 368 130 395 1.539958 130 395 187 323 2.009194 
187 323 195 368 1.000000 195 368 560 415 8.051831 560 415 187 323 8.405502 
187 323 195 368 1.000000 195 368 607 418 9.080355 607 418 187 323 9.421389 
635 392 563 368 1.000000 563 368 187 323 4.989590 187 323 635 392 5.972521 
130 395 187 323 1.000000 187 323 563 368 4.123681 563 368 130 395 4.724322 
560 415 563 368 1.000000 563 368 187 323 8.040727 187 323 560 415 8.157407 
607 418 563 368 1.000000 563 368 187 323 5.685653 187 323 607 418 6.465295 
130 395 187 323 1.000000 187 323 635 392 4.936031 635 392 130 395 5.499307 
635 392 560 415 1.000000 560 415 187 323 4.897271 187 323 635 392 5.778168 
635 392 607 418 1.000000 607 418 187 323 11.269580 187 323 635 392 11.862944 
130 395 187 323 1.000000 187 323 560 415 4.183520 560 415 130 395 4.687558 
130 395 187 323 1.000000 187 323 607 418 4.689139 607 418 130 395 5.200338 
607 418 560 415 1.000000 560 415 187 323 8.157407 187 323 607 418 9.143308 
313 345 356 349 1.000000 356 349 504 356 3.430896 504 356 313 345 4.430094 
313 345 356 349 1.000000 356 349 599 357 5.629918 599 357 313 345 6.628398 
356 349 313 345 1.000000 313 345 230 362 1.961834 230 362 356 349 2.933124 
356 349 313 345 1.000000 313 345 195 368 2.783810 195 368 356 349 3.753961 
313 345 356 349 1.000000 356 349 563 368 4.813408 563 368 313 345 5.813408 
313 345 356 349 1.000000 356 349 635 392 6.536759 635 392 313 345 7.535190 
356 349 313 345 1.000000 313 345 130 395 4.392841 130 395 356 349 5.340522 
313 345 356 349 1.000000 356 349 560 415 4.964863 560 415 313 345 5.944741 
313 345 356 349 1.000000 356 349 607 418 6.027729 607 418 313 345 7.014539 
599 357 504 356 1.000000 504 356 313 345 2.013746 313 345 599 357 3.013008 
230 362 313 345 1.000000 313 345 504 356 2.258139 504 356 230 362 3.234841 
195 368 313 345 1.000000 313 345 504 356 1.591378 504 356 195 368 2.572212 
563 368 504 356 1.000000 504 356 313 345 3.177594 313 345 563 368 4.169809 
635 392 504 356 1.000000 504 356 313 345 1.408224 313 345 635 392 2.395262 
130 395 313 345 1.000000 313 345 504 356 1.008481 504 356 130 395 1.982144 
560 415 504 356 1.000000 504 356 313 345 2.351916 313 345 560 415 3.156035 
607 418 504 356 1.000000 504 356 313 345 1.591378 313 345 607 418 2.519762 
230 362 313 345 1.000000 313 345 599 357 3.378674 599 357 230 362 4.355766 
195 368 313 345 1.000000 313 345 599 357 2.381053 599 357 195 368 3.361734 
599 357 563 368 1.000000 563 368 313 345 6.669377 313 345 599 357 7.604367 
635 392 599 357 1.000000 599 357 313 345 5.701138 313 345 635 392 6.481077 
130 395 313 345 1.000000 313 345 599 357 1.508909 599 357 130 395 2.480326 
599 357 560 415 1.000000 560 415 313 345 3.673162 313 345 599 357 4.095583 
607 418 599 357 1.000000 599 357 313 345 4.652807 313 345 607 418 4.923859 
195 368 230 362 1.000000 230 362 313 345 2.385856 313 345 195 368 3.385489 
230 362 313 345 1.000000 313 345 563 368 2.963251 563 368 230 362 3.931090 
230 362 313 345 1.000000 313 345 635 392 3.840890 635 392 230 362 4.793376 
313 345 230 362 1.000000 230 362 130 395 1.242924 130 395 313 345 2.239150 
230 362 313 345 1.000000 313 345 560 415 3.030195 560 415 230 362 3.944958 
230 362 313 345 1.000000 313 345 607 418 3.575500 607 418 230 362 4.498614 
195 368 313 345 1.000000 313 345 563 368 2.088292 563 368 195 368 3.061039 
195 368 313 345 1.000000 313 345 635 392 2.706790 635 392 195 368 3.665378 
130 395 195 368 1.000000 195 368 313 345 1.708052 313 345 130 395 2.695299 
195 368 313 345 1.000000 313 345 560 415 2.135469 560 415 195 368 3.061152 
195 368 313 345 1.000000 313 345 607 418 2.519762 607 418 195 368 3.452177 
635 392 563 368 1.000000 563 368 313 345 3.307950 313 345 635 392 4.287680 
130 395 313 345 1.000000 313 345 563 368 1.323382 563 368 130 395 2.286892 
560 415 563 368 1.000000 563 368 313 345 5.330764 313 345 560 415 5.451193 
607 418 563 368 1.000000 563 368 313 345 3.769419 313 345 607 418 4.548234 
130 395 313 345 1.000000 313 345 635 392 1.715334 635 392 130 395 2.662037 
635 392 560 415 1.000000 560 415 313 345 3.272605 313 345 635 392 4.148154 
635 392 607 418 1.000000 607 418 313 345 7.927972 313 345 635 392 8.516422 
130 395 313 345 1.000000 313 345 560 415 1.353279 560 415 130 395 2.269096 
130 395 313 345 1.000000 313 345 607 418 1.596811 607 418 130 395 2.517316 
607 418 560 415 1.000000 560 415 313 345 5.451193 313 345 607 418 6.432174 
599 357 504 356 1.000000 504 356 356 349 1.559550 356 349 599 357 2.559139 
230 362 356 349 1.000000 356 349 504 356 1.169707 504 356 230 362 2.163639 
504 356 356 349 1.000000 356 349 195 368 1.094164 195 368 504 356 2.087079 
563 368 504 356 1.000000 504 356 356 349 2.460894 356 349 563 368 3.452535 
635 392 504 356 1.000000 504 356 356 349 1.090602 356 349 635 392 2.077884 
504 356 356 349 1.000000 356 349 130 395 1.556597 130 395 504 356 2.537892 
560 415 504 356 1.000000 504 356 356 349 1.821446 356 349 560 415 2.635822 
607 418 504 356 1.000000 504 356 356 349 1.232446 356 349 607 418 2.165280 
230 362 356 349 1.000000 356 349 599 357 1.919427 599 357 230 362 2.913375 
195 368 356 349 1.000000 356 349 599 357 1.499727 599 357 195 368 2.492947 
599 357 563 368 1.000000 563 368 356 349 5.522137 356 349 599 357 6.458870 
635 392 599 357 1.000000 599 357 356 349 4.842338 356 349 635 392 5.622319 
130 395 356 349 1.000000 356 349 599 357 1.054189 599 357 130 395 2.040190 
599 357 560 415 1.000000 560 415 356 349 3.067711 356 349 599 357 3.478638 
607 418 599 357 1.000000 599 357 356 349 3.951924 356 349 607 418 4.231167 
195 368 230 362 1.000000 230 362 356 349 3.567076 356 349 195 368 4.565325 
230 362 356 349 1.000000 356 349 563 368 1.641052 563 368 230 362 2.629329 
230 362 356 349 1.000000 356 349 635 392 2.228600 635 392 230 362 3.206073 
130 395 230 362 1.000000 230 362 356 349 1.202884 356 349 130 395 2.190166 
230 362 356 349 1.000000 356 349 560 415 1.692688 560 415 230 362 2.638604 
230 362 356 349 1.000000 356 349 607 418 2.055054 607 418 230 362 3.008920 
195 368 356 349 1.000000 356 349 563 368 1.282221 563 368 195 368 2.269962 
195 368 356 349 1.000000 356 349 635 392 1.741296 635 392 195 368 2.718120 
130 395 195 368 1.000000 195 368 356 349 2.303304 356 349 130 395 3.276764 
195 368 356 349 1.000000 356 349 560 415 1.322566 560 415 195 368 2.270046 
195 368 356 349 1.000000 356 349 607 418 1.605698 607 418 195 368 2.560017 
635 392 563 368 1.000000 563 368 356 349 2.738930 356 349 635 392 3.719552 
563 368 356 349 1.000000 356 349 130 395 1.109510 130 395 563 368 2.087077 
560 415 563 368 1.000000 563 368 356 349 4.413787 356 349 560 415 4.552667 
607 418 563 368 1.000000 563 368 356 349 3.121019 356 349 607 418 3.908385 
130 395 356 349 1.000000 356 349 635 392 1.223992 635 392 130 395 2.189656 
635 392 560 415 1.000000 560 415 356 349 2.733178 356 349 635 392 3.598514 
635 392 607 418 1.000000 607 418 356 349 6.812659 356 349 635 392 7.387976 
560 415 356 349 1.000000 356 349 130 395 1.075664 130 395 560 415 2.007664 
130 395 356 349 1.000000 356 349 607 418 1.128678 607 418 130 395 2.070616 
607 418 560 415 1.000000 560 415 356 349 4.552667 356 349 607 418 5.527291 
599 357 504 356 1.000000 504 356 230 362 2.884742 230 362 599 357 3.884352 
599 357 504 356 1.000000 504 356 195 368 3.254903 195 368 599 357 4.253972 
599 357 563 368 1.000000 563 368 504 356 1.599444 504 356 599 357 2.523845 
635 392 599 357 1.000000 599 357 504 356 1.892175 504 356 635 392 2.705790 
599 357 504 356 1.000000 504 356 130 395 3.957969 130 395 599 357 4.952746 
599 357 560 415 1.000000 560 415 504 356 1.163853 504 356 599 357 1.359300 
607 418 599 357 1.000000 599 357 504 356 1.544240 504 356 607 418 1.954097 
195 368 230 362 1.000000 230 362 504 356 7.717864 504 356 195 368 8.708196 
563 368 504 356 1.000000 504 356 230 362 4.551983 230 362 563 368 5.531727 
635 392 504 356 1.000000 504 356 230 362 2.017317 230 362 635 392 2.989253 
130 395 230 362 1.000000 230 362 504 356 2.602606 504 356 130 395 3.570869 
560 415 504 356 1.000000 504 356 230 362 3.369179 230 362 560 415 4.108786 
607 418 504 356 1.000000 504 356 230 362 2.279689 230 362 607 418 3.170308 
563 368 504 356 1.000000 504 356 195 368 5.136079 195 368 563 368 6.112147 
635 392 504 356 1.000000 504 356 195 368 2.276172 195 368 635 392 3.243525 
130 395 195 368 1.000000 195 368 504 356 4.393471 504 356 130 395 5.342470 
560 415 504 356 1.000000 504 356 195 368 3.801501 195 368 560 415 4.524111 
607 418 504 356 1.000000 504 356 195 368 2.572212 195 368 607 418 3.452177 
504 356 563 368 1.000000 563 368 635 392 1.260542 635 392 504 356 2.256454 
563 368 504 356 1.000000 504 356 130 395 6.245484 130 395 563 368 7.205707 
560 415 563 368 1.000000 563 368 504 356 1.278419 504 356 560 415 1.727229 
504 356 563 368 1.000000 563 368 607 418 1.106221 607 418 504 356 1.996756 
635 392 504 356 1.000000 504 356 130 395 2.767831 130 395 635 392 3.717222 
635 392 560 415 1.000000 560 415 504 356 1.036936 504 356 635 392 1.731816 
635 392 607 418 1.000000 607 418 504 356 3.146318 504 356 635 392 3.555528 
560 415 504 356 1.000000 504 356 130 395 4.622634 130 395 560 415 5.291845 
607 418 504 356 1.000000 504 356 130 395 3.127815 130 395 607 418 3.972315 
607 418 560 415 1.000000 560 415 504 356 1.727229 504 356 607 418 2.552691 
195 368 230 362 1.000000 230 362 599 357 10.392229 599 357 195 368 11.381113 
599 357 563 368 1.000000 563 368 230 362 8.847688 230 362 599 357 9.803503 
635 392 599 357 1.000000 599 357 230 362 7.349873 230 362 635 392 8.088292 
130 395 230 362 1.000000 230 362 599 357 3.504451 599 357 130 395 4.468353 
599 357 560 415 1.000000 560 415 230 362 4.782025 230 362 599 357 5.280000 
607 418 599 357 1.000000 599 357 230 362 5.998371 230 362 607 418 6.195089 
599 357 563 368 1.000000 563 368 195 368 9.776038 195 368 599 357 10.736367 
635 392 599 357 1.000000 599 357 195 368 8.049258 195 368 635 392 8.776298 
130 395 195 368 1.000000 195 368 599 357 5.742015 599 357 130 395 6.685220 
599 357 560 415 1.000000 560 415 195 368 5.265402 195 368 599 357 5.782425 
607 418 599 357 1.000000 599 357 195 368 6.569153 195 368 607 418 6.745888 
563 368 599 357 1.000000 599 357 635 392 1.333833 635 392 563 368 2.016166 
599 357 563 368 1.000000 563 368 130 395 11.525125 130 395 599 357 12.499965 
599 357 563 368 1.000000 563 368 560 415 1.251111 560 415 599 357 1.856724 
563 368 599 357 1.000000 599 357 607 418 1.634361 607 418 563 368 1.769338 
635 392 599 357 1.000000 599 357 130 395 9.371461 130 395 635 392 10.058023 
635 392 599 357 1.000000 599 357 560 415 1.392021 560 415 635 392 1.562400 
607 418 635 392 1.000000 635 392 599 357 1.314044 599 357 607 418 1.610114 
599 357 560 415 1.000000 560 415 130 395 6.158932 130 395 599 357 6.732268 
607 418 599 357 1.000000 599 357 130 395 7.648227 130 395 607 418 7.762287 
560 415 607 418 1.000000 607 418 599 357 1.306328 599 357 560 415 1.484060 
195 368 230 362 1.000000 230 362 563 368 9.379014 563 368 195 368 10.363114 
195 368 230 362 1.000000 230 362 635 392 11.436304 635 392 195 368 12.409099 
230 362 195 368 1.000000 195 368 130 395 1.982077 130 395 230 362 2.965437 
195 368 230 362 1.000000 230 362 560 415 9.412100 560 415 195 368 10.363497 
195 368 230 362 1.000000 230 362 607 418 10.733045 607 418 195 368 11.687309 
635 392 563 368 1.000000 563 368 230 362 4.388372 230 362 635 392 5.350964 
130 395 230 362 1.000000 230 362 563 368 3.162777 563 368 130 395 4.119878 
560 415 563 368 1.000000 563 368 230 362 7.071865 230 362 560 415 7.096812 
607 418 563 368 1.000000 563 368 230 362 5.000564 230 362 607 418 5.722486 
130 395 230 362 1.000000 230 362 635 392 3.856533 635 392 130 395 4.795709 
635 392 560 415 1.000000 560 415 230 362 4.260547 230 362 635 392 5.176837 
635 392 607 418 1.000000 607 418 230 362 9.974797 230 362 635 392 10.628374 
130 395 230 362 1.000000 230 362 560 415 3.173934 560 415 130 395 4.087818 
130 395 230 362 1.000000 230 362 607 418 3.619381 607 418 130 395 4.534991 
607 418 560 415 1.000000 560 415 230 362 7.096812 230 362 607 418 8.092817 
635 392 563 368 1.000000 563 368 195 368 4.848826 195 368 635 392 5.806127 
130 395 195 368 1.000000 195 368 563 368 5.228412 563 368 130 395 6.163857 
560 415 563 368 1.000000 563 368 195 368 7.813886 195 368 560 415 7.814174 
607 418 563 368 1.000000 563 368 195 368 5.525251 195 368 607 418 6.231266 
130 395 195 368 1.000000 195 368 635 392 6.260655 635 392 130 395 7.174986 
635 392 560 415 1.000000 560 415 195 368 4.691213 195 368 635 392 5.617189 
635 392 607 418 1.000000 607 418 195 368 10.861645 195 368 635 392 11.532444 
130 395 195 368 1.000000 195 368 560 415 5.228605 560 415 130 395 6.115891 
130 395 195 368 1.000000 195 368 607 418 5.896497 607 418 130 395 6.784919 
607 418 560 415 1.000000 560 415 195 368 7.814174 195 368 607 418 8.812341 
635 392 563 368 1.000000 563 368 130 395 5.716357 130 395 635 392 6.654077 
560 415 563 368 1.000000 563 368 635 392 1.611501 635 392 560 415 1.665705 
635 392 607 418 1.000000 607 418 563 368 1.743088 563 368 635 392 1.986254 
563 368 560 415 1.000000 560 415 130 395 9.140226 130 395 563 368 9.211913 
607 418 563 368 1.000000 563 368 130 395 6.513806 130 395 607 418 7.170128 
563 368 560 415 1.000000 560 415 607 418 1.000000 607 418 563 368 1.414214 
635 392 560 415 1.000000 560 415 130 395 5.487303 130 395 635 392 6.437545 
635 392 607 418 1.000000 607 418 130 395 12.498164 130 395 635 392 13.216687 
635 392 607 418 1.000000 607 418 560 415 1.232549 560 415 635 392 2.053063 
607 418 560 415 1.000000 560 415 130 395 9.140226 130 395 607 418 10.140092 