Volans
5 6 10
0 215 173 
1 106 196 
2 412 243 
3 268 246 
4 415 322 
0 1
0 3
1 3
2 3
2 4
3 4
106 196 215 173 1.000000 215 173 412 243 1.876720 412 243 106 196 2.779066 
268 246 215 173 1.000000 215 173 106 196 1.234887 106 196 268 246 1.879381 
106 196 215 173 1.000000 215 173 415 322 2.238787 415 322 106 196 2.995524 
215 173 268 246 1.000000 268 246 412 243 1.596606 412 243 215 173 2.317537 
415 322 412 243 1.000000 412 243 215 173 2.644511 215 173 415 322 3.154704 
215 173 268 246 1.000000 268 246 415 322 1.834415 415 322 215 173 2.764648 
412 243 268 246 1.000000 268 246 106 196 1.177110 106 196 412 243 2.149453 
415 322 412 243 1.000000 412 243 106 196 3.916018 106 196 415 322 4.221033 
415 322 268 246 1.000000 268 246 106 196 1.024512 106 196 415 322 2.016519 
415 322 412 243 1.000000 412 243 268 246 1.821867 268 246 415 322 2.093227 