15 455
0 410 48 
1 242 61 
2 436 60 
3 475 83 
4 385 96 
5 369 139 
6 200 160 
7 296 167 
8 380 222 
9 334 234 
10 190 252 
11 218 271 
12 299 305 
13 420 336 
14 302 426 
436 60 410 48 1.000000 410 48 242 61 5.884353 242 61 436 60 6.774864 
475 83 410 48 1.000000 410 48 242 61 2.282482 242 61 475 83 3.170188 
410 48 385 96 1.000000 385 96 242 61 2.720256 242 61 410 48 3.113479 
410 48 369 139 1.000000 369 139 242 61 1.493242 242 61 410 48 1.688233 
200 160 242 61 1.000000 242 61 410 48 1.566869 410 48 200 160 2.213116 
242 61 296 167 1.000000 296 167 410 48 1.385262 410 48 242 61 1.416435 
242 61 410 48 1.000000 410 48 380 222 1.047863 380 222 242 61 1.258438 
410 48 242 61 1.000000 242 61 334 234 1.162841 334 234 410 48 1.192434 
410 48 242 61 1.000000 242 61 190 252 1.174774 190 252 410 48 1.780550 
410 48 242 61 1.000000 242 61 218 271 1.254387 218 271 410 48 1.746368 
410 48 242 61 1.000000 242 61 299 305 1.487039 299 305 410 48 1.661381 
242 61 410 48 1.000000 410 48 420 336 1.710206 420 336 242 61 1.944072 
410 48 242 61 1.000000 242 61 302 426 2.195215 302 426 410 48 2.333061 
410 48 436 60 1.000000 436 60 475 83 1.581139 475 83 410 48 2.578050 
436 60 410 48 1.000000 410 48 385 96 1.889961 385 96 436 60 2.180009 
436 60 410 48 1.000000 410 48 369 139 3.485510 369 139 436 60 3.617370 
436 60 410 48 1.000000 410 48 200 160 8.311321 200 160 436 60 8.950814 
436 60 410 48 1.000000 410 48 296 167 5.754849 296 167 436 60 6.153425 
410 48 436 60 1.000000 436 60 380 222 5.985755 380 222 410 48 6.165996 
436 60 410 48 1.000000 410 48 334 234 7.016705 334 234 436 60 7.043419 
436 60 410 48 1.000000 410 48 190 252 10.477386 190 252 436 60 10.897527 
436 60 410 48 1.000000 410 48 218 271 10.276245 218 271 436 60 10.594810 
436 60 410 48 1.000000 410 48 299 305 9.776153 299 305 436 60 9.802563 
410 48 436 60 1.000000 436 60 420 336 9.654520 420 336 410 48 10.063457 
410 48 436 60 1.000000 436 60 302 426 13.610971 302 426 410 48 13.728553 
385 96 410 48 1.000000 410 48 475 83 1.364076 475 83 385 96 1.680223 
475 83 410 48 1.000000 410 48 369 139 1.351995 369 139 475 83 1.623904 
475 83 410 48 1.000000 410 48 200 160 3.223879 200 160 475 83 3.868338 
475 83 410 48 1.000000 410 48 296 167 2.232249 296 167 475 83 2.678388 
410 48 475 83 1.000000 475 83 380 222 2.280592 380 222 410 48 2.391729 
475 83 410 48 1.000000 410 48 334 234 2.721710 334 234 475 83 2.798492 
475 83 410 48 1.000000 410 48 190 252 4.064074 190 252 475 83 4.488231 
475 83 410 48 1.000000 410 48 218 271 3.986054 218 271 475 83 4.313261 
475 83 410 48 1.000000 410 48 299 305 3.792073 299 305 475 83 3.837526 
410 48 475 83 1.000000 475 83 420 336 3.507109 420 336 410 48 3.903515 
410 48 475 83 1.000000 475 83 302 426 5.203704 302 426 410 48 5.325170 
369 139 385 96 1.000000 385 96 410 48 1.179597 410 48 369 139 2.175441 
410 48 385 96 1.000000 385 96 200 160 3.617085 200 160 410 48 4.397616 
410 48 385 96 1.000000 385 96 296 167 2.103664 296 167 410 48 3.044957 
410 48 385 96 1.000000 385 96 380 222 2.329982 380 222 410 48 3.262500 
410 48 385 96 1.000000 385 96 334 234 2.718436 334 234 410 48 3.712620 
410 48 385 96 1.000000 385 96 190 252 4.614205 190 252 410 48 5.543706 
410 48 385 96 1.000000 385 96 218 271 4.469616 218 271 410 48 5.437280 
410 48 385 96 1.000000 385 96 299 305 4.175928 299 305 410 48 5.172676 
410 48 385 96 1.000000 385 96 420 336 4.481478 420 336 410 48 5.324691 
410 48 385 96 1.000000 385 96 302 426 6.287442 302 426 410 48 7.263936 
410 48 369 139 1.000000 369 139 200 160 1.706242 200 160 410 48 2.384535 
296 167 369 139 1.000000 369 139 410 48 1.276574 410 48 296 167 2.107724 
380 222 369 139 1.000000 369 139 410 48 1.192104 410 48 380 222 2.108877 
410 48 369 139 1.000000 369 139 334 234 1.014352 334 234 410 48 2.013107 
410 48 369 139 1.000000 369 139 190 252 2.120871 190 252 410 48 3.005983 
410 48 369 139 1.000000 369 139 218 271 2.009439 218 271 410 48 2.948276 
410 48 369 139 1.000000 369 139 299 305 1.804988 299 305 410 48 2.804798 
410 48 369 139 1.000000 369 139 420 336 2.038822 420 336 410 48 2.887227 
410 48 369 139 1.000000 369 139 302 426 2.952784 302 426 410 48 3.938750 
200 160 296 167 1.000000 296 167 410 48 1.712057 410 48 200 160 2.472602 
410 48 380 222 1.000000 380 222 200 160 1.078221 200 160 410 48 1.347928 
200 160 334 234 1.000000 334 234 410 48 1.312609 410 48 200 160 1.554792 
190 252 200 160 1.000000 200 160 410 48 2.571809 410 48 190 252 3.242064 
218 271 200 160 1.000000 200 160 410 48 2.116496 410 48 218 271 2.616869 
299 305 200 160 1.000000 200 160 410 48 1.355559 410 48 299 305 1.594470 
410 48 200 160 1.000000 200 160 420 336 1.183771 420 336 410 48 1.210813 
410 48 200 160 1.000000 200 160 302 426 1.197000 302 426 410 48 1.651790 
380 222 296 167 1.000000 296 167 410 48 1.641304 410 48 380 222 1.758565 
334 234 296 167 1.000000 296 167 410 48 2.139458 410 48 334 234 2.608573 
190 252 296 167 1.000000 296 167 410 48 1.212867 410 48 190 252 2.208169 
218 271 296 167 1.000000 296 167 410 48 1.267645 410 48 218 271 2.263591 
299 305 296 167 1.000000 296 167 410 48 1.193876 410 48 299 305 2.028118 
410 48 296 167 1.000000 296 167 420 336 1.271962 420 336 410 48 1.748692 
410 48 296 167 1.000000 296 167 302 426 1.572083 302 426 410 48 2.385562 
334 234 380 222 1.000000 380 222 410 48 3.714120 410 48 334 234 4.226549 
410 48 380 222 1.000000 380 222 190 252 1.089408 190 252 410 48 1.699220 
218 271 380 222 1.000000 380 222 410 48 1.043244 410 48 218 271 1.738669 
299 305 380 222 1.000000 380 222 410 48 1.522471 410 48 299 305 2.413869 
420 336 380 222 1.000000 380 222 410 48 1.461481 410 48 420 336 2.385268 
410 48 380 222 1.000000 380 222 302 426 1.236941 302 426 410 48 2.226494 
190 252 334 234 1.000000 334 234 410 48 1.384557 410 48 190 252 2.067429 
218 271 334 234 1.000000 334 234 410 48 1.650224 410 48 218 271 2.416819 
299 305 334 234 1.000000 334 234 410 48 2.538312 410 48 299 305 3.536549 
420 336 334 234 1.000000 334 234 410 48 1.506018 410 48 420 336 2.159952 
302 426 334 234 1.000000 334 234 410 48 1.032260 410 48 302 426 2.019672 
190 252 218 271 1.000000 218 271 410 48 8.696383 410 48 190 252 8.866600 
190 252 299 305 1.000000 299 305 410 48 2.309745 410 48 190 252 2.475420 
190 252 420 336 1.000000 420 336 410 48 1.176895 410 48 190 252 1.225303 
302 426 190 252 1.000000 190 252 410 48 1.449895 410 48 302 426 1.899802 
218 271 299 305 1.000000 299 305 410 48 3.186770 410 48 218 271 3.349787 
218 271 420 336 1.000000 420 336 410 48 1.358026 410 48 218 271 1.386741 
302 426 218 271 1.000000 218 271 410 48 1.669144 410 48 302 426 2.229894 
420 336 299 305 1.000000 299 305 410 48 2.241222 410 48 420 336 2.307087 
302 426 299 305 1.000000 299 305 410 48 2.312896 410 48 302 426 3.247977 
302 426 420 336 1.000000 420 336 410 48 1.941807 410 48 302 426 2.649010 
475 83 436 60 1.000000 436 60 242 61 4.284800 242 61 475 83 5.168998 
436 60 385 96 1.000000 385 96 242 61 2.358329 242 61 436 60 3.107723 
436 60 369 139 1.000000 369 139 242 61 1.438811 242 61 436 60 1.872870 
200 160 242 61 1.000000 242 61 436 60 1.803992 436 60 200 160 2.383398 
242 61 296 167 1.000000 296 167 436 60 1.481204 436 60 242 61 1.630792 
380 222 436 60 1.000000 436 60 242 61 1.131831 242 61 380 222 1.237119 
436 60 242 61 1.000000 242 61 334 234 1.009993 334 234 436 60 1.039640 
436 60 242 61 1.000000 242 61 190 252 1.020358 190 252 436 60 1.608523 
436 60 242 61 1.000000 242 61 218 271 1.089506 218 271 436 60 1.563841 
436 60 242 61 1.000000 242 61 299 305 1.291577 299 305 436 60 1.446902 
242 61 436 60 1.000000 436 60 420 336 1.425050 420 336 242 61 1.688537 
436 60 242 61 1.000000 242 61 302 426 1.906669 302 426 436 60 2.009040 
475 83 385 96 1.000000 385 96 242 61 1.618986 242 61 475 83 2.573693 
475 83 369 139 1.000000 369 139 242 61 1.243211 242 61 475 83 1.952202 
200 160 242 61 1.000000 242 61 475 83 2.176258 475 83 200 160 2.655521 
242 61 296 167 1.000000 296 167 475 83 1.662122 475 83 242 61 1.967317 
475 83 380 222 1.000000 380 222 242 61 1.259480 242 61 475 83 1.390072 
242 61 334 234 1.000000 334 234 475 83 1.054378 475 83 242 61 1.194420 
190 252 242 61 1.000000 242 61 475 83 1.182288 475 83 190 252 1.673839 
218 271 242 61 1.000000 242 61 475 83 1.107251 475 83 218 271 1.506492 
475 83 242 61 1.000000 242 61 299 305 1.070643 299 305 475 83 1.210504 
242 61 475 83 1.000000 475 83 420 336 1.106278 420 336 242 61 1.399700 
475 83 242 61 1.000000 242 61 302 426 1.580518 302 426 475 83 1.641450 
369 139 385 96 1.000000 385 96 242 61 3.208806 242 61 369 139 3.248460 
200 160 242 61 1.000000 242 61 385 96 1.368979 385 96 200 160 1.820311 
385 96 296 167 1.000000 296 167 242 61 1.044896 242 61 385 96 1.293104 
380 222 385 96 1.000000 385 96 242 61 1.167501 242 61 380 222 1.681609 
334 234 385 96 1.000000 385 96 242 61 1.000670 242 61 334 234 1.331825 
385 96 242 61 1.000000 242 61 190 252 1.344592 190 252 385 96 1.696239 
385 96 242 61 1.000000 242 61 218 271 1.435713 218 271 385 96 1.643086 
242 61 385 96 1.000000 385 96 299 305 1.535123 299 305 242 61 1.701996 
242 61 385 96 1.000000 385 96 420 336 1.647447 420 336 242 61 2.225095 
242 61 385 96 1.000000 385 96 302 426 2.311341 302 426 242 61 2.512541 
200 160 242 61 1.000000 242 61 369 139 1.385896 369 139 200 160 1.583584 
369 139 296 167 1.000000 296 167 242 61 1.521534 242 61 369 139 1.906235 
380 222 369 139 1.000000 369 139 242 61 1.780101 242 61 380 222 2.532668 
334 234 369 139 1.000000 369 139 242 61 1.472115 242 61 334 234 1.935370 
369 139 242 61 1.000000 242 61 190 252 1.328178 190 252 369 139 1.420312 
242 61 369 139 1.000000 369 139 218 271 1.345688 218 271 242 61 1.418187 
242 61 369 139 1.000000 369 139 299 305 1.208771 299 305 242 61 1.681219 
242 61 369 139 1.000000 369 139 420 336 1.365366 420 336 242 61 2.197933 
242 61 369 139 1.000000 369 139 302 426 1.977431 302 426 242 61 2.481871 
296 167 200 160 1.000000 200 160 242 61 1.117249 242 61 296 167 1.235908 
242 61 200 160 1.000000 200 160 380 222 1.770293 380 222 242 61 1.971807 
242 61 200 160 1.000000 200 160 334 234 1.423416 334 234 242 61 1.822020 
190 252 200 160 1.000000 200 160 242 61 1.162076 242 61 190 252 2.139053 
242 61 200 160 1.000000 200 160 218 271 1.045651 218 271 242 61 1.965461 
242 61 200 160 1.000000 200 160 299 305 1.632622 299 305 242 61 2.329996 
242 61 200 160 1.000000 200 160 420 336 2.619822 420 336 242 61 3.046108 
242 61 200 160 1.000000 200 160 302 426 2.649099 302 426 242 61 3.439616 
380 222 296 167 1.000000 296 167 242 61 1.184833 242 61 380 222 2.111959 
334 234 296 167 1.000000 296 167 242 61 1.544442 242 61 334 234 2.543834 
242 61 296 167 1.000000 296 167 190 252 1.142138 190 252 242 61 1.663991 
242 61 296 167 1.000000 296 167 218 271 1.092784 218 271 242 61 1.776758 
242 61 296 167 1.000000 296 167 299 305 1.160307 299 305 242 61 2.106294 
242 61 296 167 1.000000 296 167 420 336 1.762002 420 336 242 61 2.753653 
242 61 296 167 1.000000 296 167 302 426 2.177747 302 426 242 61 3.109380 
380 222 334 234 1.000000 334 234 242 61 4.121657 242 61 380 222 4.460495 
380 222 190 252 1.000000 190 252 242 61 1.029104 242 61 380 222 1.102393 
380 222 218 271 1.000000 218 271 242 61 1.248857 242 61 380 222 1.252890 
299 305 380 222 1.000000 380 222 242 61 1.828421 242 61 299 305 2.160562 
420 336 380 222 1.000000 380 222 242 61 1.755175 242 61 420 336 2.711447 
242 61 380 222 1.000000 380 222 302 426 1.029964 302 426 242 61 1.744397 
190 252 334 234 1.000000 334 234 242 61 1.350196 242 61 190 252 1.364051 
218 271 334 234 1.000000 334 234 242 61 1.609269 242 61 218 271 1.735960 
299 305 334 234 1.000000 334 234 242 61 2.475317 242 61 299 305 3.165430 
420 336 334 234 1.000000 334 234 242 61 1.468642 242 61 420 336 2.455320 
302 426 334 234 1.000000 334 234 242 61 1.006642 242 61 302 426 1.900343 
218 271 190 252 1.000000 190 252 242 61 5.850018 242 61 218 271 6.246466 
299 305 190 252 1.000000 190 252 242 61 1.633236 242 61 299 305 2.067364 
242 61 190 252 1.000000 190 252 420 336 1.236962 420 336 242 61 1.654848 
242 61 190 252 1.000000 190 252 302 426 1.045354 302 426 242 61 1.868628 
299 305 218 271 1.000000 218 271 242 61 2.406096 242 61 299 305 2.852356 
242 61 218 271 1.000000 218 271 420 336 1.003943 420 336 242 61 1.549819 
302 426 218 271 1.000000 218 271 242 61 1.198918 242 61 302 426 2.098144 
420 336 299 305 1.000000 299 305 242 61 2.006032 242 61 420 336 2.622575 
302 426 299 305 1.000000 299 305 242 61 2.070185 242 61 302 426 3.056074 
302 426 420 336 1.000000 420 336 242 61 2.207344 242 61 302 426 2.492497 
475 83 436 60 1.000000 436 60 385 96 1.378759 385 96 475 83 2.008397 
475 83 436 60 1.000000 436 60 369 139 2.287826 369 139 475 83 2.647779 
475 83 436 60 1.000000 436 60 200 160 5.660992 200 160 475 83 6.307332 
475 83 436 60 1.000000 436 60 296 167 3.891767 296 167 475 83 4.367117 
436 60 475 83 1.000000 475 83 380 222 3.718510 380 222 436 60 3.785724 
475 83 436 60 1.000000 436 60 334 234 4.454650 334 234 475 83 4.562947 
475 83 436 60 1.000000 436 60 190 252 6.892201 190 252 475 83 7.318070 
475 83 436 60 1.000000 436 60 218 271 6.700746 218 271 475 83 7.032780 
475 83 436 60 1.000000 436 60 299 305 6.199685 299 305 475 83 6.257094 
436 60 475 83 1.000000 475 83 420 336 5.718349 420 336 436 60 6.106055 
436 60 475 83 1.000000 475 83 302 426 8.484649 302 426 436 60 8.608334 
369 139 385 96 1.000000 385 96 436 60 1.360627 436 60 369 139 2.257739 
436 60 385 96 1.000000 385 96 200 160 3.135835 200 160 436 60 4.105861 
436 60 385 96 1.000000 385 96 296 167 1.823773 296 167 436 60 2.822660 
436 60 385 96 1.000000 385 96 380 222 2.019980 380 222 436 60 2.745748 
436 60 385 96 1.000000 385 96 334 234 2.356750 334 234 436 60 3.230913 
436 60 385 96 1.000000 385 96 190 252 4.000289 190 252 436 60 4.998845 
436 60 385 96 1.000000 385 96 218 271 3.874937 218 271 436 60 4.859985 
436 60 385 96 1.000000 385 96 299 305 3.620324 299 305 436 60 4.496570 
436 60 385 96 1.000000 385 96 420 336 3.885221 420 336 436 60 4.428661 
436 60 385 96 1.000000 385 96 302 426 5.450903 302 426 436 60 6.243539 
436 60 369 139 1.000000 369 139 200 160 1.644047 200 160 436 60 2.474398 
296 167 369 139 1.000000 369 139 436 60 1.324868 436 60 296 167 2.253703 
380 222 369 139 1.000000 369 139 436 60 1.237203 436 60 380 222 2.047231 
334 234 369 139 1.000000 369 139 436 60 1.023147 436 60 334 234 1.992180 
436 60 369 139 1.000000 369 139 190 252 2.043561 190 252 436 60 3.012555 
436 60 369 139 1.000000 369 139 218 271 1.936191 218 271 436 60 2.928871 
436 60 369 139 1.000000 369 139 299 305 1.739192 299 305 436 60 2.709859 
436 60 369 139 1.000000 369 139 420 336 1.964503 420 336 436 60 2.668933 
436 60 369 139 1.000000 369 139 302 426 2.845149 302 426 436 60 3.762670 
200 160 296 167 1.000000 296 167 436 60 1.830632 436 60 200 160 2.662850 
436 60 380 222 1.000000 380 222 200 160 1.110688 200 160 436 60 1.495352 
200 160 334 234 1.000000 334 234 436 60 1.317607 436 60 200 160 1.674421 
190 252 200 160 1.000000 200 160 436 60 2.769690 436 60 190 252 3.372070 
218 271 200 160 1.000000 200 160 436 60 2.279345 436 60 218 271 2.697992 
299 305 200 160 1.000000 200 160 436 60 1.459859 436 60 299 305 1.598777 
200 160 436 60 1.000000 436 60 420 336 1.078619 420 336 200 160 1.099196 
436 60 200 160 1.000000 200 160 302 426 1.111480 302 426 436 60 1.520641 
296 167 380 222 1.000000 380 222 436 60 1.707159 436 60 296 167 1.754979 
334 234 296 167 1.000000 296 167 436 60 2.287634 436 60 334 234 2.618504 
190 252 296 167 1.000000 296 167 436 60 1.296869 436 60 190 252 2.296716 
218 271 296 167 1.000000 296 167 436 60 1.355440 436 60 218 271 2.333763 
299 305 296 167 1.000000 296 167 436 60 1.276563 436 60 299 305 2.033597 
436 60 296 167 1.000000 296 167 420 336 1.189574 420 336 436 60 1.568967 
436 60 296 167 1.000000 296 167 302 426 1.470254 302 426 436 60 2.211934 
334 234 380 222 1.000000 380 222 436 60 3.605551 436 60 334 234 4.242641 
436 60 380 222 1.000000 380 222 190 252 1.122212 190 252 436 60 1.820577 
218 271 380 222 1.000000 380 222 436 60 1.012748 436 60 218 271 1.792568 
299 305 380 222 1.000000 380 222 436 60 1.477967 436 60 299 305 2.420390 
420 336 380 222 1.000000 380 222 436 60 1.418760 436 60 420 336 2.288341 
436 60 380 222 1.000000 380 222 302 426 1.274187 302 426 436 60 2.273894 
190 252 334 234 1.000000 334 234 436 60 1.389829 436 60 190 252 2.150333 
218 271 334 234 1.000000 334 234 436 60 1.656506 436 60 218 271 2.491740 
299 305 334 234 1.000000 334 234 436 60 2.547976 436 60 299 305 3.546103 
420 336 334 234 1.000000 334 234 436 60 1.511752 436 60 420 336 2.072181 
302 426 334 234 1.000000 334 234 436 60 1.036191 436 60 302 426 2.002374 
190 252 218 271 1.000000 218 271 436 60 8.965972 436 60 190 252 9.222149 
190 252 299 305 1.000000 299 305 436 60 2.315985 436 60 190 252 2.574684 
190 252 420 336 1.000000 420 336 436 60 1.129071 436 60 190 252 1.274438 
302 426 190 252 1.000000 190 252 436 60 1.508035 436 60 302 426 1.883531 
218 271 299 305 1.000000 299 305 436 60 3.195379 436 60 218 271 3.453630 
218 271 420 336 1.000000 420 336 436 60 1.302841 436 60 218 271 1.429730 
302 426 218 271 1.000000 218 271 436 60 1.720888 436 60 302 426 2.210795 
299 305 420 336 1.000000 420 336 436 60 2.213337 436 60 299 305 2.247276 
302 426 299 305 1.000000 299 305 436 60 2.319144 436 60 302 426 3.220158 
302 426 420 336 1.000000 420 336 436 60 1.862900 436 60 302 426 2.626322 
369 139 385 96 1.000000 385 96 475 83 1.981985 475 83 369 139 2.612959 
475 83 385 96 1.000000 385 96 200 160 2.152742 200 160 475 83 3.140481 
475 83 385 96 1.000000 385 96 296 167 1.252015 296 167 475 83 2.174429 
475 83 385 96 1.000000 385 96 380 222 1.386710 380 222 475 83 1.851482 
475 83 385 96 1.000000 385 96 334 234 1.617902 334 234 475 83 2.271935 
475 83 385 96 1.000000 385 96 190 252 2.746187 190 252 475 83 3.643737 
475 83 385 96 1.000000 385 96 218 271 2.660133 218 271 475 83 3.501688 
475 83 385 96 1.000000 385 96 299 305 2.485342 299 305 475 83 3.115466 
475 83 385 96 1.000000 385 96 420 336 2.667193 420 336 475 83 2.847220 
475 83 385 96 1.000000 385 96 302 426 3.742029 302 426 475 83 4.224588 
475 83 369 139 1.000000 369 139 200 160 1.420546 200 160 475 83 2.382122 
296 167 369 139 1.000000 369 139 475 83 1.533315 475 83 296 167 2.528975 
380 222 369 139 1.000000 369 139 475 83 1.431857 475 83 380 222 2.010883 
334 234 369 139 1.000000 369 139 475 83 1.184123 475 83 334 234 2.040612 
475 83 369 139 1.000000 369 139 190 252 1.765749 190 252 475 83 2.763853 
475 83 369 139 1.000000 369 139 218 271 1.672975 218 271 475 83 2.656106 
475 83 369 139 1.000000 369 139 299 305 1.502757 299 305 475 83 2.363148 
475 83 369 139 1.000000 369 139 420 336 1.697438 420 336 475 83 2.159678 
475 83 369 139 1.000000 369 139 302 426 2.458365 302 426 475 83 3.204440 
200 160 296 167 1.000000 296 167 475 83 2.054230 475 83 200 160 2.966880 
475 83 380 222 1.000000 380 222 200 160 1.130765 200 160 475 83 1.696199 
200 160 334 234 1.000000 334 234 475 83 1.349639 475 83 200 160 1.865598 
190 252 200 160 1.000000 200 160 475 83 3.085917 475 83 190 252 3.580430 
218 271 200 160 1.000000 200 160 475 83 2.539588 475 83 218 271 2.831683 
200 160 299 305 1.000000 299 305 475 83 1.613582 475 83 200 160 1.626537 
475 83 420 336 1.000000 420 336 200 160 1.088171 200 160 475 83 1.102999 
302 426 200 160 1.000000 200 160 475 83 1.002424 475 83 302 426 1.348465 
296 167 380 222 1.000000 380 222 475 83 1.676849 475 83 296 167 1.969336 
334 234 296 167 1.000000 296 167 475 83 2.567051 475 83 334 234 2.682163 
190 252 296 167 1.000000 296 167 475 83 1.455272 475 83 190 252 2.438630 
218 271 296 167 1.000000 296 167 475 83 1.520997 475 83 218 271 2.449405 
299 305 296 167 1.000000 296 167 475 83 1.432485 475 83 299 305 2.052428 
475 83 296 167 1.000000 296 167 420 336 1.060092 420 336 475 83 1.309411 
475 83 296 167 1.000000 296 167 302 426 1.310221 302 426 475 83 1.942849 
334 234 380 222 1.000000 380 222 475 83 3.541536 475 83 334 234 4.345784 
475 83 380 222 1.000000 380 222 190 252 1.142497 190 252 475 83 1.968011 
475 83 380 222 1.000000 380 222 218 271 1.005260 218 271 475 83 1.891290 
299 305 380 222 1.000000 380 222 475 83 1.451726 475 83 299 305 2.442803 
420 336 380 222 1.000000 380 222 475 83 1.393571 475 83 420 336 2.143042 
475 83 380 222 1.000000 380 222 302 426 1.297219 302 426 475 83 2.281734 
190 252 334 234 1.000000 334 234 475 83 1.423617 475 83 190 252 2.283202 
218 271 334 234 1.000000 334 234 475 83 1.696778 475 83 218 271 2.615210 
299 305 334 234 1.000000 334 234 475 83 2.609920 475 83 299 305 3.578940 
420 336 334 234 1.000000 334 234 475 83 1.548504 475 83 420 336 1.940607 
302 426 334 234 1.000000 334 234 475 83 1.061382 475 83 302 426 1.973604 
190 252 218 271 1.000000 218 271 475 83 9.410252 475 83 190 252 9.791985 
190 252 299 305 1.000000 299 305 475 83 2.337430 475 83 190 252 2.733774 
190 252 420 336 1.000000 420 336 475 83 1.057380 475 83 190 252 1.353185 
302 426 190 252 1.000000 190 252 475 83 1.601217 475 83 302 426 1.856468 
218 271 299 305 1.000000 299 305 475 83 3.224967 475 83 218 271 3.624764 
218 271 420 336 1.000000 420 336 475 83 1.220117 475 83 218 271 1.500575 
302 426 218 271 1.000000 218 271 475 83 1.806161 475 83 302 426 2.179031 
299 305 420 336 1.000000 420 336 475 83 2.072800 475 83 299 305 2.268086 
302 426 299 305 1.000000 299 305 475 83 2.340619 475 83 302 426 3.173891 
302 426 420 336 1.000000 420 336 475 83 1.744614 475 83 302 426 2.588587 
385 96 369 139 1.000000 369 139 200 160 3.711829 200 160 385 96 4.266703 
385 96 369 139 1.000000 369 139 296 167 1.704124 296 167 385 96 2.481475 
385 96 369 139 1.000000 369 139 380 222 1.824874 380 222 385 96 2.748439 
385 96 369 139 1.000000 369 139 334 234 2.206662 334 234 385 96 3.206659 
385 96 369 139 1.000000 369 139 190 252 4.613828 190 252 385 96 5.442902 
385 96 369 139 1.000000 369 139 218 271 4.371414 218 271 385 96 5.272345 
385 96 369 139 1.000000 369 139 299 305 3.926643 299 305 385 96 4.925912 
385 96 369 139 1.000000 369 139 420 336 4.435336 420 336 385 96 5.286338 
385 96 369 139 1.000000 369 139 302 426 6.423606 302 426 385 96 7.416647 
200 160 296 167 1.000000 296 167 385 96 1.182805 385 96 200 160 2.033741 
385 96 380 222 1.000000 380 222 200 160 1.509753 200 160 385 96 1.552409 
385 96 334 234 1.000000 334 234 200 160 1.040461 200 160 385 96 1.330576 
190 252 200 160 1.000000 200 160 385 96 2.115340 385 96 190 252 2.698474 
218 271 200 160 1.000000 200 160 385 96 1.740841 385 96 218 271 2.151149 
299 305 200 160 1.000000 200 160 385 96 1.114961 385 96 299 305 1.287224 
200 160 385 96 1.000000 385 96 420 336 1.238975 420 336 200 160 1.439217 
385 96 200 160 1.000000 200 160 302 426 1.455300 302 426 385 96 1.738262 
380 222 296 167 1.000000 296 167 385 96 1.133925 385 96 380 222 1.255915 
334 234 296 167 1.000000 296 167 385 96 1.478083 385 96 334 234 1.910036 
385 96 296 167 1.000000 296 167 190 252 1.193415 190 252 385 96 2.193414 
385 96 296 167 1.000000 296 167 218 271 1.141845 218 271 385 96 2.124682 
385 96 296 167 1.000000 296 167 299 305 1.212399 299 305 385 96 1.985074 
385 96 296 167 1.000000 296 167 420 336 1.841108 420 336 385 96 2.130321 
385 96 296 167 1.000000 296 167 302 426 2.275518 302 426 385 96 2.988805 
334 234 380 222 1.000000 380 222 385 96 2.652516 385 96 334 234 3.094743 
385 96 380 222 1.000000 380 222 190 252 1.525417 190 252 385 96 1.980361 
385 96 380 222 1.000000 380 222 218 271 1.342184 218 271 385 96 1.918305 
299 305 380 222 1.000000 380 222 385 96 1.087304 385 96 299 305 1.948729 
420 336 380 222 1.000000 380 222 385 96 1.043747 385 96 420 336 2.007539 
385 96 380 222 1.000000 380 222 302 426 1.731996 302 426 385 96 2.698494 
190 252 334 234 1.000000 334 234 385 96 1.013794 385 96 190 252 1.720788 
218 271 334 234 1.000000 334 234 385 96 1.208319 385 96 218 271 1.986701 
299 305 334 234 1.000000 334 234 385 96 1.858590 385 96 299 305 2.855075 
420 336 334 234 1.000000 334 234 385 96 1.102729 385 96 420 336 1.817904 
385 96 334 234 1.000000 334 234 302 426 1.323037 302 426 385 96 2.312889 
190 252 218 271 1.000000 218 271 385 96 7.148701 385 96 190 252 7.379956 
190 252 299 305 1.000000 299 305 385 96 1.864669 385 96 190 252 2.060372 
385 96 420 336 1.000000 420 336 190 252 1.009567 190 252 385 96 1.029617 
302 426 190 252 1.000000 190 252 385 96 1.206794 385 96 302 426 1.644411 
218 271 299 305 1.000000 299 305 385 96 2.572696 385 96 218 271 2.753630 
420 336 218 271 1.000000 218 271 385 96 1.139945 385 96 420 336 1.142970 
302 426 218 271 1.000000 218 271 385 96 1.372089 385 96 302 426 1.930128 
420 336 299 305 1.000000 299 305 385 96 1.809350 385 96 420 336 1.941739 
302 426 299 305 1.000000 299 305 385 96 1.867213 385 96 302 426 2.811349 
302 426 420 336 1.000000 420 336 385 96 1.634304 385 96 302 426 2.292902 
369 139 296 167 1.000000 296 167 200 160 1.231106 200 160 369 139 2.178145 
380 222 369 139 1.000000 369 139 200 160 2.034019 200 160 380 222 2.273836 
369 139 334 234 1.000000 334 234 200 160 1.511969 200 160 369 139 1.682101 
190 252 200 160 1.000000 200 160 369 139 1.840245 369 139 190 252 2.287437 
218 271 200 160 1.000000 200 160 369 139 1.514449 369 139 218 271 1.783564 
369 139 200 160 1.000000 200 160 299 305 1.030967 299 305 369 139 1.057873 
200 160 369 139 1.000000 369 139 420 336 1.194919 420 336 200 160 1.654362 
369 139 200 160 1.000000 200 160 302 426 1.672850 302 426 369 139 1.730577 
296 167 369 139 1.000000 369 139 380 222 1.070858 380 222 296 167 1.284176 
334 234 296 167 1.000000 296 167 369 139 1.015056 369 139 334 234 1.314392 
369 139 296 167 1.000000 296 167 190 252 1.737802 190 252 369 139 2.707449 
369 139 296 167 1.000000 296 167 218 271 1.662709 218 271 369 139 2.565198 
369 139 296 167 1.000000 296 167 299 305 1.765446 299 305 369 139 2.304201 
296 167 369 139 1.000000 369 139 420 336 2.602708 420 336 296 167 2.680946 
369 139 296 167 1.000000 296 167 302 426 3.313516 302 426 369 139 3.769448 
334 234 380 222 1.000000 380 222 369 139 1.761184 369 139 334 234 2.129647 
369 139 380 222 1.000000 380 222 190 252 2.297428 190 252 369 139 2.528299 
369 139 380 222 1.000000 380 222 218 271 2.021461 218 271 369 139 2.395461 
369 139 380 222 1.000000 380 222 299 305 1.385167 299 305 369 139 2.151734 
369 139 380 222 1.000000 380 222 420 336 1.442972 420 336 369 139 2.430489 
369 139 380 222 1.000000 380 222 302 426 2.608556 302 426 369 139 3.520026 
369 139 334 234 1.000000 334 234 190 252 1.433400 190 252 369 139 2.090863 
369 139 334 234 1.000000 334 234 218 271 1.202639 218 271 369 139 1.981007 
299 305 334 234 1.000000 334 234 369 139 1.278989 369 139 299 305 2.275895 
369 139 334 234 1.000000 334 234 420 336 1.317796 420 336 369 139 2.009975 
369 139 334 234 1.000000 334 234 302 426 1.922600 302 426 369 139 2.911005 
190 252 218 271 1.000000 218 271 369 139 5.927141 369 139 190 252 6.255827 
190 252 299 305 1.000000 299 305 369 139 1.486403 369 139 190 252 1.746532 
420 336 369 139 1.000000 369 139 190 252 1.040243 190 252 420 336 1.203272 
302 426 190 252 1.000000 190 252 369 139 1.022973 369 139 302 426 1.424235 
218 271 299 305 1.000000 299 305 369 139 2.050800 369 139 218 271 2.283094 
218 271 369 139 1.000000 369 139 420 336 1.014623 420 336 218 271 1.058030 
302 426 218 271 1.000000 218 271 369 139 1.137629 369 139 302 426 1.671696 
420 336 299 305 1.000000 299 305 369 139 1.442306 369 139 420 336 1.629155 
302 426 299 305 1.000000 299 305 369 139 1.488431 369 139 302 426 2.434928 
302 426 420 336 1.000000 420 336 369 139 1.371212 369 139 302 426 1.985897 
200 160 296 167 1.000000 296 167 380 222 1.043108 380 222 200 160 1.977859 
334 234 296 167 1.000000 296 167 200 160 1.249642 200 160 334 234 1.987319 
190 252 200 160 1.000000 200 160 296 167 1.040122 296 167 190 252 1.468214 
296 167 200 160 1.000000 200 160 218 271 1.168252 218 271 296 167 1.350581 
200 160 296 167 1.000000 296 167 299 305 1.434032 299 305 200 160 1.824046 
200 160 296 167 1.000000 296 167 420 336 2.177672 420 336 200 160 2.926994 
200 160 296 167 1.000000 296 167 302 426 2.691495 302 426 200 160 2.959704 
380 222 334 234 1.000000 334 234 200 160 3.219960 200 160 380 222 4.004643 
190 252 200 160 1.000000 200 160 380 222 2.057215 380 222 190 252 2.078560 
200 160 218 271 1.000000 218 271 380 222 1.505099 380 222 200 160 1.693007 
380 222 299 305 1.000000 299 305 200 160 1.513901 200 160 380 222 1.641561 
420 336 380 222 1.000000 380 222 200 160 1.575800 200 160 420 336 2.331995 
200 160 380 222 1.000000 380 222 302 426 1.147205 302 426 200 160 1.496418 
200 160 190 252 1.000000 190 252 334 234 1.568162 334 234 200 160 1.654117 
200 160 218 271 1.000000 218 271 334 234 1.082774 334 234 200 160 1.361273 
299 305 334 234 1.000000 334 234 200 160 1.933791 200 160 299 305 2.218009 
420 336 334 234 1.000000 334 234 200 160 1.147347 200 160 420 336 2.111712 
200 160 334 234 1.000000 334 234 302 426 1.271587 302 426 200 160 1.861086 
218 271 190 252 1.000000 190 252 200 160 2.734863 200 160 218 271 3.323201 
200 160 190 252 1.000000 190 252 299 305 1.309702 299 305 200 160 1.897231 
200 160 190 252 1.000000 190 252 420 336 2.645928 420 336 200 160 3.044432 
200 160 190 252 1.000000 190 252 302 426 2.236068 302 426 200 160 3.078454 
299 305 218 271 1.000000 218 271 200 160 1.280074 200 160 299 305 1.998639 
200 160 218 271 1.000000 218 271 420 336 1.887064 420 336 200 160 2.505447 
200 160 218 271 1.000000 218 271 302 426 1.567791 302 426 200 160 2.533446 
420 336 299 305 1.000000 299 305 200 160 1.405622 200 160 420 336 2.255560 
302 426 299 305 1.000000 299 305 200 160 1.450574 200 160 302 426 2.353706 
302 426 420 336 1.000000 420 336 200 160 1.898438 200 160 302 426 1.919654 
380 222 334 234 1.000000 334 234 296 167 1.620253 296 167 380 222 2.112018 
380 222 296 167 1.000000 296 167 190 252 1.353243 190 252 380 222 1.915795 
380 222 296 167 1.000000 296 167 218 271 1.294767 218 271 380 222 1.685670 
296 167 380 222 1.000000 380 222 299 305 1.155073 299 305 296 167 1.374769 
296 167 380 222 1.000000 380 222 420 336 1.203276 420 336 296 167 2.087677 
296 167 380 222 1.000000 380 222 302 426 2.175241 302 426 296 167 2.580266 
334 234 296 167 1.000000 296 167 190 252 1.763967 190 252 334 234 1.884048 
296 167 334 234 1.000000 334 234 218 271 1.580739 218 271 296 167 1.687742 
296 167 334 234 1.000000 334 234 299 305 1.027680 299 305 296 167 1.792027 
296 167 334 234 1.000000 334 234 420 336 1.732099 420 336 296 167 2.721310 
296 167 334 234 1.000000 334 234 302 426 2.527049 302 426 296 167 3.363404 
190 252 218 271 1.000000 218 271 296 167 3.841852 296 167 190 252 4.015364 
299 305 190 252 1.000000 190 252 296 167 1.121029 296 167 299 305 1.138861 
190 252 296 167 1.000000 296 167 420 336 1.542722 420 336 190 252 1.802141 
296 167 190 252 1.000000 190 252 302 426 1.522985 302 426 296 167 1.906728 
299 305 218 271 1.000000 218 271 296 167 1.479855 296 167 299 305 1.571294 
218 271 296 167 1.000000 296 167 420 336 1.612397 420 336 218 271 1.632311 
296 167 218 271 1.000000 218 271 302 426 1.356139 302 426 296 167 1.992842 
420 336 299 305 1.000000 299 305 296 167 1.105074 296 167 420 336 1.678128 
302 426 299 305 1.000000 299 305 296 167 1.140415 296 167 302 426 2.140412 
302 426 420 336 1.000000 420 336 296 167 1.412431 296 167 302 426 1.745694 
380 222 334 234 1.000000 334 234 190 252 3.052636 190 252 380 222 4.046193 
380 222 334 234 1.000000 334 234 218 271 2.561198 218 271 380 222 3.560166 
380 222 334 234 1.000000 334 234 299 305 1.665103 299 305 380 222 2.439534 
334 234 380 222 1.000000 380 222 420 336 2.541340 420 336 334 234 2.806440 
380 222 334 234 1.000000 334 234 302 426 4.094460 302 426 380 222 4.594148 
190 252 218 271 1.000000 218 271 380 222 5.001746 380 222 190 252 5.684577 
380 222 299 305 1.000000 299 305 190 252 1.045081 190 252 380 222 1.658593 
420 336 380 222 1.000000 380 222 190 252 1.592150 190 252 420 336 2.026746 
380 222 190 252 1.000000 190 252 302 426 1.075778 302 426 380 222 1.135425 
218 271 299 305 1.000000 299 305 380 222 1.320191 380 222 218 271 1.926638 
420 336 380 222 1.000000 380 222 218 271 1.400901 218 271 420 336 1.756423 
380 222 218 271 1.000000 218 271 302 426 1.041653 302 426 380 222 1.290431 
299 305 380 222 1.000000 380 222 420 336 1.041731 420 336 299 305 1.077033 
380 222 299 305 1.000000 299 305 302 426 1.043657 302 426 380 222 1.883207 
380 222 420 336 1.000000 420 336 302 426 1.228376 302 426 380 222 1.807766 
190 252 218 271 1.000000 218 271 334 234 3.598277 334 234 190 252 4.288708 
334 234 299 305 1.000000 299 305 190 252 1.531143 190 252 334 234 1.833302 
420 336 334 234 1.000000 334 234 190 252 1.087725 190 252 420 336 1.835297 
190 252 334 234 1.000000 334 234 302 426 1.341287 302 426 190 252 1.425917 
334 234 299 305 1.000000 299 305 218 271 1.109760 218 271 334 234 1.538162 
218 271 334 234 1.000000 334 234 420 336 1.095753 420 336 218 271 1.742805 
334 234 218 271 1.000000 218 271 302 426 1.447939 302 426 334 234 1.598650 
334 234 299 305 1.000000 299 305 420 336 1.577956 420 336 334 234 1.685446 
334 234 299 305 1.000000 299 305 302 426 1.529057 302 426 334 234 2.458984 
334 234 420 336 1.000000 420 336 302 426 1.112341 302 426 334 234 1.458951 
190 252 218 271 1.000000 218 271 299 305 2.596101 299 305 190 252 3.581856 
190 252 218 271 1.000000 218 271 420 336 6.271095 420 336 190 252 7.236250 
190 252 218 271 1.000000 218 271 302 426 5.210084 302 426 190 252 6.115340 
190 252 299 305 1.000000 299 305 420 336 1.030574 420 336 190 252 2.020251 
302 426 299 305 1.000000 299 305 190 252 1.001364 190 252 302 426 1.709639 
420 336 302 426 1.000000 302 426 190 252 1.394361 190 252 420 336 1.649940 
218 271 299 305 1.000000 299 305 420 336 1.421890 420 336 218 271 2.415583 
218 271 299 305 1.000000 299 305 302 426 1.377827 302 426 218 271 2.006888 
420 336 302 426 1.000000 302 426 218 271 1.187953 218 271 420 336 1.429875 
302 426 299 305 1.000000 299 305 420 336 1.031980 420 336 302 426 1.226110 