8 56
0 460 25 
1 429 51 
2 211 122 
3 187 159 
4 163 211 
5 323 283 
6 76 367 
7 427 453 
460 25 429 51 1.000000 429 51 211 122 5.666619 211 122 460 25 6.604732 
460 25 429 51 1.000000 429 51 187 159 6.549842 187 159 460 25 7.516425 
460 25 429 51 1.000000 429 51 163 211 7.672114 163 211 460 25 8.661312 
460 25 429 51 1.000000 429 51 323 283 6.304239 323 283 460 25 7.219950 
460 25 429 51 1.000000 429 51 76 367 11.709813 76 367 460 25 12.709335 
460 25 429 51 1.000000 429 51 427 453 9.935897 427 453 460 25 10.609783 
187 159 211 122 1.000000 211 122 460 25 6.059262 460 25 187 159 6.895660 
163 211 211 122 1.000000 211 122 460 25 2.642700 460 25 163 211 3.465583 
323 283 211 122 1.000000 211 122 460 25 1.362532 460 25 323 283 1.489449 
460 25 211 122 1.000000 211 122 76 367 1.046797 76 367 460 25 1.924277 
460 25 211 122 1.000000 211 122 427 453 1.479056 427 453 460 25 1.606391 
163 211 187 159 1.000000 187 159 460 25 5.310051 460 25 163 211 6.118868 
187 159 323 283 1.000000 323 283 460 25 1.587224 460 25 187 159 1.652400 
76 367 187 159 1.000000 187 159 460 25 1.289902 460 25 76 367 2.181064 
460 25 187 159 1.000000 187 159 427 453 1.247958 427 453 460 25 1.411547 
163 211 323 283 1.000000 323 283 460 25 1.664930 460 25 163 211 1.997310 
76 367 163 211 1.000000 163 211 460 25 1.961908 460 25 76 367 2.878842 
460 25 163 211 1.000000 163 211 427 453 1.021969 427 453 460 25 1.224963 
76 367 323 283 1.000000 323 283 460 25 1.119687 460 25 76 367 1.970994 
427 453 323 283 1.000000 323 283 460 25 1.465804 460 25 427 453 2.154012 
76 367 427 453 1.000000 427 453 460 25 1.187857 460 25 76 367 1.422920 
187 159 211 122 1.000000 211 122 429 51 5.198625 429 51 187 159 6.008905 
163 211 211 122 1.000000 211 122 429 51 2.267340 429 51 163 211 3.069783 
323 283 211 122 1.000000 211 122 429 51 1.169003 429 51 323 283 1.300541 
429 51 211 122 1.000000 211 122 76 367 1.220096 76 367 429 51 2.066455 
429 51 211 122 1.000000 211 122 427 453 1.723915 427 453 429 51 1.753408 
163 211 187 159 1.000000 187 159 429 51 4.627200 429 51 163 211 5.420040 
187 159 323 283 1.000000 323 283 429 51 1.385915 429 51 187 159 1.439908 
76 367 187 159 1.000000 187 159 429 51 1.124026 429 51 76 367 2.009535 
429 51 187 159 1.000000 187 159 427 453 1.432123 427 453 429 51 1.516968 
163 211 323 283 1.000000 323 283 429 51 1.453766 429 51 163 211 1.769200 
76 367 163 211 1.000000 163 211 429 51 1.737841 429 51 76 367 2.652436 
429 51 163 211 1.000000 163 211 427 453 1.153735 427 453 429 51 1.295066 
429 51 323 283 1.000000 323 283 76 367 1.022833 76 367 429 51 1.857451 
427 453 323 283 1.000000 323 283 429 51 1.279895 429 51 427 453 2.017199 
76 367 427 453 1.000000 427 453 429 51 1.112410 429 51 76 367 1.311015 
211 122 187 159 1.000000 187 159 163 211 1.298605 163 211 211 122 2.292830 
211 122 187 159 1.000000 187 159 323 283 4.173118 323 283 211 122 4.447061 
211 122 187 159 1.000000 187 159 76 367 5.345877 76 367 211 122 6.342820 
211 122 187 159 1.000000 187 159 427 453 8.605492 427 453 211 122 8.961988 
211 122 163 211 1.000000 163 211 323 283 1.735125 323 283 211 122 1.939551 
211 122 163 211 1.000000 163 211 76 367 1.766435 76 367 211 122 2.766372 
211 122 163 211 1.000000 163 211 427 453 3.541718 427 453 211 122 3.908701 
211 122 323 283 1.000000 323 283 76 367 1.330237 76 367 211 122 1.426295 
211 122 323 283 1.000000 323 283 427 453 1.016131 427 453 211 122 2.015261 
211 122 76 367 1.000000 76 367 427 453 1.291887 427 453 211 122 1.412934 
187 159 163 211 1.000000 163 211 323 283 3.063554 323 283 187 159 3.213538 
187 159 163 211 1.000000 163 211 76 367 3.118835 76 367 187 159 4.116630 
187 159 163 211 1.000000 163 211 427 453 6.253292 427 453 187 159 6.626720 
323 283 187 159 1.000000 187 159 76 367 1.281027 76 367 323 283 1.417560 
187 159 323 283 1.000000 323 283 427 453 1.082835 427 453 187 159 2.062126 
187 159 76 367 1.000000 76 367 427 453 1.532808 427 453 187 159 1.609744 
323 283 163 211 1.000000 163 211 76 367 1.018045 76 367 323 283 1.486960 
163 211 323 283 1.000000 323 283 427 453 1.135848 427 453 163 211 2.041188 
76 367 163 211 1.000000 163 211 427 453 2.005009 427 453 76 367 2.023193 
427 453 323 283 1.000000 323 283 76 367 1.309119 76 367 427 453 1.813359 