9 8 84
0 257 129 
1 263 133 
2 80 134 
3 313 179 
4 389 201 
5 240 226 
6 128 228 
7 266 299 
8 319 368 
2 6
6 5
5 7
7 8
5 0
0 1
1 3
3 4
263 133 257 129 1.000000 257 129 80 134 24.555275 80 134 263 133 25.377913 
257 129 263 133 1.000000 263 133 313 179 9.421742 313 179 257 129 10.410793 
257 129 263 133 1.000000 263 133 389 201 19.855245 389 201 257 129 20.851121 
257 129 263 133 1.000000 263 133 240 226 13.285330 240 226 257 129 13.656500 
263 133 257 129 1.000000 257 129 128 228 22.549945 128 228 263 133 22.891886 
257 129 263 133 1.000000 263 133 266 299 23.023817 266 299 257 129 23.607773 
257 129 263 133 1.000000 263 133 319 368 33.501148 319 368 257 129 34.240383 
313 179 257 129 1.000000 257 129 80 134 2.358636 80 134 313 179 3.160987 
389 201 257 129 1.000000 257 129 80 134 1.177648 80 134 389 201 2.102828 
240 226 257 129 1.000000 257 129 80 134 1.798065 80 134 240 226 1.874160 
80 134 128 228 1.000000 128 228 257 129 1.540652 257 129 80 134 1.677660 
266 299 257 129 1.000000 257 129 80 134 1.040135 80 134 266 299 1.460533 
80 134 257 129 1.000000 257 129 319 368 1.394421 319 368 80 134 1.888965 
257 129 313 179 1.000000 313 179 389 201 1.053906 389 201 257 129 2.002837 
257 129 313 179 1.000000 313 179 240 226 1.156492 240 226 257 129 1.311764 
313 179 257 129 1.000000 257 129 128 228 2.166016 128 228 313 179 2.549231 
257 129 313 179 1.000000 313 179 266 299 1.716668 266 299 257 129 2.267625 
257 129 313 179 1.000000 313 179 319 368 2.518808 319 368 257 129 3.288931 
240 226 257 129 1.000000 257 129 389 201 1.526828 389 201 240 226 1.534171 
389 201 257 129 1.000000 257 129 128 228 1.081474 128 228 389 201 1.745102 
257 129 389 201 1.000000 389 201 266 299 1.045941 266 299 257 129 1.132206 
257 129 389 201 1.000000 389 201 319 368 1.204295 319 368 257 129 1.642136 
257 129 240 226 1.000000 240 226 128 228 1.137486 128 228 257 129 1.651224 
266 299 240 226 1.000000 240 226 257 129 1.270822 257 129 266 299 2.196849 
257 129 240 226 1.000000 240 226 319 368 1.650069 319 368 257 129 2.507259 
266 299 128 228 1.000000 128 228 257 129 1.047789 257 129 266 299 1.096941 
257 129 128 228 1.000000 128 228 319 368 1.456333 319 368 257 129 1.518424 
319 368 266 299 1.000000 266 299 257 129 1.956630 257 129 319 368 2.837869 
313 179 263 133 1.000000 263 133 80 134 2.693548 80 134 313 179 3.492813 
389 201 263 133 1.000000 263 133 80 134 1.278147 80 134 389 201 2.208299 
240 226 263 133 1.000000 263 133 80 134 1.910221 80 134 240 226 1.926521 
80 134 128 228 1.000000 128 228 263 133 1.564014 263 133 80 134 1.733864 
266 299 263 133 1.000000 263 133 80 134 1.102246 80 134 266 299 1.497576 
80 134 263 133 1.000000 263 133 319 368 1.320091 319 368 80 134 1.827733 
263 133 313 179 1.000000 313 179 389 201 1.164540 389 201 263 133 2.107386 
263 133 313 179 1.000000 313 179 240 226 1.277895 240 226 263 133 1.410071 
313 179 263 133 1.000000 263 133 128 228 2.429687 128 228 313 179 2.816838 
263 133 313 179 1.000000 313 179 266 299 1.896876 266 299 263 133 2.443690 
263 133 313 179 1.000000 313 179 319 368 2.783221 319 368 263 133 3.555727 
240 226 263 133 1.000000 263 133 389 201 1.494524 389 201 240 226 1.577033 
389 201 263 133 1.000000 263 133 128 228 1.152939 128 228 389 201 1.832631 
263 133 389 201 1.000000 389 201 266 299 1.098402 266 299 263 133 1.159584 
263 133 389 201 1.000000 389 201 319 368 1.264699 319 368 263 133 1.687269 
263 133 240 226 1.000000 240 226 128 228 1.169266 128 228 263 133 1.723095 
266 299 240 226 1.000000 240 226 263 133 1.236282 263 133 266 299 2.142508 
263 133 240 226 1.000000 240 226 319 368 1.696169 319 368 263 133 2.521665 
266 299 128 228 1.000000 128 228 263 133 1.063677 263 133 266 299 1.069808 
263 133 128 228 1.000000 128 228 319 368 1.434580 319 368 263 133 1.463451 
319 368 266 299 1.000000 266 299 263 133 1.908231 263 133 319 368 2.776601 
389 201 313 179 1.000000 313 179 80 134 2.999308 80 134 389 201 3.996204 
313 179 240 226 1.000000 240 226 80 134 2.125787 80 134 313 179 2.733255 
80 134 128 228 1.000000 128 228 313 179 1.813227 313 179 80 134 2.248359 
266 299 313 179 1.000000 313 179 80 134 1.841350 80 134 266 299 1.929284 
319 368 313 179 1.000000 313 179 80 134 1.254954 80 134 319 368 1.768845 
389 201 240 226 1.000000 240 226 80 134 1.221611 80 134 389 201 2.092762 
80 134 128 228 1.000000 128 228 389 201 2.486047 389 201 80 134 2.995658 
389 201 266 299 1.000000 266 299 80 134 1.580992 80 134 389 201 2.010465 
319 368 389 201 1.000000 389 201 80 134 1.746107 80 134 319 368 1.847168 
80 134 128 228 1.000000 128 228 240 226 1.061316 240 226 80 134 1.748659 
266 299 240 226 1.000000 240 226 80 134 2.381723 80 134 266 299 3.208570 
319 368 240 226 1.000000 240 226 80 134 1.135808 80 134 319 368 2.058388 
80 134 128 228 1.000000 128 228 266 299 1.470384 266 299 80 134 2.355729 
80 134 128 228 1.000000 128 228 319 368 2.243703 319 368 80 134 3.169041 
319 368 266 299 1.000000 266 299 80 134 2.857723 80 134 319 368 3.844346 
389 201 313 179 1.000000 313 179 240 226 1.097339 240 226 389 201 1.909536 
389 201 313 179 1.000000 313 179 128 228 2.418842 128 228 389 201 3.316384 
389 201 313 179 1.000000 313 179 266 299 1.628863 266 299 389 201 1.987702 
313 179 389 201 1.000000 389 201 319 368 2.288637 319 368 313 179 2.389975 
313 179 240 226 1.000000 240 226 128 228 1.290206 128 228 313 179 2.204280 
266 299 240 226 1.000000 240 226 313 179 1.120396 313 179 266 299 1.663088 
313 179 240 226 1.000000 240 226 319 368 1.871609 319 368 313 179 2.177973 
313 179 266 299 1.000000 266 299 128 228 1.204208 128 228 313 179 1.484988 
319 368 313 179 1.000000 313 179 128 228 1.012079 128 228 319 368 1.252355 
319 368 266 299 1.000000 266 299 313 179 1.481234 313 179 319 368 2.173365 
128 228 240 226 1.000000 240 226 389 201 1.348738 389 201 128 228 2.342420 
266 299 240 226 1.000000 240 226 389 201 1.949658 389 201 266 299 2.029467 
389 201 240 226 1.000000 240 226 319 368 1.075544 319 368 389 201 1.198531 
128 228 266 299 1.000000 266 299 389 201 1.013363 389 201 128 228 1.690747 
389 201 319 368 1.000000 319 368 128 228 1.307807 128 228 389 201 1.449065 
319 368 266 299 1.000000 266 299 389 201 1.807551 389 201 319 368 2.081211 
266 299 240 226 1.000000 240 226 128 228 1.445542 128 228 266 299 2.002704 
128 228 240 226 1.000000 240 226 319 368 1.450627 319 368 128 228 2.114076 
240 226 266 299 1.000000 266 299 319 368 1.122772 319 368 240 226 2.096943 
319 368 266 299 1.000000 266 299 128 228 1.783715 128 228 319 368 2.721823 