14 364
0 391 42 
1 213 76 
2 163 148 
3 247 159 
4 202 173 
5 429 214 
6 160 219 
7 608 244 
8 524 263 
9 266 273 
10 499 309 
11 271 380 
12 460 385 
13 427 451 
163 148 213 76 1.000000 213 76 391 42 2.067321 391 42 163 148 2.868359 
247 159 213 76 1.000000 213 76 391 42 2.020406 391 42 247 159 2.068588 
202 173 213 76 1.000000 213 76 391 42 1.856330 391 42 202 173 2.355632 
429 214 391 42 1.000000 391 42 213 76 1.028785 213 76 429 214 1.455143 
160 219 213 76 1.000000 213 76 391 42 1.188271 391 42 160 219 1.908226 
213 76 391 42 1.000000 391 42 608 244 1.635971 608 244 213 76 2.368651 
213 76 391 42 1.000000 391 42 524 263 1.423335 524 263 213 76 2.002511 
391 42 213 76 1.000000 213 76 266 273 1.125742 266 273 391 42 1.449369 
213 76 391 42 1.000000 391 42 499 309 1.589331 499 309 213 76 2.035652 
391 42 213 76 1.000000 213 76 271 380 1.707795 271 380 391 42 1.979216 
213 76 391 42 1.000000 391 42 460 385 1.930665 460 385 213 76 2.182940 
213 76 391 42 1.000000 391 42 427 451 2.265675 427 451 213 76 2.382571 
163 148 247 159 1.000000 247 159 391 42 2.190108 391 42 163 148 2.967944 
163 148 202 173 1.000000 202 173 391 42 4.964083 391 42 163 148 5.427657 
429 214 391 42 1.000000 391 42 163 148 1.427415 163 148 429 214 1.555886 
160 219 163 148 1.000000 163 148 391 42 3.538193 391 42 160 219 4.095155 
163 148 391 42 1.000000 391 42 608 244 1.179098 608 244 163 148 1.810550 
163 148 391 42 1.000000 391 42 524 263 1.025844 524 263 163 148 1.506844 
266 273 163 148 1.000000 163 148 391 42 1.552369 391 42 266 273 1.621617 
163 148 391 42 1.000000 391 42 499 309 1.145483 499 309 163 148 1.481815 
391 42 163 148 1.000000 163 148 271 380 1.017779 271 380 391 42 1.426486 
163 148 391 42 1.000000 391 42 460 385 1.391494 460 385 163 148 1.511205 
391 42 163 148 1.000000 163 148 427 451 1.598327 427 451 391 42 1.632946 
202 173 247 159 1.000000 247 159 391 42 3.936975 391 42 202 173 4.879549 
429 214 391 42 1.000000 391 42 247 159 1.053319 247 159 429 214 1.079372 
160 219 247 159 1.000000 247 159 391 42 1.755617 391 42 160 219 2.753651 
247 159 391 42 1.000000 391 42 608 244 1.597865 608 244 247 159 1.998881 
247 159 391 42 1.000000 391 42 524 263 1.390182 524 263 247 159 1.594699 
266 273 247 159 1.000000 247 159 391 42 1.605397 391 42 266 273 2.272616 
247 159 391 42 1.000000 391 42 499 309 1.552312 499 309 247 159 1.580601 
391 42 247 159 1.000000 247 159 271 380 1.198122 271 380 391 42 1.933115 
391 42 247 159 1.000000 247 159 460 385 1.673797 460 385 391 42 1.885695 
391 42 247 159 1.000000 247 159 427 451 1.848778 427 451 391 42 2.212902 
429 214 391 42 1.000000 391 42 202 173 1.305501 202 173 429 214 1.309543 
160 219 202 173 1.000000 202 173 391 42 3.691799 391 42 160 219 4.671972 
202 173 391 42 1.000000 391 42 608 244 1.289209 608 244 202 173 1.792311 
202 173 391 42 1.000000 391 42 524 263 1.121643 524 263 202 173 1.453905 
266 273 202 173 1.000000 202 173 391 42 1.936895 391 42 266 273 2.212242 
202 173 391 42 1.000000 391 42 499 309 1.252455 499 309 202 173 1.420491 
271 380 202 173 1.000000 202 173 391 42 1.053913 391 42 271 380 1.643788 
391 42 202 173 1.000000 202 173 460 385 1.452109 460 385 391 42 1.521439 
391 42 202 173 1.000000 202 173 427 451 1.555237 427 451 391 42 1.785440 
391 42 429 214 1.000000 429 214 160 219 1.527392 160 219 391 42 1.652111 
391 42 429 214 1.000000 429 214 608 244 1.030366 608 244 391 42 1.683063 
524 263 429 214 1.000000 429 214 391 42 1.647896 391 42 524 263 2.413024 
266 273 429 214 1.000000 429 214 391 42 1.016143 391 42 266 273 1.515159 
499 309 429 214 1.000000 429 214 391 42 1.492723 391 42 499 309 2.440723 
391 42 429 214 1.000000 429 214 271 380 1.301024 271 380 391 42 2.036188 
460 385 429 214 1.000000 429 214 391 42 1.013582 391 42 460 385 2.013217 
391 42 429 214 1.000000 429 214 427 451 1.345510 427 451 391 42 2.330893 
160 219 391 42 1.000000 391 42 608 244 1.018735 608 244 160 219 1.541832 
524 263 391 42 1.000000 391 42 160 219 1.128255 160 219 524 263 1.421486 
160 219 266 273 1.000000 266 273 391 42 2.207860 391 42 160 219 2.446286 
499 309 391 42 1.000000 391 42 160 219 1.010416 160 219 499 309 1.217793 
271 380 160 219 1.000000 160 219 391 42 1.488147 391 42 271 380 1.834106 
391 42 160 219 1.000000 160 219 460 385 1.178166 460 385 391 42 1.202243 
391 42 160 219 1.000000 160 219 427 451 1.215445 427 451 391 42 1.410857 
608 244 524 263 1.000000 524 263 391 42 2.994985 391 42 608 244 3.442413 
266 273 391 42 1.000000 391 42 608 244 1.128747 608 244 266 273 1.306777 
608 244 499 309 1.000000 499 309 391 42 2.269458 391 42 608 244 2.336056 
608 244 391 42 1.000000 391 42 271 380 1.209811 271 380 608 244 1.225792 
460 385 608 244 1.000000 608 244 391 42 1.450330 391 42 460 385 1.711584 
427 451 608 244 1.000000 608 244 391 42 1.078171 391 42 427 451 1.493171 
391 42 524 263 1.000000 524 263 266 273 1.001007 266 273 391 42 1.018291 
499 309 524 263 1.000000 524 263 391 42 4.926679 391 42 499 309 5.501252 
391 42 524 263 1.000000 524 263 271 380 1.080678 271 380 391 42 1.390548 
460 385 524 263 1.000000 524 263 391 42 1.872236 391 42 460 385 2.539571 
427 451 524 263 1.000000 524 263 391 42 1.219264 391 42 427 451 1.940833 
499 309 266 273 1.000000 266 273 391 42 1.114042 391 42 499 309 1.221623 
271 380 266 273 1.000000 266 273 391 42 2.452015 391 42 271 380 3.348400 
460 385 266 273 1.000000 266 273 391 42 1.172506 391 42 460 385 1.561864 
427 451 266 273 1.000000 266 273 391 42 1.094335 391 42 427 451 1.710681 
271 380 499 309 1.000000 499 309 391 42 1.206100 391 42 271 380 1.501973 
460 385 499 309 1.000000 499 309 391 42 3.371661 391 42 460 385 4.095777 
427 451 499 309 1.000000 499 309 391 42 1.809023 391 42 427 451 2.578857 
271 380 460 385 1.000000 460 385 391 42 1.850524 391 42 271 380 1.897060 
427 451 271 380 1.000000 271 380 391 42 2.092623 391 42 427 451 2.395496 
427 451 460 385 1.000000 460 385 391 42 4.741432 391 42 427 451 5.564168 
247 159 163 148 1.000000 163 148 213 76 1.034718 213 76 247 159 1.058745 
202 173 163 148 1.000000 163 148 213 76 1.892251 213 76 202 173 2.107325 
163 148 213 76 1.000000 213 76 429 214 2.924078 429 214 163 148 3.126518 
160 219 163 148 1.000000 163 148 213 76 1.233525 213 76 160 219 2.146053 
163 148 213 76 1.000000 213 76 608 244 4.896761 608 244 163 148 5.193309 
163 148 213 76 1.000000 213 76 524 263 4.139832 524 263 163 148 4.322170 
213 76 163 148 1.000000 163 148 266 273 1.847730 266 273 213 76 2.327271 
163 148 213 76 1.000000 213 76 499 309 4.208346 499 309 163 148 4.250379 
213 76 163 148 1.000000 163 148 271 380 2.919357 271 380 213 76 3.530561 
213 76 163 148 1.000000 163 148 460 385 4.334678 460 385 213 76 4.512837 
213 76 163 148 1.000000 163 148 427 451 4.584577 427 451 213 76 4.925539 
202 173 247 159 1.000000 247 159 213 76 1.903219 213 76 202 173 2.071439 
213 76 247 159 1.000000 247 159 429 214 2.119752 429 214 213 76 2.857720 
213 76 247 159 1.000000 247 159 160 219 1.178268 160 219 213 76 1.700291 
213 76 247 159 1.000000 247 159 608 244 4.134861 608 244 213 76 4.785635 
213 76 247 159 1.000000 247 159 524 263 3.298775 524 263 213 76 4.045884 
213 76 247 159 1.000000 247 159 266 273 1.288521 266 273 213 76 2.274456 
213 76 247 159 1.000000 247 159 499 309 3.269613 499 309 213 76 4.112843 
213 76 247 159 1.000000 247 159 271 380 2.478421 271 380 213 76 3.450439 
213 76 247 159 1.000000 247 159 460 385 3.462397 460 385 213 76 4.410423 
213 76 247 159 1.000000 247 159 427 451 3.824360 427 451 213 76 4.813760 
213 76 202 173 1.000000 202 173 429 214 2.362926 429 214 213 76 2.625646 
160 219 202 173 1.000000 202 173 213 76 1.567222 213 76 160 219 2.448332 
213 76 202 173 1.000000 202 173 608 244 4.222025 608 244 213 76 4.396996 
213 76 202 173 1.000000 202 173 524 263 3.424864 524 263 213 76 3.717320 
213 76 202 173 1.000000 202 173 266 273 1.216190 266 273 213 76 2.089749 
213 76 202 173 1.000000 202 173 499 309 3.346154 499 309 213 76 3.778842 
213 76 202 173 1.000000 202 173 271 380 2.235129 271 380 213 76 3.170231 
213 76 202 173 1.000000 202 173 460 385 3.420634 460 385 213 76 4.052256 
213 76 202 173 1.000000 202 173 427 451 3.663567 427 451 213 76 4.422837 
160 219 213 76 1.000000 213 76 429 214 1.680724 429 214 160 219 1.764173 
608 244 429 214 1.000000 429 214 213 76 1.412259 213 76 608 244 2.365017 
524 263 429 214 1.000000 429 214 213 76 2.397925 213 76 524 263 3.394918 
429 214 266 273 1.000000 266 273 213 76 1.176843 213 76 429 214 1.478633 
499 309 429 214 1.000000 429 214 213 76 2.172126 213 76 499 309 3.126134 
271 380 429 214 1.000000 429 214 213 76 1.118460 213 76 271 380 1.350439 
460 385 429 214 1.000000 429 214 213 76 1.474908 213 76 460 385 2.276279 
427 451 429 214 1.000000 429 214 213 76 1.081481 213 76 427 451 1.821728 
160 219 213 76 1.000000 213 76 608 244 2.814598 608 244 160 219 2.942165 
160 219 213 76 1.000000 213 76 524 263 2.379525 524 263 160 219 2.404170 
266 273 160 219 1.000000 160 219 213 76 1.281968 213 76 266 273 1.714872 
213 76 160 219 1.000000 160 219 499 309 2.299871 499 309 213 76 2.418906 
213 76 160 219 1.000000 160 219 271 380 1.282284 271 380 213 76 2.029323 
213 76 160 219 1.000000 160 219 460 385 2.248207 460 385 213 76 2.593923 
213 76 160 219 1.000000 160 219 427 451 2.319343 427 451 213 76 2.831139 
608 244 524 263 1.000000 524 263 213 76 4.213687 213 76 608 244 4.984119 
213 76 266 273 1.000000 266 273 608 244 1.682446 608 244 213 76 2.104079 
608 244 499 309 1.000000 499 309 213 76 2.906774 213 76 608 244 3.382273 
213 76 271 380 1.000000 271 380 608 244 1.174239 608 244 213 76 1.386964 
608 244 460 385 1.000000 460 385 213 76 1.935232 213 76 608 244 2.099870 
427 451 608 244 1.000000 608 244 213 76 1.561036 213 76 427 451 1.570210 
213 76 266 273 1.000000 266 273 524 263 1.265625 524 263 213 76 1.778836 
499 309 524 263 1.000000 524 263 213 76 6.931415 213 76 499 309 7.046129 
524 263 271 380 1.000000 271 380 213 76 1.110280 213 76 524 263 1.301882 
460 385 524 263 1.000000 524 263 213 76 2.634076 213 76 460 385 2.871410 
427 451 524 263 1.000000 524 263 213 76 1.715400 213 76 427 451 2.040969 
213 76 266 273 1.000000 266 273 499 309 1.155682 499 309 213 76 1.808275 
271 380 266 273 1.000000 266 273 213 76 1.904510 213 76 271 380 2.889216 
213 76 266 273 1.000000 266 273 460 385 1.098057 460 385 213 76 1.939111 
213 76 266 273 1.000000 266 273 427 451 1.176493 427 451 213 76 2.116444 
499 309 271 380 1.000000 271 380 213 76 1.295999 213 76 499 309 1.544801 
460 385 499 309 1.000000 499 309 213 76 4.318500 213 76 460 385 4.630961 
427 451 499 309 1.000000 499 309 213 76 2.317039 213 76 427 451 2.711912 
460 385 271 380 1.000000 271 380 213 76 1.636906 213 76 460 385 2.092327 
427 451 271 380 1.000000 271 380 213 76 1.805651 213 76 427 451 2.519090 
427 451 460 385 1.000000 460 385 213 76 5.360982 213 76 427 451 5.851248 
163 148 202 173 1.000000 202 173 247 159 1.017324 247 159 163 148 1.828760 
163 148 247 159 1.000000 247 159 429 214 2.244278 429 214 163 148 3.235066 
160 219 163 148 1.000000 163 148 247 159 1.192136 247 159 160 219 1.487173 
163 148 247 159 1.000000 247 159 608 244 4.377766 608 244 163 148 5.373613 
163 148 247 159 1.000000 247 159 524 263 3.492563 524 263 163 148 4.472229 
163 148 247 159 1.000000 247 159 266 273 1.364216 266 273 163 148 1.911881 
163 148 247 159 1.000000 247 159 499 309 3.461687 499 309 163 148 4.397946 
163 148 247 159 1.000000 247 159 271 380 2.624017 271 380 163 148 3.020712 
163 148 247 159 1.000000 247 159 460 385 3.665797 460 385 163 148 4.485171 
163 148 247 159 1.000000 247 159 427 451 4.049024 427 451 163 148 4.743747 
163 148 202 173 1.000000 202 173 429 214 4.979455 429 214 163 148 5.916159 
163 148 202 173 1.000000 202 173 160 219 1.344624 160 219 163 148 1.534019 
163 148 202 173 1.000000 202 173 608 244 8.897181 608 244 163 148 9.827046 
163 148 202 173 1.000000 202 173 524 263 7.217303 524 263 163 148 8.178632 
163 148 202 173 1.000000 202 173 266 273 2.562908 266 273 163 148 3.496370 
163 148 202 173 1.000000 202 173 499 309 7.051435 499 309 163 148 8.042785 
163 148 202 173 1.000000 202 173 271 380 4.710145 271 380 163 148 5.524157 
163 148 202 173 1.000000 202 173 460 385 7.208388 460 385 163 148 8.202300 
163 148 202 173 1.000000 202 173 427 451 7.720327 427 451 163 148 8.675173 
163 148 160 219 1.000000 160 219 429 214 3.786009 429 214 163 148 3.856639 
608 244 429 214 1.000000 429 214 163 148 1.510032 163 148 608 244 2.508242 
524 263 429 214 1.000000 429 214 163 148 2.563938 163 148 524 263 3.544447 
163 148 266 273 1.000000 266 273 429 214 1.070262 429 214 163 148 1.692086 
499 309 429 214 1.000000 429 214 163 148 2.322507 163 148 499 309 3.157357 
429 214 271 380 1.000000 271 380 163 148 1.116654 163 148 429 214 1.195893 
460 385 429 214 1.000000 429 214 163 148 1.577019 163 148 460 385 2.186415 
427 451 429 214 1.000000 429 214 163 148 1.156354 163 148 427 451 1.695623 
163 148 160 219 1.000000 160 219 608 244 6.314042 608 244 163 148 6.406077 
163 148 160 219 1.000000 160 219 524 263 5.159477 524 263 163 148 5.331505 
163 148 160 219 1.000000 160 219 266 273 1.674030 266 273 163 148 2.279222 
163 148 160 219 1.000000 160 219 499 309 4.935645 499 309 163 148 5.242949 
163 148 160 219 1.000000 160 219 271 380 2.751849 271 380 163 148 3.601100 
163 148 160 219 1.000000 160 219 460 385 4.824771 460 385 163 148 5.346934 
163 148 160 219 1.000000 160 219 427 451 4.977434 427 451 163 148 5.655191 
608 244 524 263 1.000000 524 263 163 148 4.399278 163 148 608 244 5.285958 
163 148 266 273 1.000000 266 273 608 244 2.119091 608 244 163 148 2.810642 
608 244 499 309 1.000000 499 309 163 148 2.935807 163 148 608 244 3.587104 
163 148 271 380 1.000000 271 380 608 244 1.420081 608 244 163 148 1.778922 
608 244 460 385 1.000000 460 385 163 148 1.858833 163 148 608 244 2.227038 
608 244 427 451 1.000000 427 451 163 148 1.461515 163 148 608 244 1.655573 
163 148 266 273 1.000000 266 273 524 263 1.594092 524 263 163 148 2.339178 
524 263 499 309 1.000000 499 309 163 148 7.116506 163 148 524 263 7.236708 
163 148 271 380 1.000000 271 380 524 263 1.089241 524 263 163 148 1.480521 
460 385 524 263 1.000000 524 263 163 148 2.750093 163 148 460 385 2.758052 
427 451 524 263 1.000000 524 263 163 148 1.790954 163 148 427 451 1.899686 
163 148 266 273 1.000000 266 273 499 309 1.455615 499 309 163 148 2.300324 
271 380 266 273 1.000000 266 273 163 148 1.512080 163 148 271 380 2.389040 
163 148 266 273 1.000000 266 273 460 385 1.383035 460 385 163 148 2.345947 
163 148 266 273 1.000000 266 273 427 451 1.481828 427 451 163 148 2.481194 
499 309 271 380 1.000000 271 380 163 148 1.071638 163 148 499 309 1.560230 
460 385 499 309 1.000000 499 309 163 148 4.361633 163 148 460 385 4.448139 
427 451 499 309 1.000000 499 309 163 148 2.340181 163 148 427 451 2.524185 
460 385 271 380 1.000000 271 380 163 148 1.353528 163 148 460 385 2.009726 
427 451 271 380 1.000000 271 380 163 148 1.493060 163 148 427 451 2.344711 
427 451 460 385 1.000000 460 385 163 148 5.149340 163 148 427 451 5.446206 
202 173 247 159 1.000000 247 159 429 214 4.034353 429 214 202 173 4.894658 
247 159 202 173 1.000000 202 173 160 219 1.321726 160 219 247 159 2.242502 
202 173 247 159 1.000000 247 159 608 244 7.869546 608 244 202 173 8.745669 
202 173 247 159 1.000000 247 159 524 263 6.278290 524 263 202 173 7.094398 
202 173 247 159 1.000000 247 159 266 273 2.452337 266 273 202 173 2.519264 
202 173 247 159 1.000000 247 159 499 309 6.222789 499 309 202 173 6.931354 
247 159 202 173 1.000000 202 173 271 380 4.629934 271 380 247 159 4.716979 
202 173 247 159 1.000000 247 159 460 385 6.589699 460 385 202 173 7.085634 
202 173 247 159 1.000000 247 159 427 451 7.278594 427 451 202 173 7.588855 
160 219 247 159 1.000000 247 159 429 214 1.799041 429 214 160 219 2.545776 
608 244 429 214 1.000000 429 214 247 159 1.047562 247 159 608 244 2.043410 
524 263 429 214 1.000000 429 214 247 159 1.778693 247 159 524 263 2.768016 
247 159 266 273 1.000000 266 273 429 214 1.499919 429 214 247 159 1.645105 
499 309 429 214 1.000000 429 214 247 159 1.611204 247 159 499 309 2.485202 
429 214 247 159 1.000000 247 159 271 380 1.169203 271 380 429 214 1.205353 
460 385 429 214 1.000000 429 214 247 159 1.094033 247 159 460 385 1.786990 
247 159 429 214 1.000000 429 214 427 451 1.246567 427 451 247 159 1.804154 
160 219 247 159 1.000000 247 159 608 244 3.509270 608 244 160 219 4.245668 
160 219 247 159 1.000000 247 159 524 263 2.799681 524 263 160 219 3.469319 
160 219 247 159 1.000000 247 159 266 273 1.093572 266 273 160 219 1.125646 
160 219 247 159 1.000000 247 159 499 309 2.774931 499 309 160 219 3.318811 
247 159 160 219 1.000000 160 219 271 380 1.850389 271 380 247 159 2.103444 
160 219 247 159 1.000000 247 159 460 385 2.938547 460 385 160 219 3.244257 
160 219 247 159 1.000000 247 159 427 451 3.245747 427 451 160 219 3.346910 
608 244 524 263 1.000000 524 263 247 159 3.435592 247 159 608 244 4.306355 
247 159 266 273 1.000000 266 273 608 244 2.969801 608 244 247 159 3.208999 
608 244 499 309 1.000000 499 309 247 159 2.310817 247 159 608 244 2.922336 
247 159 271 380 1.000000 271 380 608 244 1.634766 608 244 247 159 1.668345 
608 244 460 385 1.000000 460 385 247 159 1.519251 247 159 608 244 1.814320 
608 244 427 451 1.000000 427 451 247 159 1.247476 247 159 608 244 1.348759 
247 159 266 273 1.000000 266 273 524 263 2.234041 524 263 247 159 2.560125 
524 263 499 309 1.000000 499 309 247 159 5.601506 247 159 524 263 5.651466 
247 159 271 380 1.000000 271 380 524 263 1.253911 524 263 247 159 1.330998 
460 385 524 263 1.000000 524 263 247 159 2.147670 247 159 460 385 2.254196 
427 451 524 263 1.000000 524 263 247 159 1.398636 247 159 427 451 1.621477 
247 159 266 273 1.000000 266 273 499 309 2.039973 499 309 247 159 2.537493 
271 380 266 273 1.000000 266 273 247 159 1.078939 247 159 271 380 2.075299 
247 159 266 273 1.000000 266 273 460 385 1.938255 460 385 247 159 2.687110 
247 159 266 273 1.000000 266 273 427 451 2.076709 427 451 247 159 2.968024 
247 159 271 380 1.000000 271 380 499 309 1.074223 499 309 247 159 1.319232 
460 385 499 309 1.000000 499 309 247 159 3.433106 247 159 460 385 3.635530 
427 451 499 309 1.000000 499 309 247 159 1.841991 247 159 427 451 2.154517 
460 385 271 380 1.000000 271 380 247 159 1.175776 247 159 460 385 1.642578 
427 451 271 380 1.000000 271 380 247 159 1.296984 247 159 427 451 2.001327 
427 451 460 385 1.000000 460 385 247 159 4.208632 247 159 427 451 4.648607 
160 219 202 173 1.000000 202 173 429 214 3.703231 429 214 160 219 4.319281 
608 244 429 214 1.000000 429 214 202 173 1.270949 202 173 608 244 2.270905 
524 263 429 214 1.000000 429 214 202 173 2.157990 202 173 524 263 3.127827 
202 173 266 273 1.000000 266 273 429 214 1.460072 429 214 202 173 1.942892 
499 309 429 214 1.000000 429 214 202 173 1.954785 202 173 499 309 2.768183 
202 173 271 380 1.000000 271 380 429 214 1.050300 429 214 202 173 1.057177 
460 385 429 214 1.000000 429 214 202 173 1.327330 202 173 460 385 1.921477 
202 173 429 214 1.000000 429 214 427 451 1.027465 427 451 202 173 1.550436 
160 219 202 173 1.000000 202 173 608 244 6.616852 608 244 160 219 7.203396 
160 219 202 173 1.000000 202 173 524 263 5.367524 524 263 160 219 5.886206 
160 219 202 173 1.000000 202 173 266 273 1.906040 266 273 160 219 1.909823 
160 219 202 173 1.000000 202 173 499 309 5.244167 499 309 160 219 5.630847 
202 173 160 219 1.000000 160 219 271 380 3.139456 271 380 202 173 3.502944 
160 219 202 173 1.000000 202 173 460 385 5.360893 460 385 160 219 5.504356 
202 173 160 219 1.000000 160 219 427 451 5.678523 427 451 202 173 5.741623 
608 244 524 263 1.000000 524 263 202 173 3.882180 202 173 608 244 4.785785 
202 173 266 273 1.000000 266 273 608 244 2.890906 608 244 202 173 3.471517 
608 244 499 309 1.000000 499 309 202 173 2.573941 202 173 608 244 3.247682 
202 173 271 380 1.000000 271 380 608 244 1.665501 608 244 202 173 1.888940 
608 244 460 385 1.000000 460 385 202 173 1.633589 202 173 608 244 2.016309 
608 244 427 451 1.000000 427 451 202 173 1.300651 202 173 608 244 1.498917 
202 173 266 273 1.000000 266 273 524 263 2.174692 524 263 202 173 2.816060 
524 263 499 309 1.000000 499 309 202 173 6.239329 202 173 524 263 6.386094 
202 173 271 380 1.000000 271 380 524 263 1.277485 524 263 202 173 1.532289 
524 263 460 385 1.000000 460 385 202 173 2.423845 202 173 524 263 2.426843 
427 451 524 263 1.000000 524 263 202 173 1.580443 202 173 427 451 1.690595 
202 173 266 273 1.000000 266 273 499 309 1.985779 499 309 202 173 2.751341 
271 380 266 273 1.000000 266 273 202 173 1.108385 202 173 271 380 2.037003 
202 173 266 273 1.000000 266 273 460 385 1.886763 460 385 202 173 2.812581 
202 173 266 273 1.000000 266 273 427 451 2.021539 427 451 202 173 3.012330 
202 173 271 380 1.000000 271 380 499 309 1.094419 499 309 202 173 1.497074 
460 385 499 309 1.000000 499 309 202 173 3.824021 202 173 460 385 3.909137 
427 451 499 309 1.000000 499 309 202 173 2.051732 202 173 427 451 2.246357 
460 385 271 380 1.000000 271 380 202 173 1.154079 202 173 460 385 1.766198 
427 451 271 380 1.000000 271 380 202 173 1.273050 202 173 427 451 2.086637 
427 451 460 385 1.000000 460 385 202 173 4.525370 202 173 427 451 4.846761 
608 244 429 214 1.000000 429 214 160 219 1.482378 160 219 608 244 2.472207 
524 263 429 214 1.000000 429 214 160 219 2.516982 160 219 524 263 3.430080 
160 219 266 273 1.000000 266 273 429 214 1.457180 429 214 160 219 2.261613 
499 309 429 214 1.000000 429 214 160 219 2.279973 160 219 499 309 2.972296 
160 219 271 380 1.000000 271 380 429 214 1.171904 429 214 160 219 1.375805 
460 385 429 214 1.000000 429 214 160 219 1.548137 160 219 460 385 1.972898 
427 451 429 214 1.000000 429 214 160 219 1.135177 160 219 427 451 1.492407 
608 244 524 263 1.000000 524 263 429 214 1.241175 429 214 608 244 2.107435 
266 273 429 214 1.000000 429 214 608 244 1.046999 608 244 266 273 1.979975 
429 214 499 309 1.000000 499 309 608 244 1.075465 608 244 429 214 1.538051 
608 244 429 214 1.000000 429 214 271 380 1.262682 271 380 608 244 2.002283 
460 385 429 214 1.000000 429 214 608 244 1.044361 608 244 460 385 1.176230 
608 244 429 214 1.000000 429 214 427 451 1.305856 427 451 608 244 1.515030 
524 263 429 214 1.000000 429 214 266 273 1.621717 266 273 524 263 2.415453 
499 309 524 263 1.000000 524 263 429 214 2.041703 429 214 499 309 2.253944 
524 263 429 214 1.000000 429 214 271 380 2.143953 271 380 524 263 2.607701 
429 214 524 263 1.000000 524 263 460 385 1.288846 460 385 429 214 1.625814 
429 214 524 263 1.000000 524 263 427 451 1.979083 427 451 429 214 2.217260 
499 309 429 214 1.000000 429 214 266 273 1.469010 266 273 499 309 1.997934 
271 380 266 273 1.000000 266 273 429 214 1.618322 429 214 271 380 2.139464 
266 273 429 214 1.000000 429 214 460 385 1.002526 460 385 266 273 1.292240 
266 273 429 214 1.000000 429 214 427 451 1.367230 427 451 266 273 1.384547 
499 309 429 214 1.000000 429 214 271 380 1.942069 271 380 499 309 2.023648 
460 385 499 309 1.000000 499 309 429 214 1.381419 429 214 460 385 2.034444 
429 214 499 309 1.000000 499 309 427 451 1.349194 427 451 429 214 2.008474 
429 214 460 385 1.000000 460 385 271 380 1.087917 271 380 429 214 1.318695 
427 451 271 380 1.000000 271 380 429 214 1.337084 429 214 427 451 1.382802 
427 451 460 385 1.000000 460 385 429 214 2.355152 429 214 427 451 3.211921 
608 244 524 263 1.000000 524 263 160 219 4.257329 160 219 608 244 5.210016 
160 219 266 273 1.000000 266 273 608 244 2.885180 608 244 160 219 3.771762 
608 244 499 309 1.000000 499 309 160 219 2.763731 160 219 608 244 3.535569 
160 219 271 380 1.000000 271 380 608 244 1.858333 608 244 160 219 2.294473 
608 244 460 385 1.000000 460 385 160 219 1.677306 160 219 608 244 2.195043 
608 244 427 451 1.000000 427 451 160 219 1.286357 160 219 608 244 1.631787 
160 219 266 273 1.000000 266 273 524 263 2.170385 524 263 160 219 3.082069 
524 263 499 309 1.000000 499 309 160 219 6.699388 160 219 524 263 7.003205 
160 219 271 380 1.000000 271 380 524 263 1.425393 524 263 160 219 1.874913 
524 263 460 385 1.000000 460 385 160 219 2.488710 160 219 524 263 2.661358 
524 263 427 451 1.000000 427 451 160 219 1.672015 160 219 524 263 1.733166 
160 219 266 273 1.000000 266 273 499 309 1.981846 499 309 160 219 2.948361 
271 380 266 273 1.000000 266 273 160 219 1.110584 160 219 271 380 1.825630 
160 219 266 273 1.000000 266 273 460 385 1.883026 460 385 160 219 2.882129 
160 219 266 273 1.000000 266 273 427 451 2.017535 427 451 160 219 2.973324 
160 219 271 380 1.000000 271 380 499 309 1.221131 499 309 160 219 1.793574 
499 309 460 385 1.000000 460 385 160 219 4.013749 160 219 499 309 4.105986 
427 451 499 309 1.000000 499 309 160 219 2.203017 160 219 427 451 2.221669 
460 385 271 380 1.000000 271 380 160 219 1.034324 160 219 460 385 1.813463 
427 451 271 380 1.000000 271 380 160 219 1.140950 160 219 427 451 2.063704 
427 451 460 385 1.000000 460 385 160 219 4.646473 160 219 427 451 4.793495 
608 244 524 263 1.000000 524 263 266 273 2.997999 266 273 608 244 3.985362 
499 309 524 263 1.000000 524 263 608 244 1.644976 608 244 499 309 2.424037 
608 244 524 263 1.000000 524 263 271 380 3.236613 271 380 608 244 4.219682 
608 244 524 263 1.000000 524 263 460 385 1.599683 460 385 608 244 2.373537 
608 244 524 263 1.000000 524 263 427 451 2.456388 427 451 608 244 3.192828 
608 244 499 309 1.000000 499 309 266 273 1.857740 266 273 608 244 2.704506 
271 380 266 273 1.000000 266 273 608 244 3.204236 608 244 271 380 3.392630 
608 244 460 385 1.000000 460 385 266 273 1.095860 266 273 608 244 1.679081 
266 273 427 451 1.000000 427 451 608 244 1.145670 608 244 266 273 1.430052 
608 244 499 309 1.000000 499 309 271 380 1.881650 271 380 608 244 2.863519 
460 385 499 309 1.000000 499 309 608 244 1.485668 608 244 460 385 2.392974 
608 244 499 309 1.000000 499 309 427 451 1.254521 427 451 608 244 2.166685 
271 380 460 385 1.000000 460 385 608 244 1.081176 608 244 271 380 1.922118 
271 380 427 451 1.000000 427 451 608 244 1.604301 608 244 271 380 2.120265 
427 451 460 385 1.000000 460 385 608 244 2.770201 608 244 427 451 3.726410 
524 263 499 309 1.000000 499 309 266 273 4.503232 266 273 524 263 4.931638 
271 380 266 273 1.000000 266 273 524 263 2.410395 524 263 271 380 2.602241 
524 263 460 385 1.000000 460 385 266 273 1.625988 266 273 524 263 1.874121 
524 263 427 451 1.000000 427 451 266 273 1.134538 266 273 524 263 1.220491 
524 263 499 309 1.000000 499 309 271 380 4.561190 271 380 524 263 5.324151 
524 263 499 309 1.000000 499 309 460 385 1.631615 460 385 524 263 2.631441 
524 263 499 309 1.000000 499 309 427 451 3.041006 427 451 524 263 4.040700 
524 263 460 385 1.000000 460 385 271 380 1.372352 271 380 524 263 2.023284 
271 380 427 451 1.000000 427 451 524 263 1.234262 524 263 271 380 1.626302 
427 451 460 385 1.000000 460 385 524 263 1.867021 524 263 427 451 2.866897 
271 380 266 273 1.000000 266 273 499 309 2.201007 499 309 271 380 2.229334 
499 309 460 385 1.000000 460 385 266 273 2.622365 266 273 499 309 2.759984 
427 451 499 309 1.000000 499 309 266 273 1.480836 266 273 427 451 1.507503 
266 273 271 380 1.000000 271 380 460 385 1.765047 460 385 266 273 2.091259 
266 273 271 380 1.000000 271 380 427 451 1.600097 427 451 266 273 2.240643 
427 451 460 385 1.000000 460 385 266 273 3.035753 266 273 427 451 3.252604 
499 309 460 385 1.000000 460 385 271 380 2.213306 271 380 499 309 2.795506 
499 309 427 451 1.000000 427 451 271 380 1.076544 271 380 499 309 1.499895 
427 451 460 385 1.000000 460 385 499 309 1.157639 499 309 427 451 2.157610 
460 385 427 451 1.000000 427 451 271 380 2.322762 271 380 460 385 2.562210 